# Time (s)
0.044376
# Mem(KB) tseries,means,norms,df,dg,profile,profileIndex,Total(MB)
62.48,61.55,61.55,61.55,61.55,61.55,61.55,0.42
# Profile Length
7878
# i,tseries,profile,index
0,-1.15009999999999990,6.48024944071111442,152
1,-1.15369999999999995,6.49143340004695357,153
2,-1.15769999999999995,6.46583984103069831,154
3,-1.10359999999999991,6.47211313673396393,155
4,-1.13789999999999991,6.45637666784245390,156
5,-1.15559999999999996,6.45360043646111858,157
6,-1.11820000000000008,6.46321220900208981,158
7,-1.04459999999999997,6.45230883130117672,159
8,-1.07590000000000008,6.44318608864968478,160
9,-1.04370000000000007,6.44852795855920569,161
10,-1.08699999999999997,6.45297379881211519,162
11,-1.28810000000000002,6.47983322154610342,163
12,-1.29360000000000008,6.73391135689491094,163
13,-1.24910000000000010,7.02302503048589966,164
14,-1.27919999999999989,7.28529224092898176,165
15,-1.24429999999999996,7.29520108253435673,166
16,-1.28340000000000010,7.30177649721285071,167
17,-1.29990000000000006,7.30434373001591641,168
18,-1.21680000000000010,7.30620126435834294,169
19,-1.21209999999999996,7.30342615405724782,170
20,-1.18379999999999996,7.30124131718539804,171
21,-1.09820000000000007,7.29517818272310059,172
22,-0.54498999999999997,7.28232900896482160,173
23,-0.87970000000000004,7.22284518425064892,174
24,-0.67108999999999996,7.19530231617508864,175
25,-0.51644999999999996,7.15243524590714586,176
26,-0.24421999999999999,7.09587415694318846,177
27,-0.26008999999999999,7.03318465480473431,178
28,-0.19708999999999999,6.94153751562807031,179
29,-0.13583000000000001,6.85732191391765156,180
30,-0.08462799999999999,6.78213759704070451,181
31,0.04246100000000000,6.71076923709856832,182
32,0.05598800000000000,6.65308172733044234,183
33,0.35402000000000000,6.57891886215998944,185
34,0.38386999999999999,6.53394477116935413,186
35,0.36862000000000000,6.48817585239751349,187
36,0.70564000000000004,6.45494903375061213,188
37,-0.89215000000000000,6.44459086221977273,189
38,-0.90398000000000001,6.18821276093644546,189
39,-0.28478999999999999,6.03705556660736953,189
40,-0.19500999999999999,6.00565079004530666,190
41,-0.10863000000000000,5.84249847150011892,121
42,0.73107999999999995,5.69554148008091321,122
43,0.73301000000000005,5.67512982633004537,123
44,0.75353000000000003,5.66590104864466237,124
45,0.77298999999999995,5.66983953204460356,125
46,0.77212000000000003,5.66973182596475223,126
47,0.77080000000000004,5.68019942882540807,127
48,0.72870999999999997,5.76984723554875156,198
49,0.89627000000000001,5.77592094764875785,199
50,0.72606999999999999,5.79177557673055787,200
51,0.35120000000000001,5.80193325549036398,201
52,0.31738000000000000,5.78027781319812917,203
53,0.26816000000000001,5.69400577546672260,290
54,0.52776999999999996,5.54055534990740739,291
55,0.28147000000000000,5.31358143683444251,292
56,0.23785999999999999,5.12880286664015461,293
57,0.08365700000000000,4.94747974156207082,294
58,0.10611000000000000,4.78439827483284397,295
59,-0.06751799999999999,4.59455690001438821,296
60,-0.17873000000000000,4.44057246124014871,297
61,-0.28029999999999999,4.31157786018431821,298
62,-0.32516000000000000,4.20928145971965950,299
63,-0.52273999999999998,4.13968401300061561,300
64,-0.63346000000000002,4.05943753860968393,301
65,0.52105999999999997,3.99598815969082066,302
66,0.53290000000000004,3.69191822621720522,303
67,-1.31030000000000002,3.27932527935740747,304
68,-1.33410000000000006,3.27791577929270606,305
69,-1.33980000000000010,3.29341706663126388,306
70,-1.33460000000000001,3.30330869338591437,307
71,-1.33590000000000009,3.42984614417285627,308
72,-1.20940000000000003,3.42700835573528373,309
73,-1.16240000000000010,3.41788207472632832,310
74,-1.08250000000000002,3.41721361032214155,311
75,-1.03810000000000002,3.41639790060176596,312
76,-1.03000000000000003,3.60117979116367071,313
77,-1.12129999999999996,3.59035192368101486,314
78,-1.15060000000000007,3.75054797051736521,315
79,-1.17320000000000002,3.74760894702281888,316
80,-1.33240000000000003,3.74973180159628638,317
81,-1.34470000000000001,3.75215208769545194,318
82,-1.32479999999999998,3.75915894360551395,319
83,-1.34289999999999998,3.75710671980797084,320
84,-1.34729999999999994,3.76349513647963940,321
85,-1.34719999999999995,4.29757885622771685,322
86,-1.35470000000000002,4.83198947138517365,322
87,-1.36290000000000000,4.91847635220698276,239
88,-1.34729999999999994,4.91529451178832932,240
89,-1.34959999999999991,4.93975789064294979,241
90,-1.31679999999999997,4.94970483245743331,242
91,-1.24570000000000003,4.97516402226761834,243
92,-1.25770000000000004,4.99455364322193773,244
93,-1.09969999999999990,5.01719950361311007,245
94,-1.03919999999999990,5.07322651065741237,246
95,0.58003000000000005,5.49326887825522014,247
96,0.83814999999999995,5.93008258364507945,248
97,0.80855999999999995,6.30928677819855022,250
98,0.75729999999999997,6.36914962467392964,252
99,0.80281000000000002,6.34657247406933767,253
100,0.93718000000000001,6.32739240847120765,254
101,1.09830000000000005,6.29047573569050744,255
102,1.21209999999999996,6.25579906665016239,256
103,1.40749999999999997,6.19909823632517476,257
104,1.23170000000000002,6.08624452224495904,258
105,1.09210000000000007,5.96821151355443469,259
106,0.15350000000000000,5.86269152708044317,260
107,0.91771999999999998,5.81733868499637996,261
108,0.95472000000000001,5.80807355436731232,262
109,-0.00400420000000000,5.80202882763298344,263
110,0.94891999999999999,5.73828753071389830,264
111,0.00883150000000000,5.73712765024013649,265
112,0.04290200000000000,5.66596896160763741,266
113,0.07413000000000000,5.60027794198316808,267
114,0.28100000000000003,5.54598223054715866,268
115,0.59006000000000003,5.50708901320676159,269
116,1.09929999999999994,5.49150225564561367,270
117,1.30689999999999995,5.50026163831223069,271
118,1.17530000000000001,5.48877570719211594,272
119,1.44120000000000004,5.50536204719116462,273
120,1.50350000000000006,5.53735109357120425,274
121,1.33410000000000006,5.56228217196384112,275
122,1.52649999999999997,5.59542156292269244,276
123,1.36270000000000002,5.62173055846662795,277
124,1.20090000000000008,5.65191669170934929,278
125,1.41270000000000007,5.66983953204460356,45
126,1.30469999999999997,5.66973182596475223,46
127,1.21140000000000003,5.68019942882540807,47
128,1.11299999999999999,5.94561934782336454,48
129,1.04800000000000004,6.10639035857018797,285
130,0.97970000000000002,6.05356043875038630,287
131,0.89732000000000001,6.01353940365006689,288
132,0.83996000000000004,5.98876559163704947,289
133,0.75536999999999999,6.02568206904636483,290
134,-1.31640000000000001,6.09600421155722216,291
135,-1.34420000000000006,6.26991549194054176,292
136,-1.35680000000000001,6.45418261630870305,293
137,-1.33390000000000009,6.57999599545724312,294
138,-1.35309999999999997,6.59596389453382415,295
139,-1.38719999999999999,6.64903982121484738,296
140,-1.39870000000000005,6.72175754107607215,297
141,-1.42070000000000007,6.69650004084525818,298
142,-1.41959999999999997,6.67108614522044618,299
143,-1.42809999999999993,6.69390624426023439,300
144,-1.41359999999999997,6.59773821838497998,214
145,-1.41260000000000008,6.54040413890980155,215
146,-1.41920000000000002,6.50454067736879438,216
147,-1.41930000000000001,6.47694433181367213,217
148,-1.41199999999999992,6.45748285666031929,218
149,-1.39799999999999991,6.43800509241077989,219
150,-1.38860000000000006,6.41668400136615702,220
151,-1.39199999999999990,6.40675934623286825,221
152,-1.38769999999999993,6.43300986117052709,222
153,-1.37779999999999991,6.41466433995873953,223
154,-1.39640000000000009,6.38820113521842625,224
155,-1.39100000000000001,6.37290247160952106,225
156,-1.39420000000000011,6.35307438665935020,226
157,-1.40880000000000005,6.34234804802425600,227
158,-1.40129999999999999,6.33497322578453836,228
159,-1.39149999999999996,6.32121486249458897,229
160,-1.39430000000000009,6.36086043802024381,230
161,-1.39850000000000008,6.36287970093279931,231
162,-1.40339999999999998,6.36683219091894603,232
163,-1.40900000000000003,6.39204404175878071,233
164,-1.41690000000000005,6.72269993623357287,234
165,-1.43189999999999995,6.82602030398736748,235
166,-1.44179999999999997,7.00523626319185055,236
167,-1.43229999999999991,7.09291864530192395,324
168,-1.41739999999999999,7.10187555756998723,325
169,-1.43179999999999996,7.10288587388252690,326
170,-1.42880000000000007,7.10016592871388763,327
171,-1.40599999999999992,7.09602944486203935,328
172,-1.38860000000000006,7.08568491802872824,329
173,-1.35729999999999995,7.07334895590252710,330
174,-1.29869999999999997,6.87170834038352929,332
175,-1.26089999999999991,6.61110603587491408,333
176,-1.22320000000000007,6.32950816924556214,334
177,0.36440000000000000,6.04342058420425410,335
178,0.75661000000000000,6.00686024425623177,336
179,0.75321000000000005,5.98834331543263065,337
180,0.75475000000000003,5.97178056781410760,338
181,0.79442000000000002,5.95584146362203271,339
182,0.79864999999999997,5.94462867355990543,340
183,0.89146000000000003,5.93173302738885067,341
184,1.08699999999999997,5.92510561602560593,342
185,1.14310000000000000,5.92866527328565507,343
186,1.21330000000000005,5.93313195821237827,344
187,0.98453000000000002,5.93562010642200732,345
188,1.11699999999999999,5.93950445974541186,346
189,-0.07739799999999999,5.94680617890167618,347
190,0.86036999999999997,5.85612132028783972,348
191,0.85948000000000002,5.86096684525554412,349
192,0.92176999999999998,5.83291379730329229,350
193,0.95657000000000003,5.83554325867737589,42
194,1.00760000000000005,5.83322786793104786,43
195,0.08129200000000000,5.83086315143533884,44
196,0.96902999999999995,5.79062890278438225,45
197,0.21937999999999999,5.74979010100755694,355
198,1.03489999999999993,5.74126001363561222,356
199,1.01459999999999995,5.73462092059641471,357
200,0.99805999999999995,5.76098799089379643,358
201,0.96618999999999999,5.78694173650228194,359
202,1.08610000000000007,5.78332200498836357,52
203,1.17409999999999992,5.75328240897931398,53
204,1.36349999999999993,5.70922180116505995,54
205,1.43290000000000006,5.67246501816384541,54
206,1.30699999999999994,5.61139263420264900,56
207,1.28130000000000011,5.54162272013596358,57
208,0.99317000000000000,5.50180241742585618,57
209,1.22679999999999989,5.52782652065573910,57
210,1.09139999999999993,5.59424443445451658,58
211,1.01920000000000011,5.70966996087165501,59
212,0.88285000000000002,5.57529867499370013,60
213,0.66017000000000003,5.29134747146813211,297
214,-1.01540000000000008,4.88134685331829310,298
215,-1.26990000000000003,4.82921443604447376,299
216,-1.37369999999999992,4.87472279300557521,300
217,-1.37909999999999999,4.85799107808380448,301
218,-1.44330000000000003,4.76169551281496783,67
219,-1.46669999999999989,4.56487094544357674,67
220,-1.47490000000000010,4.54842464018915127,68
221,-1.46910000000000007,4.52854404360015206,69
222,-1.41139999999999999,4.70916748179654743,70
223,-1.40870000000000006,4.70481569831325963,71
224,-1.42340000000000000,4.69901005088450763,72
225,-1.37820000000000009,4.68730053546889813,73
226,-1.40690000000000004,4.67422004296075944,74
227,-1.43730000000000002,4.65705859463691851,75
228,-1.43409999999999993,4.74965746235394004,76
229,-1.42320000000000002,4.73273273123783156,77
230,-1.42009999999999992,4.74034007682702097,78
231,-1.42209999999999992,4.72821819531296672,79
232,-1.42999999999999994,4.71901561853875773,80
233,-1.41730000000000000,4.71632431027391430,81
234,-1.42579999999999996,4.71610171590095284,82
235,-1.41510000000000002,4.83247575447109590,83
236,-1.42280000000000006,4.88837656263007414,84
237,-1.43019999999999992,4.93635026813507416,85
238,-1.38900000000000001,4.92376511651810045,86
239,-1.38809999999999989,4.91847635220698276,87
240,-1.37589999999999990,4.91529451178832932,88
241,-1.35670000000000002,4.93975789064294979,89
242,-1.34749999999999992,4.94970483245743331,90
243,-1.35959999999999992,4.97516402226761834,91
244,-1.33689999999999998,4.99455364322193773,92
245,-1.26469999999999994,5.01719950361311007,93
246,-1.22059999999999991,5.07322651065741237,94
247,0.30787999999999999,5.32502804982257327,94
248,0.32157000000000002,5.57323478753905022,95
249,0.69466000000000006,5.78829690735095426,95
250,0.81123000000000001,6.11275186304403828,96
251,0.81669000000000003,6.38611983536711847,97
252,1.01489999999999991,6.36914962467392964,98
253,1.02909999999999990,6.34657247406933767,99
254,0.43225999999999998,6.32739240847120765,100
255,0.55422000000000005,6.29047573569050744,101
256,0.33909000000000000,6.25579906665016239,102
257,0.06564200000000001,6.19909823632517476,103
258,-0.09164799999999999,6.08624452224495904,104
259,-0.12783000000000000,5.96821151355443469,105
260,0.81745000000000001,5.86269152708044317,106
261,0.87588999999999995,5.81733868499637996,107
262,0.91242000000000001,5.80807355436731232,108
263,0.90361000000000002,5.80202882763298344,109
264,0.99041000000000001,5.73828753071389830,110
265,1.00659999999999994,5.73712765024013649,111
266,0.98924999999999996,5.66596896160763741,112
267,0.90034999999999998,5.60027794198316808,113
268,0.97819999999999996,5.54598223054715866,114
269,1.05790000000000006,5.50708901320676159,115
270,0.96345999999999998,5.49150225564561367,116
271,0.66998000000000002,5.50026163831223069,117
272,1.06210000000000004,5.48877570719211594,118
273,1.31150000000000011,5.50536204719116462,119
274,1.12810000000000010,5.53735109357120425,120
275,1.23540000000000005,5.56228217196384112,121
276,1.07679999999999998,5.59542156292269244,122
277,1.07190000000000007,5.62173055846662795,123
278,1.24059999999999993,5.65191669170934929,124
279,1.17040000000000011,5.68985553837769853,125
280,0.99421999999999999,5.73378131128344926,126
281,0.98424999999999996,5.77043406289006544,127
282,0.70221000000000000,5.98571935551141188,128
283,-1.12880000000000003,6.18098504396723225,129
284,-1.16139999999999999,6.12221396537200668,129
285,-1.21910000000000007,6.09882075347841734,130
286,-1.25219999999999998,6.06491459911946684,130
287,-1.33650000000000002,6.04920131989430399,131
288,-1.35690000000000000,6.01111130519190340,51
289,-1.38430000000000009,5.85565637607840017,52
290,-1.35329999999999995,5.69400577546672260,53
291,-1.38179999999999992,5.49855422131959770,55
292,-1.40880000000000005,5.31358143683444251,55
293,-1.40480000000000005,5.12880286664015461,56
294,-1.40880000000000005,4.94747974156207082,57
295,-1.39949999999999997,4.78439827483284397,58
296,-1.40110000000000001,4.59455690001438821,59
297,-1.37420000000000009,4.44057246124014871,60
298,-1.38199999999999990,4.31157786018431821,61
299,-1.41720000000000002,4.20928145971965950,62
300,-1.39809999999999990,4.13968401300061561,63
301,-1.39860000000000007,4.05943753860968393,64
302,-1.40019999999999989,3.99598815969082066,65
303,-1.39290000000000003,3.69191822621720522,66
304,-1.39650000000000007,3.27932527935740747,67
305,-1.40510000000000002,3.27791577929270606,68
306,-1.41739999999999999,3.29341706663126388,69
307,-1.39979999999999993,3.30330869338591437,70
308,-1.42500000000000004,3.42984614417285627,71
309,-1.43589999999999995,3.42700835573528373,72
310,-1.42500000000000004,3.41788207472632832,73
311,-1.42340000000000000,3.41721361032214155,74
312,-1.42310000000000003,3.41639790060176596,75
313,-1.42920000000000003,3.60117979116367071,76
314,-1.46750000000000003,3.59035192368101486,77
315,-1.44760000000000000,3.75054797051736521,78
316,-1.46219999999999994,3.74760894702281888,79
317,-1.43730000000000002,3.74973180159628638,80
318,-1.42349999999999999,3.75215208769545194,81
319,-1.42349999999999999,3.75915894360551395,82
320,-1.40359999999999996,3.75710671980797084,83
321,-1.43520000000000003,3.76349513647963940,84
322,-1.43910000000000005,4.29757885622771685,85
323,-1.41349999999999998,4.86505088502320859,86
324,-1.40890000000000004,5.35762760586361253,87
325,-1.38729999999999998,5.76043742315144502,88
326,-1.39680000000000004,6.09375736285724745,89
327,-1.35250000000000004,6.49120859977437981,90
328,-1.25879999999999992,6.82551817839620156,91
329,-1.26720000000000010,7.08568491802872824,172
330,-1.05400000000000005,7.07334895590252710,173
331,0.65461999999999998,7.04940464428022029,174
332,0.73136999999999996,6.81181718666471525,175
333,0.81593000000000004,6.55804018524464283,176
334,0.81364999999999998,6.28387500034213087,177
335,0.78103999999999996,6.04342058420425410,177
336,0.84414000000000000,6.00686024425623177,178
337,0.91186000000000000,5.98834331543263065,179
338,0.93713000000000002,5.91981456293325348,413
339,0.97567000000000004,5.71705563738084610,414
340,1.12890000000000001,5.52979937914121589,414
341,1.21290000000000009,5.52471319543444128,415
342,1.04699999999999993,5.53516346202771814,416
343,0.97428000000000003,5.54558491358041294,417
344,0.88568000000000002,5.55456054255053200,418
345,0.92330000000000001,5.54792247431680341,419
346,0.92881999999999998,5.53182243676173346,420
347,1.04980000000000007,5.54439875770075652,421
348,1.04550000000000010,5.56259622748343308,422
349,0.14127999999999999,5.56166707258109483,423
350,1.03220000000000001,5.47824446199266646,424
351,0.99490000000000001,5.49823896333947459,425
352,0.97104000000000001,5.51688918853747801,426
353,0.94801000000000002,5.47380970014610924,427
354,-0.21332999999999999,5.42569447697019669,428
355,0.22469000000000000,5.29543718327919333,429
356,0.42335000000000000,5.23123812787128717,430
357,1.29909999999999992,5.22666557343122751,431
358,1.39500000000000002,5.26649883450875222,432
359,1.31800000000000006,5.31773731343196410,433
360,1.41559999999999997,5.36759729289749110,434
361,1.56360000000000010,5.42421296711419920,435
362,1.58299999999999996,5.50253083254636444,436
363,1.36680000000000001,5.58914392379240521,437
364,1.18530000000000002,5.66303696185527983,438
365,1.37220000000000009,5.71987712051327257,439
366,1.31220000000000003,5.80681425033439513,440
367,1.31469999999999998,5.63753683541834594,607
368,1.21779999999999999,5.07278436490602758,608
369,1.00899999999999990,4.44851676438088894,609
370,0.77217999999999998,3.81815546614029122,610
371,-1.16910000000000003,3.19858744614044976,611
372,-1.26600000000000001,3.80261527884992523,612
373,-1.26960000000000006,4.38080119193497008,613
374,-1.37830000000000008,4.82302483302710083,614
375,-1.42569999999999997,5.27296392260156388,615
376,-1.40510000000000002,5.24024919162869196,616
377,-1.43229999999999991,5.18473329175413511,617
378,-1.47839999999999994,5.27431350615042316,618
379,-1.46229999999999993,5.20723449758600943,619
380,-1.47350000000000003,5.14861628474406796,620
381,-1.46459999999999990,5.54987336569477296,621
382,-1.45389999999999997,5.76855898961539815,622
383,-1.43870000000000009,5.80246093059674273,624
384,-1.44340000000000002,5.80902069163904411,625
385,-1.44409999999999994,5.82162040951823112,626
386,-1.43219999999999992,5.83109238335865410,627
387,-1.44629999999999992,5.85502048984889267,628
388,-1.44690000000000007,5.94604659640213473,629
389,-1.45399999999999996,6.04342831607888265,629
390,-1.45330000000000004,6.15205771919455380,630
391,-1.44720000000000004,6.16184739208192767,633
392,-1.46530000000000005,6.10806601170189811,634
393,-1.45920000000000005,6.05257302899618477,635
394,-1.46599999999999997,6.00680967701261359,636
395,-1.43219999999999992,5.98263482598316987,637
396,-1.42789999999999995,6.42168378448022370,638
397,-1.41989999999999994,6.73933956276880597,237
398,-1.42349999999999999,6.87379999504991712,641
399,-1.42379999999999995,6.88145379381627809,642
400,-1.38080000000000003,6.88675615415883779,643
401,-1.37569999999999992,6.88709932217235199,644
402,-1.37020000000000008,6.88351538365192983,645
403,-1.36830000000000007,6.87759923916475202,646
404,-1.41090000000000004,6.87148406020483105,647
405,-1.40110000000000001,6.86660048089169273,648
406,-1.35590000000000011,6.86113708946419898,649
407,-1.35149999999999992,6.85484492271687618,650
408,-1.34260000000000002,6.73795097644522478,334
409,-1.34709999999999996,6.55923928544476986,335
410,-1.35020000000000007,6.37783552014738131,336
411,-1.29210000000000003,6.17808085637893178,337
412,-1.26069999999999993,5.96824620557585028,338
413,-1.17629999999999990,5.74987583384487966,339
414,0.56003999999999998,5.52979937914121589,340
415,0.87250000000000005,5.52471319543444128,341
416,1.03449999999999998,5.53516346202771814,342
417,1.04750000000000010,5.54558491358041294,343
418,1.35739999999999994,5.55456054255053200,344
419,0.18128000000000000,5.54792247431680341,345
420,0.87002999999999997,5.53182243676173346,346
421,0.89768000000000003,5.54439875770075652,347
422,0.40255000000000002,5.56259622748343308,348
423,1.19819999999999993,5.56166707258109483,349
424,0.78735999999999995,5.47824446199266646,350
425,0.70364000000000004,5.49823896333947459,351
426,-0.14157000000000000,5.50634308291054975,670
427,-0.18776999999999999,5.47380970014610924,353
428,1.09349999999999992,5.41559275118569072,672
429,1.13410000000000011,5.29543718327919333,355
430,0.70484999999999998,5.23123812787128717,356
431,1.53830000000000000,5.22666557343122751,357
432,1.53770000000000007,5.26649883450875222,358
433,1.45019999999999993,5.31773731343196410,359
434,1.64969999999999994,5.36759729289749110,360
435,1.57780000000000009,5.42421296711419920,361
436,1.60529999999999995,5.50253083254636444,362
437,1.41019999999999990,5.58914392379240521,363
438,1.43419999999999992,5.55681122037913333,683
439,1.30820000000000003,4.99253799464618719,684
440,1.06040000000000001,4.33562359505253703,685
441,-1.04039999999999999,3.53860575453363913,523
442,-1.24829999999999997,3.49192766375134012,524
443,-1.35549999999999993,3.47272936381859809,525
444,-1.23599999999999999,3.46489358190489005,526
445,-1.38579999999999992,3.44625062318740882,527
446,-1.48679999999999990,3.44083108663461701,528
447,-1.48869999999999991,3.44043035184580015,529
448,-1.50019999999999998,3.43994651721845690,530
449,-1.54800000000000004,3.44091443416102649,531
450,-1.52930000000000010,3.44540148193527518,532
451,-1.52429999999999999,3.44878827055814696,533
452,-1.51990000000000003,3.43359577709536756,534
453,-1.51920000000000011,3.40934917148080263,535
454,-1.52730000000000010,3.36816439225424835,536
455,-1.48269999999999991,3.33078293697072247,537
456,-1.52679999999999993,3.29590726730215655,538
457,-1.50299999999999989,3.24609253684153654,539
458,-1.52780000000000005,3.29224607621102194,540
459,-1.48150000000000004,3.29179424061274606,541
460,-1.51659999999999995,3.31575379584237506,542
461,-1.50269999999999992,3.41230722036565748,543
462,-1.49489999999999990,3.56186874116101659,544
463,-1.48760000000000003,3.57152139203931940,545
464,-1.48330000000000006,3.58215089876074266,546
465,-1.49269999999999992,3.59158836150203387,547
466,-1.49750000000000005,3.60801911143808107,548
467,-1.47019999999999995,3.61574777716775264,549
468,-1.49049999999999994,3.62078143152071030,550
469,-1.48999999999999999,3.64889308997919226,551
470,-1.48479999999999990,3.62758809788349579,552
471,-1.47819999999999996,3.58402324383893500,553
472,-1.49390000000000001,3.54425218661854879,554
473,-1.48170000000000002,3.49605272413088297,555
474,-1.51429999999999998,3.44914363658346579,556
475,-1.49760000000000004,3.41619068885086197,557
476,-1.49110000000000009,3.38834354328895371,558
477,-1.47049999999999992,3.36657359789048227,559
478,-1.45910000000000006,3.35207528282389289,560
479,-1.46150000000000002,3.71855903888837869,561
480,-1.43700000000000006,3.72454029689595201,562
481,-1.46839999999999993,3.72755634819172776,563
482,-1.44439999999999991,3.73150142530969697,564
483,-1.44629999999999992,3.73212315232206437,565
484,-1.41500000000000004,3.73173890212569370,566
485,-1.39920000000000000,3.72956119471835423,567
486,-1.36080000000000001,3.72730395940108128,568
487,-1.30390000000000006,3.72490131201030605,569
488,-1.24970000000000003,3.72112190417440614,570
489,-1.15609999999999991,3.71660716969286442,571
490,-0.98123000000000005,3.54389655846375939,572
491,0.82926999999999995,3.19381288139013497,574
492,1.04689999999999994,3.19334291823316052,575
493,1.03449999999999998,3.19850687337790340,576
494,1.28200000000000003,3.20234459843510910,577
495,1.40809999999999991,3.22071156189910690,578
496,1.08689999999999998,3.23290649970946120,579
497,0.26693000000000000,3.25053791053485330,580
498,1.33749999999999991,3.14072393434654629,581
499,1.26659999999999995,3.17176765614487044,582
500,-0.50424999999999998,2.80089001366577151,583
501,-0.39599000000000001,2.79464966308099871,584
502,-0.16392000000000001,2.79099822434557110,585
503,-0.09817500000000000,2.77562033532631292,586
504,-0.24012000000000000,2.76116419683843972,587
505,-0.12914999999999999,2.75583177551185976,588
506,0.72918000000000005,2.75121813621563449,589
507,1.40300000000000002,2.75696192364498316,590
508,1.42229999999999990,2.79273499875947318,591
509,1.54869999999999997,2.83224049878045303,592
510,1.65920000000000001,2.87766200394953575,593
511,1.39710000000000001,2.93743382373452233,594
512,1.47849999999999993,2.97299607558088175,595
513,1.40240000000000009,3.03473927469166060,596
514,1.11190000000000011,3.08690314145213440,597
515,-1.17900000000000005,3.13764339409169413,598
516,-1.15470000000000006,2.82596178103528084,598
517,-1.18650000000000011,2.82251909039633908,599
518,-1.34790000000000010,2.82009937002671762,600
519,-1.44599999999999995,2.81918674854935380,601
520,-1.52629999999999999,2.81653094146361216,602
521,-1.53109999999999991,2.81618168362820898,603
522,-1.57180000000000009,2.81784040638052469,604
523,-1.56850000000000001,2.81914409855150039,605
524,-1.57160000000000011,2.82035854306886868,606
525,-1.55109999999999992,2.82136853297340728,607
526,-1.54570000000000007,2.82291252667939307,608
527,-1.54150000000000009,2.82384788537030174,609
528,-1.53620000000000001,2.82491786781380272,610
529,-1.55840000000000001,2.82629303752154026,611
530,-1.54220000000000002,2.82816735707205691,612
531,-1.53489999999999993,2.83016634011086765,613
532,-1.53400000000000003,2.83269137412062033,614
533,-1.55929999999999991,2.83638488081400109,615
534,-1.53730000000000011,2.83811443503220184,616
535,-1.52699999999999991,2.83537382431493690,617
536,-1.54329999999999989,2.81391377027497080,618
537,-1.52719999999999989,2.80081757701500855,619
538,-1.53600000000000003,2.76712035257935351,620
539,-1.53089999999999993,2.74364013395137230,621
540,-1.50160000000000005,2.85136040994875639,622
541,-1.51000000000000001,2.83579432904414075,623
542,-1.51699999999999990,2.93822294316874943,624
543,-1.52200000000000002,2.93972377351975434,625
544,-1.50619999999999998,2.94058273791655722,626
545,-1.50829999999999997,2.95455929222698455,627
546,-1.51249999999999996,2.95699781300077413,628
547,-1.52400000000000002,2.95968358216253069,629
548,-1.51770000000000005,2.96311743859683441,630
549,-1.51520000000000010,2.96721057971083990,631
550,-1.51520000000000010,2.99723416324459313,632
551,-1.51010000000000000,3.32458174359441161,633
552,-1.52810000000000001,3.35044352099026854,634
553,-1.52479999999999993,3.31336634761886639,635
554,-1.52750000000000008,3.27983834575331912,636
555,-1.52259999999999995,3.25959064387463870,637
556,-1.50039999999999996,3.22568091301055704,638
557,-1.51699999999999990,3.19919448016671959,639
558,-1.49669999999999992,3.18823412368486192,640
559,-1.50079999999999991,3.36657359789048227,477
560,-1.45890000000000009,3.35207528282389289,478
561,-1.47910000000000008,3.71855903888837869,479
562,-1.47389999999999999,3.72454029689595201,480
563,-1.46629999999999994,3.72755634819172776,481
564,-1.47029999999999994,3.73150142530969697,482
565,-1.46179999999999999,3.73212315232206437,483
566,-1.47629999999999995,3.73173890212569370,484
567,-1.44159999999999999,3.72956119471835423,485
568,-1.38539999999999996,3.72730395940108128,486
569,-1.25810000000000000,3.72490131201030605,487
570,-1.23449999999999993,3.72112190417440614,488
571,0.20247000000000001,3.71660716969286442,489
572,0.63849999999999996,3.54389655846375939,490
573,0.94332000000000005,3.27803720493665596,491
574,1.08980000000000010,3.19381288139013497,491
575,1.31240000000000001,3.19334291823316052,492
576,1.31869999999999998,3.19850687337790340,493
577,1.00590000000000002,3.20234459843510910,494
578,0.97626999999999997,3.22071156189910690,495
579,1.23340000000000005,3.23290649970946120,496
580,1.20150000000000001,3.25053791053485330,497
581,1.21469999999999989,3.14072393434654629,498
582,-0.50499000000000005,3.17176765614487044,499
583,-0.40403000000000000,2.80089001366577151,500
584,-0.39295000000000002,2.79464966308099871,501
585,-0.48751000000000000,2.79099822434557110,502
586,-0.40061999999999998,2.77562033532631292,503
587,-0.38739000000000001,2.76116419683843972,504
588,0.02936300000000000,2.75583177551185976,505
589,0.95935000000000004,2.75121813621563449,506
590,1.47649999999999992,2.75696192364498316,507
591,1.48960000000000004,2.79273499875947318,508
592,1.66969999999999996,2.83224049878045303,509
593,1.67819999999999991,2.87766200394953575,510
594,1.63789999999999991,2.93743382373452233,511
595,1.37880000000000003,2.97299607558088175,512
596,1.55960000000000010,3.03473927469166060,513
597,1.05210000000000004,3.08690314145213440,514
598,-1.00560000000000005,2.82596178103528084,516
599,-1.11440000000000006,2.82251909039633908,517
600,-1.29109999999999991,2.82009937002671762,518
601,-1.28459999999999996,2.81918674854935380,519
602,-1.40019999999999989,2.81653094146361216,520
603,-1.45490000000000008,2.81618168362820898,521
604,-1.48770000000000002,2.81784040638052469,522
605,-1.48009999999999997,2.81914409855150039,523
606,-1.47639999999999993,2.82035854306886868,524
607,-1.49710000000000010,2.82136853297340728,525
608,-1.49950000000000006,2.82291252667939307,526
609,-1.48239999999999994,2.82384788537030174,527
610,-1.48209999999999997,2.82491786781380272,528
611,-1.49160000000000004,2.82629303752154026,529
612,-1.46869999999999989,2.82816735707205691,530
613,-1.46970000000000001,2.83016634011086765,531
614,-1.43809999999999993,2.83269137412062033,532
615,-1.45700000000000007,2.83638488081400109,533
616,-1.47869999999999990,2.83811443503220184,534
617,-1.47399999999999998,2.83537382431493690,535
618,-1.47980000000000000,2.81391377027497080,536
619,-1.47580000000000000,2.80081757701500855,537
620,-1.48469999999999991,2.76712035257935351,538
621,-1.42320000000000002,2.74364013395137230,539
622,-1.37309999999999999,2.85136040994875639,540
623,-1.44660000000000011,2.83579432904414075,541
624,-1.41290000000000004,2.93822294316874943,542
625,-1.46249999999999991,2.93972377351975434,543
626,-1.46970000000000001,2.94058273791655722,544
627,-1.44900000000000007,2.95455929222698455,545
628,-1.43209999999999993,2.95699781300077413,546
629,-1.42910000000000004,2.95968358216253069,547
630,-1.42870000000000008,2.96311743859683441,548
631,-1.45750000000000002,2.96721057971083990,549
632,-1.44159999999999999,2.99723416324459313,550
633,-1.43629999999999991,3.32458174359441161,551
634,-1.45799999999999996,3.35044352099026854,552
635,-1.45150000000000001,3.31336634761886639,553
636,-1.45270000000000010,3.27983834575331912,554
637,-1.44300000000000006,3.25959064387463870,555
638,-1.43540000000000001,3.22568091301055704,556
639,-1.44270000000000009,3.19919448016671959,557
640,-1.45639999999999992,3.18823412368486192,558
641,-1.42749999999999999,3.78808137030121950,559
642,-1.45389999999999997,4.26758767509494952,560
643,-1.44940000000000002,4.66157300814633757,561
644,-1.46029999999999993,4.67115397992401515,562
645,-1.43159999999999998,4.68192320583678434,563
646,-1.47350000000000003,4.68548456106192468,564
647,-1.46550000000000002,4.68916018017009506,565
648,-1.42450000000000010,4.68930282586359404,566
649,-1.40989999999999993,4.68980807868734573,567
650,-1.36470000000000002,4.68835980075369196,568
651,-1.30319999999999991,4.68451593259908794,569
652,-1.16500000000000004,4.67925499074392359,570
653,0.21126000000000000,4.67034521614584719,571
654,0.54249000000000003,4.66213434049330289,572
655,0.91790000000000005,4.66490703495014003,573
656,0.95294000000000001,4.68130450289708744,574
657,1.05479999999999996,4.70519105885503830,575
658,1.26849999999999996,4.73754099911904536,576
659,0.34161000000000002,4.77882580337873186,577
660,0.58559000000000005,4.76555838712307356,578
661,0.60836999999999997,4.76872940721883420,580
662,0.23102000000000000,4.77251364098011077,581
663,0.00414470000000000,4.71677017666330567,582
664,-0.27689999999999998,4.63152431690126498,582
665,-0.13603999999999999,4.61772046688007087,583
666,-0.14643999999999999,4.60404319014598951,584
667,-0.13815000000000000,4.59136958528634853,585
668,-0.21676000000000001,4.57253238328996048,586
669,-0.30691000000000002,4.56308175855754872,587
670,-0.41504000000000002,4.55650882840657179,588
671,0.80735999999999997,4.46630187963380365,590
672,1.33200000000000007,4.47696543502802680,591
673,1.31240000000000001,4.54603804870312089,592
674,1.56450000000000000,4.61728116288296864,593
675,1.63109999999999999,4.71803248731412150,594
676,1.39690000000000003,4.83259363169443912,595
677,1.33119999999999994,4.93607081061636421,596
678,1.25419999999999998,5.04710572381027944,597
679,1.10139999999999993,4.74131147750484416,517
680,0.93889000000000000,4.12663087953133889,518
681,-1.12949999999999995,3.48142898391950384,519
682,-1.17029999999999990,3.56877567189403289,520
683,-1.32230000000000003,3.65203521348123372,521
684,-1.34359999999999991,3.74122656539718434,522
685,-1.43700000000000006,3.81664307152066185,523
686,-1.40450000000000008,3.57518481605640703,441
687,-1.45120000000000005,3.60610230889597227,442
688,-1.49530000000000007,3.66103343832288886,443
689,-1.44550000000000001,3.71651936579940712,444
690,-1.51790000000000003,3.77595999112633329,445
691,-1.43179999999999996,3.84040967838594671,446
692,-1.45740000000000003,3.93812079061605980,447
693,-1.45619999999999994,4.00157067054278137,448
694,-1.40510000000000002,4.06076652241578273,449
695,-1.42019999999999991,4.11149203332252000,450
696,-1.46599999999999997,4.15382178338855113,451
697,-1.45480000000000009,4.22974439306366712,452
698,-1.45080000000000009,4.42629076971717783,453
699,-1.44340000000000002,4.92051479504238642,454
700,-1.44769999999999999,5.19366996246699220,455
701,-1.43650000000000011,5.44417268962404943,456
702,-1.42989999999999995,5.65472970071424275,457
703,-1.41110000000000002,5.78306930931849195,541
704,-1.42569999999999997,5.91628771213146099,542
705,-1.42250000000000010,5.98692131169543451,543
706,-1.39820000000000011,6.05058439396899761,544
707,-1.39660000000000006,6.08287103942961327,545
708,-1.39280000000000004,6.11359495648125417,546
709,-1.37509999999999999,6.14874895163926727,547
710,-1.38290000000000002,6.16269224334754639,548
711,-1.41500000000000004,6.17559142662415717,549
712,-1.37979999999999992,6.18926844379390673,550
713,-1.45090000000000008,6.21181234849972252,551
714,-1.44369999999999998,6.44110561497379575,552
715,-1.32390000000000008,6.68281842662428271,552
716,-1.32519999999999993,7.05639837857665331,553
717,-1.36109999999999998,7.27270917959339602,554
718,-1.31050000000000000,7.49247194474686840,2683
719,-1.38339999999999996,7.51719533358414438,2684
720,-1.40009999999999990,7.54723254707579727,2685
721,-1.40930000000000000,7.57237139265910120,2686
722,-1.41320000000000001,7.59032712009780663,2687
723,-1.43900000000000006,7.60586496039005233,2688
724,-1.42300000000000004,7.62923690800099852,2689
725,-1.41169999999999995,7.66055704132153359,2690
726,-1.42009999999999992,7.70450883266413289,2691
727,-1.40900000000000003,7.74049319380402867,2692
728,-1.43179999999999996,7.82048031903030871,2693
729,-1.39830000000000010,7.87088998561067754,2694
730,-1.39240000000000008,7.93584952010049971,2695
731,-1.39409999999999989,7.94999438873518205,2696
732,-1.34680000000000000,7.96005062449613288,2697
733,-1.25600000000000001,7.94864553697386889,2698
734,-1.20120000000000005,7.94953933849076311,2699
735,0.42225000000000001,7.99083493526351507,2700
736,0.78741000000000005,7.82833152637533747,2701
737,1.10270000000000001,7.58330842292459284,2702
738,1.22189999999999999,7.44647710123183959,2701
739,1.07630000000000003,7.02840956454780397,2702
740,1.53340000000000010,7.11161198829138996,2703
741,1.17349999999999999,7.09442781555974200,2704
742,0.66217000000000004,7.09727804413854102,2705
743,-0.25523000000000001,7.18507042078600833,2706
744,0.01465500000000000,7.44846024576765497,2707
745,-0.07392000000000000,7.68110744342552998,2708
746,-0.01547000000000000,7.70525483850641013,2709
747,-0.13855999999999999,7.91615925666697606,2710
748,-0.13961000000000001,7.98213012896506413,2711
749,-0.19711000000000001,8.04051573518760421,2712
750,-0.19766000000000000,8.05879019594850199,2713
751,0.09821199999999999,8.09885759322126830,2714
752,1.10119999999999996,8.17832457544714053,2715
753,1.43350000000000000,8.11318797179496798,5152
754,1.48049999999999993,7.84265016997829800,5153
755,1.46550000000000002,8.42303175039101681,5154
756,1.20500000000000007,8.80931270225022978,2719
757,1.41250000000000009,9.12929270522677960,7158
758,1.26509999999999989,8.74908441998356601,7158
759,1.02449999999999997,8.57486161854267515,7160
760,-1.09060000000000001,7.55101757084712322,7162
761,-1.17320000000000002,7.58475428916707095,7163
762,-1.24600000000000000,7.59588873292250000,7164
763,-1.33499999999999996,7.61975385617826984,7165
764,-1.45150000000000001,7.64720699644213919,7166
765,-1.49259999999999993,7.72184651579349968,7167
766,-1.51530000000000009,7.81551880131029986,7168
767,-1.51249999999999996,7.98794684077300321,7169
768,-1.52299999999999991,8.15636558179022408,7170
769,-1.50479999999999992,8.24713446411422169,7171
770,-1.51120000000000010,8.33759457055240283,7172
771,-1.51130000000000009,8.44343411179917958,7173
772,-1.50459999999999994,8.55296394683944072,7174
773,-1.49910000000000010,8.66408500581540331,7175
774,-1.49409999999999998,8.65770585323193309,7165
775,-1.48580000000000001,8.77229063379370366,7166
776,-1.50469999999999993,8.91033450846016883,7167
777,-1.50669999999999993,9.01647395688716635,7168
778,-1.51269999999999993,9.08894156026001987,7169
779,-1.51629999999999998,9.18697074298884786,7170
780,-1.48760000000000003,9.28220299872714349,7171
781,-1.46920000000000006,9.40277209015123283,7172
782,-1.52320000000000011,9.54441583822540274,7173
783,-1.50720000000000010,9.70908855035669660,7174
784,-1.50669999999999993,9.96718690237057636,7175
785,-1.49150000000000005,10.20311308436933118,7176
786,-1.48239999999999994,10.43245805042386110,7177
787,-1.48229999999999995,10.63049459038789735,7178
788,-1.49800000000000000,10.81971998795287604,7179
789,-1.50489999999999990,11.02623554799634498,7180
790,-1.50000000000000000,11.09994545186727599,1234
791,-1.50140000000000007,11.27145297264493351,1235
792,-1.48370000000000002,11.67388275321322766,1499
793,-1.50600000000000001,11.65696027847345206,1941
794,-1.43149999999999999,11.37362731662833859,1501
795,-1.42720000000000002,11.19908651535611988,1502
796,-1.44209999999999994,11.02926434813777234,1503
797,-1.41520000000000001,11.21237421256680911,1504
798,-1.44080000000000008,11.42285036534012121,1505
799,-1.43159999999999998,11.18389590800321720,1127
800,-0.55057000000000000,10.75292037730990558,1128
801,-0.63288999999999995,10.66048525319803453,1129
802,-0.64132000000000000,10.61307556304056021,1130
803,-0.62917999999999996,10.53287104748831737,1131
804,-0.70115000000000005,10.37121442743723065,1132
805,-0.72267000000000003,10.29584661103370991,1133
806,-0.77886000000000000,10.24840318448913834,1134
807,-0.73062000000000005,10.24920779889849065,1135
808,-0.73472000000000004,10.32932016580335421,1136
809,-0.67259000000000002,10.25134387489213417,1137
810,-0.66064999999999996,10.26468659874769962,1138
811,-0.55076999999999998,10.43790598259848323,1139
812,-0.66227000000000003,10.63834362179160209,1140
813,-0.62544999999999995,10.89799244153700286,1141
814,-0.55810999999999999,11.16456520240121186,1142
815,-0.58186000000000004,11.46924195240175237,1160
816,-0.53783999999999998,11.38567646031165204,1161
817,-0.62636000000000003,11.28860758974230905,1145
818,-1.14460000000000006,11.11149941588256951,1163
819,-0.65090999999999999,11.16128659740684270,1147
820,-0.50999000000000005,11.00835827222455876,1148
821,-0.46581000000000000,10.89737648471582787,1149
822,-0.63507999999999998,10.90758146049429378,1150
823,-0.83833000000000002,10.95011434776415093,1151
824,-0.81976000000000004,10.95064879460631957,1152
825,-0.94725999999999999,10.87177591652275765,1153
826,-0.91166000000000003,10.85188396625733276,1154
827,-0.79656000000000005,10.86942123029747798,1155
828,-0.84941000000000000,10.84478544887907603,1156
829,-0.59092999999999996,10.82585106532775576,1157
830,-0.59799999999999998,10.85250863117146736,1158
831,-0.62189000000000005,10.94488797663218271,1159
832,-0.89198999999999995,10.96831956887501747,1160
833,-1.11569999999999991,10.94269879828295444,1161
834,-1.11309999999999998,10.99417174482234216,1162
835,-1.27509999999999990,11.03269847470012976,1400
836,-0.89312999999999998,11.22660207104613406,1401
837,-0.80322000000000005,11.11126724432530466,1108
838,-0.64054000000000000,11.04314681041357105,1109
839,-0.63407000000000002,11.04866806564705861,1110
840,-0.74397999999999997,11.00137756535528766,1111
841,-0.93879999999999997,10.91256318824048499,1112
842,-1.00530000000000008,10.89786025308448814,1113
843,-0.84355999999999998,10.92814769322598778,1114
844,-0.78358000000000005,11.16459118586075405,1115
845,-0.73060999999999998,11.29571271061719173,1274
846,-0.76387000000000005,11.29951962093546491,1275
847,-0.49778000000000000,11.29077587085130219,1276
848,-0.48233999999999999,11.22909595040989572,1277
849,-0.51554999999999995,11.18618736859190399,1278
850,-0.97040000000000004,11.27927532217171880,1279
851,-0.64385999999999999,11.18623998304402534,1280
852,-1.09790000000000010,11.23598313882194333,1281
853,-0.81735000000000002,11.32363368911981816,1282
854,-0.49630000000000002,11.43353219856750158,1283
855,-0.40381000000000000,11.45542969634607466,7349
856,-0.44652999999999998,11.54552665118884924,1184
857,-0.70396999999999998,11.44360815937274722,1185
858,-0.74829999999999997,11.39422020644899192,1186
859,-0.84335000000000004,11.39546573671004914,1187
860,-0.84623999999999999,11.40429293280358891,1188
861,-0.85109000000000001,11.33258742428440691,1339
862,-0.57996999999999999,11.38735204373636201,1340
863,-0.53885000000000005,11.42354205076737017,1341
864,-0.48870000000000002,11.52419677315113233,1102
865,-0.54918999999999996,11.34180952292999933,1103
866,-0.58023000000000002,11.19167401841392362,1104
867,-0.86772000000000005,11.07551747073775594,1105
868,-0.88893999999999995,11.08361848188838472,1106
869,-1.09250000000000003,11.12363345881502141,1107
870,-0.82174999999999998,11.17060317708523165,1108
871,-0.70860999999999996,11.26806573450301840,1109
872,-0.64353000000000005,11.23622125512360626,1110
873,-1.39329999999999998,11.17940245072855099,1111
874,-0.61263000000000001,11.31450844918197518,1112
875,-0.85324000000000000,11.23703759083649878,1113
876,-0.96011999999999997,11.22345963510693423,1114
877,-0.98190999999999995,11.50575146331629739,1115
878,-0.83528999999999998,11.72621240145178234,7372
879,-0.80679999999999996,11.73727147116841785,1444
880,-0.90454999999999997,11.74662808713145701,1445
881,-1.05049999999999999,11.73937747996476233,1209
882,-0.97960999999999998,11.66853211273637392,1210
883,-1.06630000000000003,11.65909272897189553,1211
884,-0.86973000000000000,11.64304716223558955,1449
885,-0.77222999999999997,11.64940775817053797,1450
886,-0.52485000000000004,11.66215202055457389,1451
887,-0.53634000000000004,11.81211565066801228,1436
888,-0.81637000000000004,11.77717248506115411,1437
889,-1.12119999999999997,11.78704136828164906,1438
890,-1.25940000000000007,11.69899148782248233,1439
891,-1.26259999999999994,11.54867108941822096,1440
892,-1.26140000000000008,11.52856695869489378,1441
893,-1.22720000000000007,11.81822234902871749,1442
894,-0.66979000000000000,11.91441829250959827,4847
895,-0.63510000000000000,11.91282925608736676,4848
896,-0.72911999999999999,11.94174860033257701,4849
897,-0.89898000000000000,12.02829574237570576,1446
898,-0.93291000000000002,12.02060835002642314,1447
899,-0.97504000000000002,11.98309015669383193,1448
900,-0.77076000000000000,11.99949792331718790,1449
901,-0.77212000000000003,12.03818964509004275,1450
902,-0.88629999999999998,11.81348267150762510,1065
903,-0.51248000000000005,11.74582231751847239,1066
904,-0.61585999999999996,11.83729069297177894,1067
905,-0.70818999999999999,11.70908414567492706,1705
906,-1.27669999999999995,11.56040750949506091,1706
907,-1.26730000000000009,11.63726620883740637,1707
908,-1.32309999999999994,11.65750820507154017,1708
909,-1.29889999999999994,11.78677928451109835,2305
910,-1.40219999999999989,11.49564804932463247,2306
911,-1.39209999999999989,11.39797638572398242,2307
912,-1.38080000000000003,11.51311897354458402,4050
913,-0.86763999999999997,11.37489918370536834,2309
914,-1.26659999999999995,11.43851250040629708,2310
915,-0.94155000000000000,11.33524477860731317,2311
916,-0.87378000000000000,11.31751527877551666,2312
917,-0.85238000000000003,11.40682427693919720,2313
918,-0.88737999999999995,11.43288166161606512,2314
919,-0.51088999999999996,11.29722887343634419,2315
920,-0.50090999999999997,11.25864778508072384,1239
921,-0.52937000000000001,11.17287540772234600,1240
922,-1.00039999999999996,11.16096355599222001,1241
923,-1.06830000000000003,11.14891610026483626,4061
924,-1.10680000000000001,11.11419826448042514,1243
925,-1.11880000000000002,11.10532790279997961,1244
926,-0.86690999999999996,11.10346228992682605,1245
927,-0.34804000000000002,11.09995092684644291,1246
928,-0.41115000000000002,11.03199337514227452,2324
929,-0.72563999999999995,10.88354939602937677,2325
930,-1.02350000000000008,10.75028486867486777,2326
931,-1.12549999999999994,10.71831302222789084,2327
932,-1.28410000000000002,10.67021655392931478,2328
933,-1.23059999999999992,10.62780141718167570,2329
934,-1.19330000000000003,10.69845851265625747,2330
935,-0.67308000000000001,10.56982374812338499,2331
936,-0.42354999999999998,10.57081058366853732,2332
937,-0.66210000000000002,10.62287379402239473,2333
938,-1.12870000000000004,10.63068147561982002,246
939,-1.18589999999999995,10.66985829724040613,2335
940,-1.15680000000000005,10.98241154474905201,2336
941,-1.11909999999999998,10.98416162000390806,97
942,-1.16809999999999992,10.89273092400094711,98
943,-0.48835000000000001,10.71820741530249954,99
944,-0.36424000000000001,10.66857678926463393,100
945,-0.54025999999999996,10.61545208286010578,101
946,-0.62236000000000002,10.65682855179383282,102
947,-0.84145999999999999,10.80894070257121697,103
948,-0.98797999999999997,10.94691068654114829,104
949,-0.91852000000000000,11.01685866884516329,105
950,-0.96355999999999997,10.99797746292145639,3830
951,-0.84147000000000005,10.92663494553334935,3831
952,-0.41369000000000000,10.89282297071820693,3832
953,-0.56250000000000000,10.80693137089836853,3833
954,-0.95833999999999997,10.79516379392206460,3834
955,-1.19399999999999995,10.88676047365465571,3835
956,-1.17169999999999996,10.94550172011171618,3836
957,-1.19860000000000011,10.86768804296939805,3837
958,-1.02489999999999992,10.79629399342818807,3838
959,-1.16870000000000007,10.76435605866344680,3839
960,-0.57303999999999999,10.67545996216432513,3760
961,-0.59816999999999998,10.71472993346527325,3761
962,-0.64315000000000000,10.73613193523632425,3762
963,-0.59375999999999995,10.81627860636402971,3763
964,-0.70340000000000003,11.00053866847544271,3844
965,-0.91735999999999995,11.12599883119184518,3845
966,-0.97514000000000001,11.16470537725347079,3846
967,-0.87441999999999998,11.19353084811280041,3847
968,-0.81747000000000003,11.21176381537232558,3848
969,-0.91803000000000001,11.27086809281106383,3849
970,-0.78468000000000004,11.33409261580213467,3850
971,-0.81889999999999996,11.43020781111931505,3851
972,-0.61145000000000005,11.43872601977905390,3852
973,-0.57508999999999999,11.44372412746339052,3853
974,-0.68394999999999995,11.52617443191269153,3854
975,-1.14319999999999999,11.55330567639414951,3855
976,-1.17520000000000002,11.41028719016335380,2964
977,-1.17240000000000011,11.41734398533674444,2965
978,-1.05459999999999998,11.44287883871792566,2966
979,-0.95681000000000005,11.45889519275475088,2967
980,-1.34689999999999999,11.50630793556223708,2968
981,-1.34769999999999990,11.57918434457223178,2969
982,-0.94296000000000002,11.62078130911940477,2970
983,-1.23039999999999994,11.62088385007502112,2971
984,-1.21649999999999991,11.64519924577532706,2972
985,-1.09990000000000010,11.68588205477010256,2973
986,-1.19799999999999995,11.70595606682025114,2974
987,-0.79579000000000000,11.74824652237147760,2975
988,-1.47219999999999995,11.84427138585298422,2976
989,-0.61084000000000005,11.78495780609659604,3869
990,-0.73563000000000001,11.73486707254258121,3870
991,-1.21239999999999992,11.78714674562214171,3791
992,-1.25720000000000010,11.82844182082239470,3792
993,-1.16320000000000001,11.87542207974737707,3793
994,-1.17290000000000005,11.87919563810219259,3794
995,-1.03689999999999993,11.91330143848050760,3795
996,-0.57298000000000004,11.91700206092924397,3796
997,-0.57267000000000001,11.78523708146239990,222
998,-0.87404000000000004,11.66234545913554044,223
999,-1.24879999999999991,11.68336690440796488,224
1000,-1.46219999999999994,11.77062882987089409,225
1001,-1.39319999999999999,11.78982495975114375,226
1002,-1.10460000000000003,11.82017114985793960,227
1003,-1.10359999999999991,11.83190836508485866,228
1004,-0.88788999999999996,11.84209470594398184,229
1005,-0.45632000000000000,11.82902567917091119,230
1006,-0.50939000000000001,11.66036691714092477,231
1007,-0.74697000000000002,11.47393654127739460,232
1008,-1.00229999999999997,11.37765492496642317,233
1009,-1.09260000000000002,11.39214809644352755,234
1010,-0.95625000000000004,11.43745260035389499,235
1011,-0.42263000000000001,11.47100068258922079,236
1012,-1.34880000000000000,11.32932729261011318,237
1013,-1.40209999999999990,11.44966421620398833,238
1014,-0.79332000000000003,11.51872678402947514,239
1015,-1.05020000000000002,11.46427290595138260,240
1016,-1.58390000000000009,11.47777783866324341,241
1017,-1.45039999999999991,11.49855017552868830,242
1018,-1.27560000000000007,11.43844395097191580,1192
1019,-1.19199999999999995,11.17042283401871750,1192
1020,-0.95377000000000001,11.05808969336529124,1193
1021,-1.49689999999999990,11.18757117121393563,1194
1022,-1.37139999999999995,11.16015520697847485,1195
1023,-0.52251999999999998,11.20534016668079502,1196
1024,-0.62861999999999996,11.07228157151622305,1197
1025,-0.59172999999999998,10.94064543769188802,1198
1026,-1.02489999999999992,10.88911468603148336,1199
1027,-0.44592999999999999,10.71036446496559513,1200
1028,-0.38630999999999999,10.85718740363319235,1201
1029,-0.32686999999999999,10.96056590075958148,1202
1030,-0.42562000000000000,10.96489602225458881,1204
1031,-0.85041000000000000,10.88330869980551618,1205
1032,-0.92486999999999997,10.88267152142913652,1206
1033,-1.02780000000000005,10.87702121753935103,1207
1034,-0.96609000000000000,10.80809660077099643,1208
1035,-0.85367999999999999,10.72639681909568665,1209
1036,-1.06329999999999991,10.67983257344676140,1210
1037,-0.91773000000000005,10.49942573739989982,1211
1038,-0.51659999999999995,10.44310549466664462,1212
1039,-0.52525999999999995,10.37758690645865656,1213
1040,-0.61512000000000000,10.40827929794968121,1214
1041,-0.66281000000000001,10.44153100542236423,1215
1042,-0.67174999999999996,10.42316175435627557,1216
1043,-0.72562000000000004,10.37982113916749327,1217
1044,-0.53661000000000003,10.33796556775667419,1218
1045,-0.88165000000000004,10.42019085791493538,1219
1046,-0.83145000000000002,10.43225705504279333,1220
1047,-0.83601999999999999,10.36920355002575889,1221
1048,-0.78539000000000003,10.41328369140912002,1222
1049,-0.60345000000000004,10.41700837670282453,1223
1050,-0.64258000000000004,10.44774659000319872,1224
1051,-0.41803000000000001,10.48217435259417307,1225
1052,-0.52554999999999996,10.45794221576410798,1226
1053,-0.71543000000000001,10.44453176667820493,1227
1054,-0.72619000000000000,10.38438824744530109,1228
1055,-0.63454999999999995,10.28229972319001639,1229
1056,-0.68028999999999995,10.21581482764807802,1230
1057,-0.47055999999999998,10.24677842741862577,1231
1058,-1.35050000000000003,10.23718022458190546,1232
1059,-1.41890000000000005,9.95494704403855302,1233
1060,-1.42759999999999998,9.74947666008805491,1234
1061,-1.08240000000000003,9.26125997421853242,1218
1062,-1.46900000000000008,9.44487338138371335,1219
1063,-1.35509999999999997,9.31463382662320782,1220
1064,-1.52550000000000008,9.39597014233093830,1221
1065,-1.05279999999999996,9.24287359323488289,1222
1066,-0.72636999999999996,9.21151643393152320,1223
1067,-0.62361000000000000,9.22947529144485657,1224
1068,-0.66635999999999995,9.26478410168591537,1225
1069,-0.86107000000000000,9.30300623024251472,1226
1070,-1.24130000000000007,9.28200559207933829,1227
1071,-1.30929999999999991,9.22816501033219261,1228
1072,-1.29640000000000000,9.07515035876469511,1229
1073,-1.06069999999999998,9.03564937042069616,1230
1074,-0.51114000000000004,8.96947278628966238,1231
1075,-0.49225999999999998,8.95192755191148670,1232
1076,-0.92979999999999996,8.95522589354508369,1233
1077,-0.95548000000000000,8.92489853030797420,1234
1078,-1.27099999999999991,9.07669297611424852,1235
1079,-1.26899999999999991,9.28212713257022415,1220
1080,-0.92435999999999996,9.35567732947455788,1221
1081,-0.96935000000000004,9.44843563866351310,1222
1082,-0.58592999999999995,9.40952281057993289,1223
1083,-0.40011999999999998,9.41727933558230745,1240
1084,-0.49752000000000002,9.40117795246102261,1241
1085,-0.79313999999999996,9.42462362056188852,1226
1086,-0.81433000000000000,9.46265535303358085,1243
1087,-0.86324000000000001,9.46862860780924898,1244
1088,-0.68274999999999997,9.45165554822652076,1245
1089,-0.60028000000000004,9.45043225176712198,1246
1090,-0.41439999999999999,9.44878822165992815,1247
1091,-0.43669000000000002,9.43103575824939888,1248
1092,-0.57877000000000001,9.58225480363466353,1249
1093,-1.02360000000000007,9.68394892144461394,1250
1094,-1.03940000000000010,9.88937224616541499,1235
1095,-1.02590000000000003,9.99092713266043830,1236
1096,-0.98502999999999996,10.05580390305342320,1237
1097,-0.86607000000000001,10.06777189433135611,1238
1098,-0.85790000000000000,9.95904812356501878,1239
1099,-0.61899999999999999,9.97750074785968266,1240
1100,-0.61160999999999999,10.14728760138557639,1241
1101,-0.82147000000000003,10.27685796048172229,1242
1102,-0.93125999999999998,10.33017142815754674,1243
1103,-0.96360999999999997,10.31215313382530496,1244
1104,-1.01550000000000007,10.27611216873016708,1245
1105,-0.84516000000000002,10.29621396609630501,1246
1106,-0.66242999999999996,10.36127335594165366,1247
1107,-0.49852999999999997,10.42934534497185872,1248
1108,-0.53732000000000002,10.51238259163337929,1249
1109,-0.60214999999999996,10.43544368159900948,1250
1110,-0.82669999999999999,10.29027727443437357,1251
1111,-0.94086000000000003,10.27973695809356691,1252
1112,-0.93784999999999996,10.32719016626993991,1253
1113,-0.82977000000000001,10.37370589899999374,1254
1114,-0.60526999999999997,10.35919167406124330,1272
1115,-0.55957000000000001,10.51321435690808137,1273
1116,-0.47678999999999999,10.81521892744400581,1290
1117,-0.67269999999999996,10.85012320363797933,1275
1118,-0.85821000000000003,10.82424104991113012,1276
1119,-0.88997000000000004,10.91000268282975938,1277
1120,-0.63458000000000003,10.94098614273888614,1278
1121,-0.65542999999999996,10.94944435664557858,1279
1122,-0.67042999999999997,10.97474327768515501,1280
1123,-0.65797000000000005,11.02295769136923198,1281
1124,-0.69462000000000002,11.06648106878236604,1282
1125,-0.68864000000000003,11.09323020372407242,1283
1126,-0.55405000000000004,11.08972164046448050,1284
1127,-0.56428000000000000,11.15482516902117816,800
1128,-0.72768999999999995,10.75292037730990558,800
1129,-0.93106999999999995,10.66048525319803453,801
1130,-0.94472000000000000,10.61307556304056021,802
1131,-1.01699999999999990,10.53287104748831737,803
1132,-0.84467000000000003,10.37121442743723065,804
1133,-0.69754000000000005,10.29584661103370991,805
1134,-0.67601000000000000,10.24840318448913834,806
1135,-0.66088999999999998,10.24920779889849065,807
1136,-0.53896999999999995,10.32932016580335421,808
1137,-0.51344000000000001,10.25134387489213417,809
1138,-0.69296999999999997,10.26468659874769962,810
1139,-0.63578000000000001,10.30927723326455947,1065
1140,-0.53068000000000004,10.14389932972629005,1065
1141,-0.50700999999999996,9.99137026276171447,1066
1142,-0.40014000000000000,10.06773971848304861,1067
1143,-0.62839999999999996,10.23089631251586873,1068
1144,-0.90220999999999996,10.42364289958316625,1069
1145,-1.09230000000000005,10.36382901537814938,1070
1146,-1.10810000000000008,10.41996666701450636,1071
1147,-0.96928999999999998,10.61936820167185580,1073
1148,-0.79015999999999997,10.59121416049077702,1298
1149,-0.63553000000000004,10.55926362713685585,1299
1150,-0.62758000000000003,10.58887656004645095,1300
1151,-0.73897999999999997,10.53553508625775592,1077
1152,-0.84996000000000005,10.62618169286772485,1302
1153,-0.99931000000000003,10.53784731473973757,1079
1154,-0.98734999999999995,10.53464184748074217,1080
1155,-0.95133000000000001,10.59007890116144068,1305
1156,-0.61861999999999995,10.60380613420322327,1306
1157,-0.62544999999999995,10.61479281340036174,1307
1158,-0.52753000000000005,10.63731531962208088,1308
1159,-0.72724999999999995,10.70930505667856636,1309
1160,-0.89483999999999997,10.72469309202785936,1310
1161,-0.99255000000000004,10.69962560319867784,1311
1162,-1.10909999999999997,10.69836268819902969,1399
1163,-1.01639999999999997,10.62554996064501012,1400
1164,-0.88146999999999998,10.55520268402137063,1401
1165,-0.79403000000000001,10.54441978323511186,1402
1166,-0.47186000000000000,10.49947073363363081,1092
1167,-0.47353000000000001,10.56397864027666778,1093
1168,-0.80628999999999995,10.41499010147561677,1094
1169,-0.93308000000000002,10.46417614623296011,1406
1170,-0.95489000000000002,10.36444425952246462,1407
1171,-0.95562999999999998,10.30086292950343108,1408
1172,-0.83703000000000005,10.29277811652375085,1409
1173,-0.52410000000000001,10.26874967770551805,1410
1174,-0.41811999999999999,10.23927172979073674,1411
1175,-0.60718000000000005,10.13316577741340652,1412
1176,-0.69552000000000003,10.08335559565539441,1413
1177,-1.01520000000000010,10.06417158108080478,1414
1178,-1.18639999999999990,9.89571856208721812,1415
1179,-1.15300000000000002,9.88820909551660954,1416
1180,-1.02930000000000010,9.88015357821330298,1417
1181,-0.86873000000000000,9.87388606270600278,1418
1182,-0.68547999999999998,9.86103278884603007,1265
1183,-0.65456000000000003,9.81577434503431689,1266
1184,-0.78576000000000001,9.72364680829821815,1267
1185,-0.87970999999999999,9.63936728444854474,1268
1186,-0.88488000000000000,9.61849240468792921,1423
1187,-0.89134999999999998,9.67763769659089412,1424
1188,-0.93113999999999997,9.66427228311420983,1271
1189,-0.56032000000000004,9.61075094187700074,1272
1190,-0.56228000000000000,9.56158721163019720,1427
1191,-0.42441000000000001,9.53025403048977715,1428
1192,-0.61531999999999998,9.47498408303583517,1429
1193,-0.81698999999999999,9.46966845597554574,1430
1194,-0.95293000000000005,9.41463561973225360,1431
1195,-1.09060000000000001,9.47391822099799263,1432
1196,-0.98063999999999996,9.30451356074410540,1279
1197,-1.13260000000000005,9.10283199230777740,1280
1198,-0.71140000000000003,8.85258163119575592,1281
1199,-0.57042000000000004,8.81492769536104603,1282
1200,-0.48426000000000002,8.81587530470575942,1283
1201,-0.56696999999999997,9.17475504891385363,1284
1202,-0.57430999999999999,9.14872581382423178,1285
1203,-0.69984999999999997,9.29580327534784168,1286
1204,-0.80615000000000003,9.23491271641118416,1287
1205,-0.89402000000000004,9.12970689435885774,1442
1206,-0.81250000000000000,9.12121341349205217,1443
1207,-0.67818000000000001,9.12891636407296936,1444
1208,-0.62746999999999997,9.13389064030525688,1445
1209,-0.61958999999999997,9.14701762829863263,1446
1210,-0.52422000000000002,9.15261332945939365,1447
1211,-0.67918000000000001,9.21038215316574238,1448
1212,-0.80383000000000004,9.20717997603899718,1449
1213,-0.64476999999999995,9.15707427208478286,1450
1214,-0.60846999999999996,9.19180031438086687,1451
1215,-0.50216000000000005,9.13365647030073191,1452
1216,-0.44418999999999997,9.10820725229921813,1453
1217,-0.52758000000000005,9.15961280160697200,1454
1218,-0.88922000000000001,9.13696258671525996,1455
1219,-0.96821000000000002,8.95182876140401085,1456
1220,-1.19239999999999990,8.98659429949186794,1457
1221,-0.99700999999999995,8.94591414314414735,1458
1222,-0.81435999999999997,8.95974638046402738,1459
1223,-0.68296000000000001,8.95923716504988477,1460
1224,-0.60845000000000005,9.00438991717878068,1461
1225,-0.82133000000000000,9.04363352271232657,1462
1226,-0.80954999999999999,9.12373613789653959,1463
1227,-0.97409999999999997,9.24560863673375799,1464
1228,-0.95686000000000004,9.22816501033219261,1071
1229,-1.00180000000000002,9.07515035876469511,1072
1230,-0.83087999999999995,9.03564937042069616,1073
1231,-0.64017999999999997,8.96947278628966238,1074
1232,-0.66601999999999995,8.95192755191148670,1075
1233,-0.77900000000000003,8.95522589354508369,1076
1234,-1.10549999999999993,8.92489853030797420,1077
1235,-1.55750000000000011,8.93232631279992439,1472
1236,-1.57139999999999991,9.07078802539125739,1473
1237,-1.53879999999999995,9.23292471441073737,1474
1238,-1.53150000000000008,9.43492636864091594,1475
1239,-0.92900000000000005,9.46564438492186611,1082
1240,-0.66686999999999996,9.41727933558230745,1083
1241,-0.59067000000000003,9.40117795246102261,1084
1242,-0.69403000000000004,9.44011655949340422,1085
1243,-0.77144999999999997,9.46265535303358085,1086
1244,-0.79827000000000004,9.46862860780924898,1087
1245,-0.87353999999999998,9.45165554822652076,1088
1246,-0.63122000000000000,9.45043225176712198,1089
1247,-0.60107999999999995,9.44878822165992815,1090
1248,-0.41099999999999998,9.43103575824939888,1091
1249,-0.75155000000000005,9.58225480363466353,1092
1250,-0.91008000000000000,9.68394892144461394,1093
1251,-1.09230000000000005,10.13960283001826568,1094
1252,-1.07489999999999997,10.27973695809356691,1111
1253,-1.06139999999999990,10.32719016626993991,1112
1254,-0.83692999999999995,10.37370589899999374,1113
1255,-0.76356000000000002,10.40858970419365903,1114
1256,-0.51090000000000002,10.49186326588099227,1082
1257,-0.57647000000000004,10.52481163412631915,1083
1258,-0.48414000000000001,10.57374835800456658,1084
1259,-0.55571000000000004,10.65517343410971840,1085
1260,-0.59380999999999995,10.58868703236361597,1086
1261,-0.54239999999999999,10.61264540390907385,1087
1262,-0.45418999999999998,10.51206947003199410,1088
1263,-0.42427999999999999,10.24762293473125929,1180
1264,-0.39766000000000001,10.04150818022178093,1181
1265,-0.59523000000000004,9.86103278884603007,1182
1266,-0.95108999999999999,9.81577434503431689,1183
1267,-1.10759999999999992,9.72364680829821815,1184
1268,-1.13319999999999999,9.63936728444854474,1185
1269,-0.91832000000000003,9.62434524157755078,1186
1270,-0.83440000000000003,9.68053210976479761,1187
1271,-0.70218000000000003,9.66427228311420983,1188
1272,-0.53791000000000000,9.61075094187700074,1189
1273,-0.63866000000000001,9.65152822559639034,1190
1274,-0.79237000000000002,9.67988600812261524,1191
1275,-0.77354999999999996,9.61140106655241411,1192
1276,-0.88978000000000002,9.60391861518673018,1193
1277,-0.83267999999999998,9.58892637355393518,1194
1278,-0.60662000000000005,9.56265249757715807,1195
1279,-0.51263000000000003,9.30451356074410540,1196
1280,-0.63154999999999994,9.10283199230777740,1197
1281,-0.75822000000000001,8.85258163119575592,1198
1282,-0.58750999999999998,8.81492769536104603,1199
1283,-0.45857999999999999,8.81587530470575942,1200
1284,-0.62068999999999996,9.17475504891385363,1201
1285,-0.82643000000000000,9.14872581382423178,1202
1286,-1.04509999999999992,9.29580327534784168,1203
1287,-1.04049999999999998,9.23491271641118416,1204
1288,-1.05950000000000011,9.18737932234926902,1205
1289,-0.96784999999999999,9.24688277026799454,1206
1290,-0.66493999999999998,9.23733528879536969,1207
1291,-0.56262000000000001,9.25118318446997279,1208
1292,-0.56538999999999995,9.26479589258379832,1209
1293,-0.64271000000000000,9.27943375757344491,1210
1294,-0.84097999999999995,9.34362266548544440,1211
1295,-0.94325000000000003,9.31838854788735027,1212
1296,-0.96592000000000000,9.33289303674678195,1213
1297,-0.96738999999999997,9.28238720158317676,1214
1298,-0.71808000000000005,9.15935228184152805,1215
1299,-0.55018000000000000,9.17433720475242431,1216
1300,-0.55620999999999998,9.27426673387935807,1217
1301,-0.86412999999999995,9.43671866179271568,1218
1302,-1.01039999999999996,10.07907111460505334,1219
1303,-1.00279999999999991,10.08486040738868539,1220
1304,-1.00590000000000002,10.08742525460585604,1221
1305,-0.89132999999999996,10.11241520802726868,1222
1306,-0.70794000000000001,10.14437604715637775,1223
1307,-0.65698000000000001,10.16741777173236017,1224
1308,-0.48730000000000001,10.19902397955443796,1225
1309,-0.65546000000000004,10.13114166806732541,1226
1310,-0.89183000000000001,10.11509929530310181,1227
1311,-0.94011999999999996,10.09245897897681310,1228
1312,-0.89568000000000003,10.04929771925595006,1229
1313,-1.02730000000000010,9.96878454703431061,1073
1314,-0.62524000000000002,10.00189025224440798,1074
1315,-0.52949999999999997,10.01818773583388733,1075
1316,-0.53441000000000005,10.02814215919744356,1233
1317,-0.77564000000000000,9.88882275788565579,1077
1318,-1.02439999999999998,9.92683848211705211,1235
1319,-1.06450000000000000,9.86500953688705451,1236
1320,-1.62810000000000010,9.80647433033039384,1237
1321,-1.15349999999999997,10.11280744181409652,1081
1322,-1.02360000000000007,10.69054981671581217,1082
1323,-0.67949000000000004,10.67014544867810599,1083
1324,-0.53854999999999997,10.71074575531641671,1084
1325,-0.67025999999999997,10.80705052288344170,1085
1326,-0.86951999999999996,10.85984598228970199,1086
1327,-0.86921999999999999,10.88028915127595475,1087
1328,-0.93496000000000001,10.87027967021449193,1088
1329,-0.96184000000000003,10.81444195108572437,1089
1330,-0.70779000000000003,10.72349097963284592,1090
1331,-0.63338000000000005,10.65774065389722125,1091
1332,-0.60429999999999995,10.69779207137919919,1092
1333,-0.84474000000000005,10.85605509559531434,1093
1334,-1.20560000000000000,10.80243783963507553,1094
1335,-1.26429999999999998,10.88499689691603578,1095
1336,-1.06980000000000008,11.07757971906316996,1096
1337,-1.09159999999999990,11.21677288946959195,1525
1338,-1.56749999999999989,11.20306975204759858,1526
1339,-0.67329000000000006,10.86255289439095861,1527
1340,-0.65722999999999998,10.93441906708996036,1528
1341,-0.83160999999999996,11.14026971306558345,1529
1342,-0.73651999999999995,11.02597714392382144,1530
1343,-0.78761999999999999,11.03023790552273020,1531
1344,-0.80857999999999997,10.86877472182886706,1532
1345,-0.72126999999999997,10.93475080748481254,1533
1346,-0.67584000000000000,10.85002002058969239,1534
1347,-0.65358000000000005,10.84618232788518633,1535
1348,-0.51188999999999996,10.69559301362698100,1536
1349,-0.78249000000000002,10.49558817721262294,1537
1350,-0.97060000000000002,10.45249900736485316,1538
1351,-1.12939999999999996,10.45548569593179700,1539
1352,-0.98558999999999997,10.53387157404773333,1540
1353,-0.90475000000000005,11.01336254778523127,1524
1354,-0.81196999999999997,11.17357596414076681,1509
1355,-0.69338000000000000,10.83209430728062905,1510
1356,-0.61024999999999996,10.61324949762861181,1511
1357,-0.58882999999999996,10.59908274724635646,1512
1358,-0.72697999999999996,10.62224479237937125,1390
1359,-0.82937000000000005,10.62901390047725236,1391
1360,-0.59938000000000002,10.61943127836097567,1392
1361,-0.83340000000000003,10.61556235109700275,1393
1362,-0.73090999999999995,10.60476294190788771,1394
1363,-0.73399000000000003,10.55864511529565775,1395
1364,-0.62404999999999999,10.52698121253825470,1396
1365,-0.81672000000000000,10.47062318526731772,1397
1366,-0.44888000000000000,10.41684210659586185,1398
1367,-0.56889000000000001,10.46308383110213569,1399
1368,-0.89715999999999996,10.47244145638042490,1400
1369,-1.29590000000000005,11.01622966388399227,1401
1370,-1.47209999999999996,11.12470921845851990,1525
1371,-1.01289999999999991,11.02586989119779126,1526
1372,-0.76629000000000003,11.10565692012738204,1527
1373,-0.77815000000000001,11.17854631296079759,1528
1374,-0.57476000000000005,11.20479698542600566,1529
1375,-0.58845000000000003,11.17993363960259501,1530
1376,-0.69404999999999994,11.20076101939908320,1531
1377,-0.67040999999999995,11.48673731042131330,1532
1378,-0.80923000000000000,11.60362226131724483,1533
1379,-1.18290000000000006,11.67327287307636574,1534
1380,-1.30539999999999989,11.69647020097738377,1535
1381,-0.72096000000000005,11.55471735557349255,1143
1382,-0.59997000000000000,11.55549080282932906,1144
1383,-0.92915999999999999,11.55350825841466822,1145
1384,-1.00730000000000008,11.60320711870758892,1147
1385,-1.13850000000000007,11.49658887202357072,1148
1386,-1.12830000000000008,11.34385604585837370,1149
1387,-1.28259999999999996,11.18233945289263964,1355
1388,-1.04449999999999998,10.75225228850593240,1356
1389,-1.01370000000000005,10.69548459712052058,1357
1390,-0.55532000000000004,10.62224479237937125,1358
1391,-0.73507999999999996,10.62901390047725236,1359
1392,-0.78464999999999996,10.61943127836097567,1360
1393,-0.87360000000000004,10.61556235109700275,1361
1394,-1.05899999999999994,10.60476294190788771,1362
1395,-1.07729999999999992,10.55864511529565775,1363
1396,-0.96421000000000001,10.52698121253825470,1364
1397,-0.73109999999999997,10.47062318526731772,1365
1398,-0.61160999999999999,10.41684210659586185,1366
1399,-0.79144000000000003,10.46308383110213569,1367
1400,-0.95823999999999998,10.47244145638042490,1368
1401,-1.08870000000000000,10.55520268402137063,1164
1402,-1.04160000000000008,10.54441978323511186,1165
1403,-0.94216000000000000,10.60813155371136141,1166
1404,-1.11749999999999994,10.62438616079580811,1167
1405,-0.61877000000000004,10.48164880535811605,1168
1406,-0.51598999999999995,10.46417614623296011,1169
1407,-0.67754999999999999,10.36444425952246462,1170
1408,-0.98828000000000005,10.30086292950343108,1171
1409,-0.98643999999999998,10.29277811652375085,1172
1410,-0.84450000000000003,10.26874967770551805,1173
1411,-0.94408000000000003,10.23927172979073674,1174
1412,-0.95987999999999996,10.13316577741340652,1175
1413,-0.48838999999999999,10.08335559565539441,1176
1414,-0.51768000000000003,10.06417158108080478,1177
1415,-0.84455999999999998,9.89571856208721812,1178
1416,-1.01909999999999989,9.88820909551660954,1179
1417,-1.08050000000000002,9.88015357821330298,1180
1418,-0.99777000000000005,9.87388606270600278,1181
1419,-0.86887999999999999,9.88505631013789277,1182
1420,-0.73846000000000001,9.86241123632594352,1183
1421,-0.58335999999999999,9.82481640273362444,1184
1422,-0.46017999999999998,9.75451372990952059,1185
1423,-0.50783000000000000,9.61849240468792921,1186
1424,-0.96301999999999999,9.67763769659089412,1187
1425,-0.98862000000000005,9.66701664566514829,1188
1426,-0.93611000000000000,9.61812841098687343,1189
1427,-0.90166999999999997,9.56158721163019720,1190
1428,-0.80742000000000003,9.53025403048977715,1191
1429,-0.81071000000000004,9.47498408303583517,1192
1430,-0.52615999999999996,9.46966845597554574,1193
1431,-0.60363000000000000,9.41463561973225360,1194
1432,-0.80830999999999997,9.47391822099799263,1195
1433,-0.87080000000000002,9.33201646175085564,1196
1434,-1.03919999999999990,9.25801871669528964,1197
1435,-0.98168000000000000,9.26218599233081896,1198
1436,-1.00439999999999996,9.24318472751837206,1199
1437,-0.68535999999999997,9.15649363591484899,1200
1438,-0.61055999999999999,9.30186112398625298,1201
1439,-0.48837000000000003,9.33556114943765358,1202
1440,-0.99963000000000002,9.33683573249436272,1203
1441,-1.49360000000000004,9.30275532626095014,1204
1442,-0.97196000000000005,9.12970689435885774,1205
1443,-0.90105000000000002,9.12121341349205217,1206
1444,-0.75770999999999999,9.12891636407296936,1207
1445,-0.65847999999999995,9.13389064030525688,1208
1446,-0.72653000000000001,9.14701762829863263,1209
1447,-0.75102000000000002,9.15261332945939365,1210
1448,-0.55686000000000002,9.21038215316574238,1211
1449,-0.66224000000000005,9.20717997603899718,1212
1450,-0.52671999999999997,9.15707427208478286,1213
1451,-0.69305000000000005,9.19180031438086687,1214
1452,-0.41769000000000001,9.13365647030073191,1215
1453,-0.37202000000000002,9.10820725229921813,1216
1454,-0.68398999999999999,9.15961280160697200,1217
1455,-0.88585000000000003,9.13696258671525996,1218
1456,-0.90491999999999995,8.95182876140401085,1219
1457,-1.04140000000000010,8.98659429949186794,1220
1458,-1.07430000000000003,8.94591414314414735,1221
1459,-0.82472000000000001,8.95974638046402738,1222
1460,-0.88619000000000003,8.95923716504988477,1223
1461,-0.53783999999999998,9.00438991717878068,1224
1462,-0.75858999999999999,9.04363352271232657,1225
1463,-0.47841000000000000,9.12373613789653959,1226
1464,-0.84470999999999996,9.24560863673375799,1227
1465,-0.46139999999999998,9.37606931904291940,1228
1466,-0.72774000000000005,9.25181938725238062,1229
1467,-0.60692999999999997,9.15330782228624784,1230
1468,-0.36658000000000002,9.09061465836055937,1231
1469,-0.44489000000000001,9.01340658715450083,1232
1470,-0.72063999999999995,8.98287629246223673,1233
1471,-0.82223000000000002,8.97084875353142408,1234
1472,-1.52479999999999993,8.93232631279992439,1235
1473,-1.57269999999999999,9.07078802539125739,1236
1474,-1.60529999999999995,9.23292471441073737,1237
1475,-1.56079999999999997,9.43492636864091594,1238
1476,-0.74178999999999995,9.66415563724717686,1239
1477,-0.67930999999999997,9.59564993308255332,1240
1478,-0.79568000000000005,9.73578588595724170,1240
1479,-0.91339000000000004,9.79424164961433874,1242
1480,-0.98011999999999999,9.89152872955403950,1243
1481,-0.95257000000000003,9.99872409386440530,1244
1482,-0.92503999999999997,10.10126013741054329,1245
1483,-0.82728999999999997,10.09689238666516786,1245
1484,-0.57669999999999999,10.06966040935373385,1246
1485,-0.51146999999999998,10.10659803688741043,1247
1486,-0.73934000000000000,10.18733551794423953,1248
1487,-0.96977999999999998,10.23734455706778235,1249
1488,-1.58420000000000005,10.35988150886831782,1250
1489,-1.39379999999999993,10.94905689576539665,1252
1490,-1.17920000000000003,11.02649849347938371,1253
1491,-1.49229999999999996,11.05833824756621375,1254
1492,-0.87860000000000005,10.97917115641627284,1255
1493,-0.73192000000000002,10.92877045845794726,1256
1494,-0.54176000000000002,10.96647762617812560,1257
1495,-0.78688000000000002,11.03841563951633198,1258
1496,-0.90803999999999996,11.07237574553108850,1259
1497,-1.02069999999999994,11.18754920531151953,1260
1498,-1.00669999999999993,11.22329440030901893,1244
1499,-0.95770999999999995,11.23433959358909817,1262
1500,-0.72899999999999998,11.18923025754111222,1263
1501,-0.72208000000000006,11.24406641035002963,1106
1502,-0.86148000000000002,11.18053440072491611,5852
1503,-1.41280000000000006,11.02926434813777234,796
1504,-1.48459999999999992,11.12295877724150373,5854
1505,-1.48029999999999995,11.13089056521979714,1110
1506,-1.44239999999999990,11.12863757652960928,1111
1507,-1.56600000000000006,11.17642743415844464,1112
1508,-0.96796000000000004,11.17296986314098994,1246
1509,-0.80696999999999997,11.17357596414076681,1354
1510,-0.77561999999999998,10.83209430728062905,1355
1511,-0.97901000000000005,10.61324949762861181,1356
1512,-0.97629999999999995,10.59908274724635646,1357
1513,-1.04770000000000008,10.63948623615224953,1358
1514,-1.05850000000000000,10.63981326318758569,1359
1515,-1.04810000000000003,10.67271534827285073,1360
1516,-0.74634999999999996,10.69244298659034165,1361
1517,-0.59218000000000004,10.85908462624459681,1362
1518,-0.79647000000000001,10.85441049300281335,1156
1519,-0.84745000000000004,10.90752106491898665,1157
1520,-0.51963000000000004,10.93264964941142914,1365
1521,-0.40977000000000002,10.79122585544120305,1366
1522,-0.48309000000000002,10.96374265362030798,1367
1523,-0.70618000000000003,10.84126758662334566,1161
1524,-0.86860000000000004,10.74768154140495824,1162
1525,-0.93469999999999998,10.67664326659577512,1163
1526,-0.86202000000000001,10.67399387636401720,1164
1527,-0.83818000000000004,10.66603229619086157,1165
1528,-0.69823000000000002,10.74900120304926077,1166
1529,-0.64849999999999997,10.83359842678278184,4707
1530,-0.77822000000000002,10.66839208129370675,4708
1531,-0.85011999999999999,10.59849278943368489,4709
1532,-0.94686000000000003,10.44285795675222417,4710
1533,-1.02519999999999989,10.32129619417623090,4711
1534,-0.88251000000000002,10.25726584361022198,4712
1535,-1.23029999999999995,10.15918924462472006,4713
1536,-0.73502000000000001,9.94605241881373558,4714
1537,-0.59404000000000001,9.67755197314312277,4715
1538,-0.86229999999999996,9.60685938494972724,4716
1539,-1.02249999999999996,9.43066997578999633,4717
1540,-1.34420000000000006,9.30338176870453637,4718
1541,-1.46080000000000010,9.17062649634061522,4719
1542,-1.07319999999999993,9.09989962378342021,4720
1543,-1.42860000000000009,9.11739311944158004,4721
1544,-0.65539000000000003,8.92978718682768680,4722
1545,-0.54257000000000000,8.78514498015208645,4723
1546,-0.70298000000000005,9.06916293297309473,4724
1547,-0.91015999999999997,9.20998820382141759,4725
1548,-1.09289999999999998,9.49345614121918935,4726
1549,-0.97162999999999999,9.78572666851932560,4727
1550,-0.95965999999999996,9.67634811765327107,4728
1551,-1.29669999999999996,9.60623021615559658,4729
1552,-0.55701000000000001,9.68230240701012512,4730
1553,-0.55220999999999998,9.68270968176054403,4731
1554,-0.73253999999999997,9.67717068143213055,4732
1555,-1.01190000000000002,9.70103816042919753,4733
1556,-1.07200000000000006,9.95535148456236030,4734
1557,-1.14310000000000000,10.52396083879001232,2344
1558,-1.04580000000000006,10.48366523419187146,2345
1559,-1.39599999999999991,10.46688105096395560,2346
1560,-0.71623000000000003,10.45733034658620042,2347
1561,-0.58489000000000002,10.58963424338912951,2348
1562,-0.64905000000000002,10.52555869270949351,1673
1563,-0.85043999999999997,10.47393357275143444,1674
1564,-0.96684000000000003,10.49716782672308923,1675
1565,-1.00299999999999989,10.40964835916040165,1676
1566,-1.02180000000000004,10.47462605582401984,1677
1567,-1.10379999999999989,10.38101134130121572,1678
1568,-0.75873999999999997,10.44460104803048850,1679
1569,-0.62014999999999998,10.30631271434777041,1680
1570,-0.75488000000000000,10.40200332322938870,1681
1571,-1.30370000000000008,10.44868987334930566,1682
1572,-1.34709999999999996,10.56974965797599886,1683
1573,-1.40149999999999997,10.64056205731044358,1684
1574,-1.42490000000000006,10.62194879150854021,1685
1575,-1.51709999999999989,10.59743215664707527,1686
1576,-1.07269999999999999,10.56051903890777055,1687
1577,-0.69245999999999996,10.55227711871060770,1688
1578,-0.84924999999999995,10.54274752517200220,1689
1579,-0.91993000000000003,10.56208072526234432,1690
1580,-1.22009999999999996,10.57713273606530180,1691
1581,-1.04039999999999999,10.59705638841045783,1692
1582,-1.26150000000000007,10.59011450785370734,1693
1583,-1.42579999999999996,10.61450393306970952,1694
1584,-1.36200000000000010,10.65310112935448394,1695
1585,-1.00510000000000010,10.70480531660706092,1696
1586,-0.87707999999999997,10.71160190233048581,1697
1587,-1.41470000000000007,10.68983179117846305,1698
1588,-1.44960000000000000,10.60051577759564090,7394
1589,-1.27699999999999991,10.33182545970481669,7395
1590,-1.24520000000000008,10.40530028893562431,7396
1591,-1.42490000000000006,10.55023416813570059,7397
1592,-0.82272000000000001,10.91549325338977994,7398
1593,-0.68994999999999995,10.90982270438504464,7399
1594,-0.74399999999999999,10.85456725942234080,7400
1595,-1.02109999999999990,10.74505524300835901,7401
1596,-1.25590000000000002,10.72728266349001736,7402
1597,-1.24449999999999994,10.83116818407270010,7403
1598,-1.34450000000000003,10.70463695297687501,375
1599,-1.36840000000000006,10.56144765552841314,376
1600,-1.42009999999999992,10.44673941517549309,377
1601,-1.24550000000000005,10.45492301218467901,378
1602,-0.87304000000000004,10.31640235805559236,4052
1603,-0.90459999999999996,10.28897455783072523,4053
1604,-0.87572000000000005,10.19128425853031494,4054
1605,-1.04069999999999996,10.45331835085092465,4055
1606,-1.03180000000000005,10.32704558305732689,4056
1607,-1.01659999999999995,10.45995796006584833,4057
1608,-0.44925999999999999,10.34517967886484868,4058
1609,-0.79454000000000002,10.29736339736727935,4059
1610,-0.87917000000000001,10.26393860915566414,4060
1611,-0.75844000000000000,10.21739527571100048,4061
1612,-0.54854000000000003,10.16315527585565981,4062
1613,-0.86763999999999997,10.06829882186926106,4063
1614,-1.01829999999999998,9.98434828784758821,4064
1615,-0.99424999999999997,9.97528397251326737,4065
1616,-0.88229999999999997,9.92336772923580313,4066
1617,-0.96265999999999996,9.87589951121034737,4067
1618,-0.97946000000000000,9.78595227015656022,4068
1619,-0.88900999999999997,9.77752115678939937,4069
1620,-0.93210999999999999,9.74913927529865454,4070
1621,-0.84992999999999996,9.71537902512115004,4071
1622,-0.84674000000000005,9.67726286058037566,4072
1623,-0.74634000000000000,9.66053156449578942,4073
1624,-0.79620000000000002,9.63887209035331871,4074
1625,-0.83296999999999999,9.60650585091710951,4075
1626,-0.84552000000000005,9.57543165036806876,4076
1627,-1.00760000000000005,9.55651684377262356,4077
1628,-1.66090000000000004,9.48856640422029685,4078
1629,-1.61509999999999998,9.40082486051038835,4079
1630,-1.51780000000000004,9.37894398591537559,4080
1631,-0.98953000000000002,9.21704798756644550,4081
1632,-1.17710000000000004,9.17348273227464261,4082
1633,-1.13080000000000003,9.17503934202103366,4083
1634,-0.77605999999999997,9.18914210991640523,4084
1635,-0.75231999999999999,9.20674900467245472,4085
1636,-0.41321000000000002,9.27138976082681410,4086
1637,-0.52719000000000005,9.65521652937625774,4087
1638,-0.80457000000000001,9.73378152190937485,4088
1639,-0.26569999999999999,9.74484435029989093,4089
1640,-0.40075000000000000,9.76487674024047259,4090
1641,-0.28082000000000001,10.04666145963595270,4091
1642,-0.61111000000000004,10.09870466916167686,4094
1643,-1.09919999999999995,9.92066297146334541,4095
1644,-0.97126000000000001,9.89207159238289968,4095
1645,-0.93976000000000004,9.83608526890039236,4095
1646,-0.98919000000000001,9.95436586421248037,4096
1647,-0.50990000000000002,9.97949633933251512,3921
1648,-0.29696000000000000,9.91773327434914265,3921
1649,-0.53176000000000001,9.95172679645410874,3922
1650,-0.81774000000000002,10.01968102037123209,3923
1651,0.04769600000000000,10.07847467462895352,3924
1652,-0.49106000000000000,10.08073260283842210,3925
1653,-0.61567000000000005,10.00929820839214557,4731
1654,-0.54457000000000000,9.93144128006852078,4732
1655,-0.31938000000000000,9.88557504784665930,4733
1656,-0.06774600000000000,9.84246178665706140,4734
1657,-0.69481000000000004,9.98152393209594102,4727
1658,-0.27078000000000002,9.98175951755274760,7134
1659,-0.31463000000000002,9.99002092227017791,7135
1660,-0.26941999999999999,9.96196991219664518,2344
1661,-0.50626000000000004,9.88879583268803231,2345
1662,-0.76568000000000003,9.85516110395787592,2346
1663,-0.18226999999999999,9.83514537407378064,2347
1664,-0.26862000000000003,9.81453716584023717,2348
1665,-1.31770000000000009,9.79133382543617437,2349
1666,-1.38700000000000001,9.65173480522317639,2350
1667,-1.52849999999999997,9.56640299394544513,2351
1668,-1.54239999999999999,9.61529028811632180,2352
1669,-0.32801000000000002,9.62027952157604815,2353
1670,-0.49990000000000001,9.59576542371816998,2354
1671,-0.89632000000000001,9.57677661453170259,2355
1672,-0.73538999999999999,9.60130234038589947,2356
1673,-0.96775999999999995,9.68775028223454093,2357
1674,-0.95942000000000005,9.65847739163265828,5459
1675,-1.38769999999999993,9.60931860353598921,5460
1676,-1.43310000000000004,9.55788913512672345,5461
1677,-1.49229999999999996,9.42371087001656704,5462
1678,-1.15179999999999993,9.36317193006032511,5463
1679,-1.12650000000000006,9.25297908274162495,5464
1680,-0.48465999999999998,9.24375760287906623,5465
1681,-0.48019000000000001,9.21838170173266747,5466
1682,-0.46124999999999999,9.13675126481178879,1843
1683,-0.54471000000000003,8.95667564397035143,1844
1684,-0.53246000000000004,8.88085390104968297,1845
1685,-0.53034999999999999,8.67739422056965459,1846
1686,-0.48842999999999998,8.57266537362536063,1847
1687,-0.36498000000000003,8.40294480974687552,1848
1688,-0.51798000000000000,8.29774664445549348,1849
1689,-0.46390999999999999,8.14281145382588889,1850
1690,-0.50505999999999995,8.02241159597164000,1851
1691,-0.59277999999999997,7.91102706994291616,1852
1692,-0.68317000000000005,7.91941260462879804,1853
1693,-0.78961999999999999,8.07742664619870077,1854
1694,-0.76366999999999996,8.08113347085124367,1855
1695,-0.94774000000000003,8.08967862744265354,1856
1696,-0.87511000000000005,8.13727402568654412,1857
1697,-0.95240999999999998,8.16198215157878337,1858
1698,-1.06529999999999991,8.19753582065225217,1859
1699,-1.04370000000000007,8.25177527797463384,1860
1700,-1.07509999999999994,8.30366470603492424,1861
1701,-1.06560000000000010,8.34838498978686339,1862
1702,-1.00110000000000010,8.36339979858485805,1863
1703,-1.00120000000000009,8.38411586059817182,1864
1704,-1.00340000000000007,8.44095785404784493,1865
1705,-0.95250999999999997,8.54806381965932083,1866
1706,-0.94974000000000003,8.64339940480197200,1867
1707,-0.74002000000000001,8.71736214826636946,1868
1708,-0.45818999999999999,8.78420504571875504,1869
1709,-1.36270000000000002,8.77480821188972016,1870
1710,-1.47679999999999989,8.82284570073390029,1871
1711,-1.59279999999999999,8.91375557316127853,4441
1712,-0.14918000000000001,8.77793938833545440,4442
1713,-0.85480999999999996,8.77754613266436934,4443
1714,-0.36144999999999999,9.01438690801831122,4444
1715,-0.01551900000000000,9.03245218143181994,1876
1716,-0.06179900000000000,8.98506545742822915,1877
1717,-0.13058000000000000,8.89919901920669609,1878
1718,-0.08483200000000000,8.80282501816565244,1879
1719,-0.08514700000000000,8.69035370965928422,1880
1720,-0.63438000000000005,8.99603855309016964,5505
1721,-0.25547999999999998,8.74080604648592363,1881
1722,-0.54227999999999998,8.51613165767932401,1882
1723,-0.29574000000000000,8.32539917753172531,1883
1724,-1.22809999999999997,8.14055027215155746,1884
1725,-0.21017000000000000,7.90199385049816971,1885
1726,-0.91940000000000000,7.78422287216038455,1886
1727,-0.04633700000000000,7.74161023390254321,1887
1728,-0.43195000000000000,7.58296673448107761,1888
1729,-0.43935999999999997,7.49620275226702937,1889
1730,-0.36459999999999998,7.44214660281882256,1890
1731,-0.39913999999999999,7.40950647663269368,1891
1732,-0.38640999999999998,7.33416498790714311,1892
1733,0.29309000000000002,7.43810297688231348,1893
1734,-0.44223000000000001,7.06616130142999399,1894
1735,-0.46085999999999999,7.02358586297793330,1895
1736,-0.42714000000000002,6.98296017221375909,1896
1737,-0.47921000000000002,6.94994502071609421,1897
1738,-0.39728999999999998,6.86804140493870463,1898
1739,-0.27121000000000001,6.81536484948414500,1899
1740,-0.37352999999999997,6.76661302437728462,1900
1741,-0.34205000000000002,6.72376923783180835,1901
1742,-0.29731999999999997,6.66827838370690618,1902
1743,-0.30678000000000000,6.63349533308691708,1903
1744,-0.25455000000000000,6.60255891071897238,1904
1745,0.15956000000000001,6.65429244580311341,1905
1746,-0.29594999999999999,6.67973461170912053,1906
1747,0.43132999999999999,6.81779236401626587,1907
1748,-0.00949280000000000,6.60097255975383579,1908
1749,-0.43290000000000001,6.48751556735965895,1909
1750,-0.32500000000000001,6.50568930550217495,1910
1751,-0.33604000000000001,6.49083499881347148,1911
1752,0.28366999999999998,6.54936974420426310,1912
1753,-0.38352000000000003,6.45461754697649059,1913
1754,-0.41510000000000002,6.46049003691749224,1914
1755,-0.36721999999999999,6.44341358982104140,1915
1756,0.20976000000000000,6.61647361560773195,1916
1757,-0.43824999999999997,6.65260184228822382,1917
1758,-0.43837999999999999,6.62545315821406255,1918
1759,-0.40719000000000000,6.57943859846732426,1919
1760,0.84103000000000006,6.56462174678952604,1920
1761,0.83681000000000005,6.80237029613155020,1921
1762,0.84067999999999998,6.98081681716962343,1922
1763,0.78625000000000000,7.17689705060165029,1923
1764,0.74150000000000005,7.30513352232307689,1924
1765,0.77002000000000004,7.48635781013957224,1925
1766,0.65166000000000002,7.74311003558279776,1926
1767,0.59260999999999997,7.84208635701280787,1927
1768,0.44131999999999999,7.96245865402692843,1928
1769,0.46007999999999999,8.04208306562695086,1929
1770,0.41454999999999997,8.20176003623100058,1930
1771,0.52283000000000002,8.33589248921437331,1931
1772,0.38061000000000000,8.41067562191788909,1932
1773,0.40217999999999998,8.53727429983235986,1933
1774,0.19333000000000000,8.58698647732175679,1934
1775,0.08959900000000000,8.80590259728019120,1935
1776,-0.51871999999999996,8.86980198921752461,1698
1777,-0.68632000000000004,8.81667781593301925,1699
1778,-0.71018999999999999,8.84187349687988977,1700
1779,-0.86094000000000004,8.92576252576325402,1701
1780,-1.10349999999999993,8.97818212913653113,1702
1781,-0.92974000000000001,9.05958205004910155,1703
1782,-0.91803999999999997,9.09501989754369333,4435
1783,-0.89532000000000000,8.94158176934391591,4435
1784,-0.91271000000000002,8.45059966453028544,4435
1785,-0.84314999999999996,8.40387412114547061,4436
1786,-0.58187999999999995,8.42998661533527205,4437
1787,-1.28200000000000003,8.42644844602470755,4438
1788,-1.19110000000000005,8.45572984567056984,4439
1789,-0.24499000000000001,8.50919518895207716,4440
1790,-0.83565999999999996,8.45219420490333029,4441
1791,-0.69430999999999998,8.54787407763381246,4442
1792,0.06874600000000000,8.67483841674149225,4443
1793,-0.48555999999999999,8.85217517720795222,4444
1794,-0.63314000000000004,8.91930513213891629,4445
1795,0.04417100000000000,9.06929417025418694,1717
1796,-0.82116000000000000,9.05775210808944031,4447
1797,0.16335000000000000,9.03922274477100629,4448
1798,-0.39196999999999999,8.95839016356202578,4449
1799,0.12185000000000000,8.96358246681378468,4450
1800,-0.76724000000000003,8.95723952191619510,5505
1801,-0.54845999999999995,8.73187088172190329,4452
1802,-1.04440000000000000,8.54335943845609869,4453
1803,-0.93613999999999997,8.33992794201887833,1883
1804,-0.30262000000000000,8.16447075437917213,1884
1805,-0.25509999999999999,7.99096841316505202,5991
1806,-0.20463000000000001,7.84501333505234566,5992
1807,-0.24886000000000000,7.71091849504050764,1887
1808,-0.29905999999999999,7.57725255335768377,1888
1809,-0.27707999999999999,7.52413705652506071,1889
1810,-0.31057000000000001,7.49181383571236559,1890
1811,-0.35371000000000002,7.44565359872019172,1891
1812,-0.83909999999999996,7.32762710635767789,1892
1813,-0.86824999999999997,7.33371099002434601,1893
1814,-0.33423999999999998,7.51894608061224101,1894
1815,-0.84423999999999999,7.71394059654922426,1895
1816,-0.62116000000000005,7.74829144473591036,6002
1817,-0.44707999999999998,7.75922450779796158,6003
1818,-0.44356000000000001,7.78667351317216294,6004
1819,-0.39062000000000002,7.93041129656004884,6004
1820,-0.79661000000000004,8.14974649846257293,1900
1821,-0.64256999999999997,8.09261700001827577,1901
1822,-0.55232000000000003,8.00292862143155759,1902
1823,-0.52744999999999997,7.97637310223071250,1903
1824,-0.07859800000000000,7.92304430094576695,1904
1825,-0.07360899999999999,7.88789169029369486,1905
1826,-0.06376100000000000,7.85399692003826377,1906
1827,-0.05171200000000000,7.81686327417444549,1907
1828,-0.70626999999999995,7.71602811698023761,1908
1829,-0.44328000000000001,7.72981824694662567,1909
1830,-0.70852999999999999,7.72229153638060239,1910
1831,-0.07439300000000000,7.73182398534692439,1911
1832,-0.07643100000000000,7.66816828079574897,1912
1833,-0.69906999999999997,7.61637835246800421,1913
1834,-0.59236999999999995,7.60385308550636463,1914
1835,-0.64768000000000003,7.60734214366196237,1915
1836,-0.52385000000000004,7.84891429105938521,1916
1837,-0.52610000000000001,7.83652571367632156,1917
1838,-0.07496100000000000,7.82344954523154978,1918
1839,-0.78339999999999999,7.84259612792182725,1759
1840,0.93103999999999998,7.59357992559406814,6271
1841,0.93208000000000002,7.75564818736441808,6272
1842,0.91524000000000005,7.88069762195714674,6273
1843,0.90632000000000001,7.99923860762129380,6274
1844,0.82655999999999996,8.11321347682994265,6275
1845,0.81601000000000001,8.31042027782155657,6276
1846,0.68579000000000001,8.42451260393963075,6277
1847,0.66500000000000004,8.49999277790727170,6278
1848,0.59450999999999998,8.40294480974687552,1687
1849,0.52717000000000003,8.29774664445549348,1688
1850,0.43200000000000000,8.14281145382588889,1689
1851,0.34538000000000002,8.02241159597164000,1690
1852,-0.50529000000000002,7.91102706994291616,1691
1853,-0.62780999999999998,7.91941260462879804,1692
1854,-0.53610999999999998,8.07742664619870077,1693
1855,-0.64142999999999994,8.08113347085124367,1694
1856,-0.73782000000000003,8.08967862744265354,1695
1857,-0.82808999999999999,7.93856717587688809,6288
1858,-0.91093000000000002,7.63046477630004105,6289
1859,-1.00649999999999995,7.65299181481633006,6290
1860,-1.03089999999999993,7.64405471596498209,6291
1861,-1.01520000000000010,7.63687467900048400,6292
1862,-0.82167000000000001,7.61772902134642482,6293
1863,-0.80928000000000000,7.63036585574057202,6294
1864,-1.61519999999999997,7.63434161365339925,6295
1865,-1.61600000000000010,7.55613315063135360,6296
1866,-1.47340000000000004,7.44074894429474565,6297
1867,-0.82374000000000003,7.36636496794010576,6298
1868,-0.60653000000000001,7.38329209843118761,6299
1869,-0.38945000000000002,7.41898049243849034,6300
1870,-0.92190000000000005,7.45842046667225844,6301
1871,-1.23429999999999995,7.52036152996539098,6302
1872,-0.90968000000000004,7.65009909048748771,6303
1873,-0.84433999999999998,7.66682932160875286,6304
1874,-0.80403999999999998,7.68614002005839314,6305
1875,-0.35499999999999998,7.75489913660984520,6306
1876,-0.74656000000000000,7.72199877356084841,6307
1877,-0.84091000000000005,7.80660092229757563,6308
1878,-1.02550000000000008,7.85178584708347493,6309
1879,-0.80945000000000000,7.91753600645462630,6310
1880,-0.07397700000000000,8.00291265394561968,6311
1881,-0.44749000000000000,8.42285692054801771,6312
1882,-0.42582999999999999,8.29799768634322987,6232
1883,-0.51348000000000005,8.08217404631375658,2830
1884,-0.38894000000000001,7.85814287413985824,2831
1885,-0.24629999999999999,7.69636008833599927,2832
1886,-0.83601999999999999,7.56391900987825672,2833
1887,-0.73468999999999995,7.49503246636349285,2834
1888,0.01538800000000000,7.32796486237943778,2835
1889,-0.15376999999999999,7.28030564157904259,2836
1890,-0.49947999999999998,7.24565457408241365,2837
1891,-1.07210000000000005,7.19237928283878958,2838
1892,-0.62861999999999996,7.18918302146871557,2839
1893,-1.08319999999999994,7.14429022782012080,2840
1894,-0.01891800000000000,7.06616130142999399,1734
1895,-0.10780000000000001,7.02358586297793330,1735
1896,-0.70126999999999995,6.98296017221375909,1736
1897,0.01123700000000000,6.94994502071609421,1737
1898,-0.16175999999999999,6.86804140493870463,1738
1899,-0.32926000000000000,6.81536484948414500,1739
1900,-0.27322999999999997,6.76661302437728462,1740
1901,0.01120800000000000,6.72376923783180835,1741
1902,-0.52029000000000003,6.66827838370690618,1742
1903,-0.19506999999999999,6.63349533308691708,1743
1904,-0.19264999999999999,6.60255891071897238,1744
1905,-0.19334999999999999,6.65429244580311341,1745
1906,-0.67479000000000000,6.67973461170912053,1746
1907,-0.66581000000000001,6.81779236401626587,1747
1908,-0.72958999999999996,6.60097255975383579,1748
1909,-0.52005000000000001,6.48751556735965895,1749
1910,-0.68052000000000001,6.50568930550217495,1750
1911,-0.67318999999999996,6.49083499881347148,1751
1912,-0.66757000000000000,6.54936974420426310,1752
1913,-0.31141999999999997,6.45461754697649059,1753
1914,-0.68835999999999997,6.46049003691749224,1754
1915,-0.11345000000000000,6.44341358982104140,1755
1916,-0.07976800000000001,6.61647361560773195,1756
1917,-0.05108900000000000,6.65260184228822382,1757
1918,-0.11673000000000000,6.62545315821406255,1758
1919,-0.21823000000000001,6.57943859846732426,1759
1920,0.92340000000000000,6.56462174678952604,1760
1921,0.92320000000000002,6.65409275081656570,1760
1922,0.95589000000000002,6.95077294183332128,1761
1923,0.89032000000000000,7.13433991962120118,1762
1924,0.87897999999999998,7.27662416510138232,1763
1925,0.85367999999999999,7.42908846362265063,1764
1926,0.80718999999999996,7.63209450324777805,1765
1927,0.79988000000000004,7.75156680867304271,6279
1928,0.77595000000000003,7.85563364693238242,6280
1929,0.75639999999999996,7.83140149521598783,2640
1930,0.64695000000000003,8.04605127485515936,2641
1931,0.56621999999999995,8.02946390137763544,2640
1932,0.55322000000000005,8.28034626886856806,2641
1933,0.53237000000000001,8.49372086030561135,6285
1934,0.49896000000000001,8.58698647732175679,1774
1935,0.43053999999999998,8.80590259728019120,1775
1936,0.28410999999999997,8.90103527764733116,6288
1937,-0.40094000000000002,8.76715762002715948,1700
1938,-0.51724999999999999,8.63433216887193389,1701
1939,-0.81903000000000004,8.55399483894854207,1702
1940,-0.85982999999999998,8.56474670541572536,1703
1941,-0.93781000000000003,8.47960660336001837,4435
1942,-0.98477999999999999,8.08826816055169573,4435
1943,-0.99448999999999999,7.95454552537418724,4435
1944,-0.94899999999999995,7.85318493355159752,4436
1945,-0.96726999999999996,7.80375537112546525,4436
1946,-0.97523000000000004,7.91295679259680629,4437
1947,-1.01419999999999999,7.99128875219765611,4438
1948,-0.75892999999999999,8.04925860272087057,4439
1949,-0.61048000000000002,8.11821851412550011,4440
1950,-0.73831999999999998,8.11034906698247404,4441
1951,-0.41628999999999999,8.19636404339635227,4441
1952,-0.41932999999999998,8.31662593494478841,4442
1953,-0.52071999999999996,8.52760634575401255,4443
1954,-0.75072000000000005,8.71144406330360255,4444
1955,0.02671400000000000,8.84418007483386326,3461
1956,-0.40454000000000001,8.70893517870727685,1880
1957,-0.63349999999999995,8.67674008337657732,3463
1958,-0.53766000000000003,8.72985048105073602,3464
1959,-0.54701999999999995,8.72796196919030720,3465
1960,-0.21276999999999999,8.72494888366525423,3466
1961,-0.36119000000000001,8.66646857973366558,3468
1962,-0.31585999999999997,8.55198585066179184,3469
1963,-0.65527999999999997,8.36569169456738848,3470
1964,0.03917600000000000,8.23651748458527599,5989
1965,-0.13380000000000000,8.09097502731119000,3472
1966,-0.95594000000000001,7.82618740863273743,3473
1967,-0.00348930000000000,8.07472239195041119,3474
1968,-0.38030999999999998,8.11967423654213505,5994
1969,-0.08794399999999999,8.18985874072649445,5995
1970,-0.22034000000000001,8.16637039634939121,5996
1971,-0.08349500000000000,8.13332166156960668,5997
1972,-0.11985999999999999,8.06625829284440954,5998
1973,0.07766199999999999,7.97646540734893428,5520
1974,-0.55206000000000000,7.83302898497939637,5521
1975,-0.40527000000000002,7.80852584457468346,5522
1976,-0.38161000000000000,7.75534218835730016,5523
1977,-0.47981000000000001,7.70499950139811762,5524
1978,-0.35310000000000002,7.67341610041678379,5525
1979,-0.68754000000000004,7.62050059539679303,5526
1980,-0.40195999999999998,7.64670715403754730,5527
1981,-0.63424000000000003,7.63344395980387791,5527
1982,-0.84967000000000004,7.83690262454091080,5528
1983,-0.63261000000000001,8.06015139508471279,5529
1984,-0.80413999999999997,8.21241548365073015,3491
1985,-0.58974000000000004,8.20733186058940056,3493
1986,-0.53195999999999999,8.17962244525941173,3494
1987,-0.51368000000000003,8.14850634722128575,3494
1988,-0.61119999999999997,8.14219349143613691,3495
1989,-0.57670999999999994,8.11309586354805035,3497
1990,-0.49841000000000002,8.07792551471532683,3497
1991,-0.77778000000000003,8.03802158677318701,3498
1992,-0.67459999999999998,8.01862785715032089,3499
1993,-0.46079999999999999,7.98481805567138103,3500
1994,-0.24203000000000000,7.93806630581916384,3501
1995,-0.86829000000000001,7.91604340855783928,3502
1996,-0.17380999999999999,7.93746075915144012,3504
1997,-0.19550000000000001,8.04052208939151747,3505
1998,-0.05058100000000000,8.18099027099376030,3505
1999,-0.03884200000000000,8.32317721587135395,3506
2000,0.98311000000000004,8.48724281281497817,3507
2001,0.97953000000000001,8.73811337582574055,3671
2002,0.96497999999999995,8.89085757471969451,3671
2003,0.97180000000000000,9.07599507019031115,3749
2004,0.84731999999999996,9.09957602770567320,3750
2005,0.78032000000000001,9.34242562655911790,3750
2006,0.64559999999999995,9.41176587828930522,5301
2007,0.59872999999999998,9.50348378024836649,5302
2008,0.47134999999999999,9.77745200351671251,5303
2009,0.40150999999999998,10.09385732765732513,5304
2010,0.38006000000000001,10.44974198742361793,5305
2011,0.26379999999999998,10.37492868368509491,2757
2012,0.26223000000000002,9.77368319663080776,2758
2013,-0.39511000000000002,9.18748288722198403,2759
2014,-0.55713000000000001,9.02257510972524024,2760
2015,-0.81379000000000001,8.88664472651895387,2760
2016,-0.79447000000000001,8.88520813362094231,2761
2017,-1.09319999999999995,8.91899594863505030,2762
2018,-0.91203000000000001,8.75098038494112451,2763
2019,-0.93928000000000000,8.65153269694607019,2764
2020,-0.89300999999999997,8.72585759517905935,2765
2021,-0.83311000000000002,8.88919537895786860,2766
2022,-0.78242999999999996,9.00262099683154204,2767
2023,-0.89932999999999996,9.08857911728377310,2768
2024,-0.80662999999999996,9.17179015005840448,2769
2025,-0.79395000000000004,9.23852000125210537,2770
2026,-0.37596000000000002,9.32298814177849344,2771
2027,-1.39759999999999995,9.32848895771458508,2772
2028,-0.44447999999999999,9.35241715500197479,2773
2029,-0.69155000000000000,9.40020393222601669,2774
2030,-0.47787000000000002,9.49115402395012175,2775
2031,-0.39772000000000002,9.55123716480123797,2776
2032,-0.07421600000000000,9.62686871794977073,2777
2033,-0.45706999999999998,9.57800088099909352,3939
2034,-0.44646000000000002,9.47318041586786919,3940
2035,-1.29620000000000002,9.38220665139766119,3941
2036,-0.10690000000000000,9.46894874756421245,3942
2037,-1.08679999999999999,9.26741582732290858,3943
2038,-1.13870000000000005,9.33074568180616204,3944
2039,-0.98167000000000004,9.38618433294166898,3945
2040,-0.89136000000000004,9.42057085490081114,3946
2041,-1.08020000000000005,9.55495202821948553,3947
2042,-1.09180000000000010,9.51821593000804889,2787
2043,-0.78966000000000003,9.47405671100106161,2788
2044,-0.98448999999999998,9.43019994770620507,2789
2045,-1.09640000000000004,9.43445200712513454,2790
2046,-1.03259999999999996,9.40463608397984885,2791
2047,-1.14470000000000005,9.36924678372736963,2792
2048,-0.04460100000000000,9.31695364012639970,2793
2049,-0.70389000000000002,9.82029237723279458,2793
2050,-1.02299999999999991,9.75499136306997272,2794
2051,-0.96111999999999997,10.27469143242169913,2795
2052,-1.17650000000000010,10.60747633585305216,2798
2053,-1.20290000000000008,10.55153709386236649,2799
2054,-0.95003000000000004,10.38633679235931417,2800
2055,-0.98372999999999999,10.52228882570565638,2801
2056,-1.02770000000000006,10.73992779273857856,2802
2057,-1.02990000000000004,10.51815591288476881,6971
2058,-1.06339999999999990,10.53596573619339516,6971
2059,-1.04119999999999990,10.59711940029635358,6973
2060,-1.12519999999999998,10.60333266926254048,6974
2061,-0.92759999999999998,10.64476481042303035,6975
2062,-1.01980000000000004,10.68729436343919659,6976
2063,-0.90820999999999996,10.73434503400753393,6977
2064,-1.02970000000000006,10.74347634391598483,6978
2065,-1.18260000000000010,10.75929467445448395,6979
2066,-1.04929999999999990,10.78468460228651438,6980
2067,-1.03800000000000003,10.81354856343848958,6981
2068,-1.17260000000000009,10.83782325130460578,6982
2069,-1.24100000000000010,10.86058092790785601,6983
2070,-1.14020000000000010,10.89721809693510934,6984
2071,-1.01239999999999997,10.96592727740311268,6985
2072,-0.97999000000000003,11.01305860740927045,6986
2073,-0.72289999999999999,11.07143614875561788,6987
2074,-0.79808999999999997,11.08495510987035715,6988
2075,-0.85353999999999997,11.07613594315808392,6989
2076,-0.81594999999999995,11.09063982869619380,6990
2077,-0.92315000000000003,11.07066268324997260,6991
2078,-0.92437000000000002,11.06902525724792952,6992
2079,-0.85045999999999999,11.01586892823853425,6993
2080,0.14296000000000000,10.98105482184770842,6994
2081,0.16591000000000000,10.86154445741808416,6994
2082,0.38836999999999999,10.74997363841079334,6995
2083,0.41965000000000002,10.62713275584644990,6996
2084,0.35410000000000003,10.42361683900299241,6997
2085,0.64278000000000002,10.64877838390252229,6997
2086,-0.66644000000000003,10.71862754692909370,6997
2087,-0.71018999999999999,10.75611082328625656,5832
2088,-0.66873000000000005,10.80694816068691289,5833
2089,-0.65147999999999995,10.78642804540097622,7411
2090,-0.57621000000000000,10.75307506300853966,7412
2091,-0.54788999999999999,10.75370087886999571,7413
2092,-0.46610000000000001,10.82999400360288433,7414
2093,-0.46065000000000000,10.79191758243732302,7415
2094,-0.61204000000000003,10.91687498254798072,7416
2095,-0.53032000000000001,10.88479736144579135,7470
2096,-0.60309999999999997,10.88217493789816537,7471
2097,-0.73841999999999997,10.85607126929572352,7472
2098,-0.91007000000000005,10.86438740912930534,7473
2099,-0.97636000000000001,10.86040135670801732,7474
2100,-0.91164999999999996,10.98394431947145300,3004
2101,-0.85502000000000000,11.05117750128290588,3003
2102,-0.83616000000000001,11.09714203185476222,3004
2103,-0.87463999999999997,11.12506111675070386,5848
2104,-0.85884000000000005,11.11369185724639763,5849
2105,-0.80259999999999998,11.11947762764247472,5850
2106,-0.80411999999999995,11.09210382235659864,5851
2107,-0.64207999999999998,11.07416904836124694,5852
2108,-0.87863999999999998,11.01144170882055917,5853
2109,-0.91191999999999995,11.00825276578746781,5854
2110,-1.20999999999999996,11.05961576136212798,5855
2111,-1.17619999999999991,11.08118619982003317,7251
2112,-1.09949999999999992,10.82004293695003838,7252
2113,-0.94774999999999998,10.75106324599276064,7253
2114,-1.33060000000000000,10.80986880833994412,7254
2115,-0.36620000000000003,10.68989314985820194,7255
2116,-0.22297000000000000,10.73798131962433722,7256
2117,-0.11790000000000000,10.70371497483957945,7812
2118,-0.22902000000000000,10.64539206388152692,7813
2119,-0.15690000000000001,10.74293322935016448,7259
2120,-0.25461000000000000,10.79709831247722640,7260
2121,-0.30764000000000002,10.88111814636329555,7261
2122,-0.21418000000000001,10.98581674060673308,7262
2123,-0.48349999999999999,11.05860220623508816,7260
2124,-0.20186999999999999,10.98983655422325434,5869
2125,-0.09911200000000001,10.95413219455140030,5870
2126,-0.19545000000000001,11.14893951696037888,4083
2127,-0.42363000000000001,11.12964819781432091,4084
2128,-0.21725000000000000,11.15072202859935935,4085
2129,-0.37211000000000000,11.08901265380793966,4086
2130,-0.25708999999999999,10.99097268208144662,4087
2131,-0.29729000000000000,10.91311912330509060,4089
2132,-0.21970999999999999,10.87492572608607411,4090
2133,-0.21314000000000000,10.93223047496315559,4091
2134,0.02328600000000000,10.97482499181171534,4092
2135,-0.33746999999999999,11.24477634253395486,4093
2136,-0.16503999999999999,11.16080504504378723,4094
2137,-0.16156000000000001,11.27703394171138029,2043
2138,-0.16929000000000000,11.13361593013792472,2044
2139,-0.24234000000000000,10.98998081291135520,2045
2140,-0.13900999999999999,10.88996005718514581,2046
2141,-0.27610000000000001,10.75753597963252517,2047
2142,-0.32479999999999998,10.60756723651651079,2048
2143,-0.41383999999999999,11.08455547869309932,21
2144,-0.41504999999999997,11.00147847187658634,22
2145,-0.35300999999999999,10.97323801533444687,23
2146,-0.40577999999999997,10.85261809078829209,24
2147,-0.49743999999999999,10.74783830663166562,25
2148,-0.44944000000000001,10.66209265816900142,26
2149,-0.39615000000000000,10.56067517110992426,27
2150,-0.52820999999999996,10.45663746792993543,28
2151,-0.45483000000000001,10.37179612473428136,29
2152,-0.30436000000000002,10.28095424960588744,30
2153,-0.61029999999999995,10.29854340108763289,31
2154,-0.44661000000000001,10.21262443820892507,32
2155,-0.37618000000000001,10.13299946671225271,33
2156,-0.33962999999999999,10.09345555910422121,34
2157,-0.47791000000000000,10.05238817499984449,35
2158,-0.49802000000000002,10.01304955885794001,36
2159,-0.59323000000000004,9.95062442156124582,37
2160,-1.22340000000000004,9.89405633558253506,38
2161,-1.22320000000000007,9.87659225979734146,39
2162,-1.21540000000000004,9.80393499178629924,40
2163,-1.21690000000000009,9.70601633429324728,41
2164,-1.16310000000000002,9.58904137217715835,42
2165,-1.03089999999999993,9.61254969226858336,43
2166,-1.05099999999999993,9.57965883295229936,44
2167,-1.15819999999999990,9.39673560462964907,45
2168,0.54368000000000005,9.34709522717562713,46
2169,-1.18530000000000002,9.53611240792571735,47
2170,0.42085000000000000,9.28505777452110692,48
2171,0.39606000000000002,9.29057317736957167,49
2172,-1.30719999999999992,9.42297932952403983,52
2173,0.34830000000000000,9.36105821913065661,51
2174,0.28159000000000001,9.52707004498697074,52
2175,0.50763000000000003,9.59842909198806460,4133
2176,0.10678000000000000,9.57268677153399317,4134
2177,-0.03354300000000000,9.51841179567961149,137
2178,-0.03348300000000000,9.34521203492429819,5171
2179,-0.13797999999999999,9.09894292227624568,5172
2180,-0.61785000000000001,9.05184855266408483,5173
2181,-0.66890000000000005,8.98329095577523518,5174
2182,-0.80276000000000003,8.93631271631733881,5175
2183,-0.82587999999999995,9.02139021158016341,143
2184,-0.84560999999999997,9.20559577755862612,5176
2185,-0.78496999999999995,9.21492495198640071,5177
2186,-0.75516000000000005,9.20728940729211942,5178
2187,-0.90217000000000003,9.40077496033279481,5179
2188,-0.86246000000000000,9.55401288418120664,5922
2189,-0.81691999999999998,9.55968981884709024,5923
2190,-0.42371999999999999,9.58917371355546777,5924
2191,-0.47785000000000000,9.52697608743641666,5183
2192,-0.42233999999999999,9.45692663740311090,5185
2193,-0.57343000000000000,9.38637876775814206,5185
2194,-0.52634000000000003,9.35794898041199907,5186
2195,-0.41864000000000001,9.32763828744284318,5187
2196,-0.47915999999999997,9.28198859787313957,5188
2197,-0.32658999999999999,9.26410571243841119,5189
2198,-1.20059999999999989,9.22111231672101894,5190
2199,-1.12109999999999999,9.41312339488032102,5192
2200,-1.37709999999999999,9.43876379295957335,5193
2201,-1.11319999999999997,9.62009484127017878,5194
2202,-1.03679999999999994,9.66282077173770126,5195
2203,-0.98267000000000004,9.65605470013224831,326
2204,-1.19779999999999998,9.56521116875187616,5197
2205,-0.55415000000000003,9.43116490409627062,5198
2206,-0.54803000000000002,9.43923545251319318,5199
2207,-0.70072999999999996,9.42315469011919049,5200
2208,-0.90105999999999997,9.42955041258651505,5201
2209,-0.58601999999999999,9.32495845027293768,332
2210,-0.45935999999999999,9.25049667490236693,333
2211,-0.09939500000000000,9.58232529605126082,334
2212,-0.59660999999999997,9.64750607402302229,5205
2213,0.08294000000000000,9.72110182350252039,5206
2214,-0.10687000000000001,9.75352122081579509,5207
2215,-0.86256999999999995,9.85900773824033827,5208
2216,-0.74314999999999998,9.97028455114973333,5209
2217,-0.58926000000000001,9.99251375196298497,5299
2218,-0.00729040000000000,9.95773742860250444,5300
2219,-0.13503000000000001,10.01573768064165293,5301
2220,-0.03575500000000000,10.02188386698430733,5302
2221,-0.08055700000000000,10.02322685733966878,5303
2222,-0.11026000000000000,10.02959674400042012,5304
2223,-0.04333000000000000,9.97827868710738741,5305
2224,-0.17462000000000000,9.99238464854527031,5306
2225,-0.00876160000000000,9.99544966568786108,5307
2226,-0.06000600000000000,10.04949895605968813,5308
2227,-0.01187400000000000,10.09092166350735020,5309
2228,0.03241300000000000,10.27716538458349405,5310
2229,0.09935099999999999,10.45518990482981181,5311
2230,0.03445900000000000,10.62885284557137133,5312
2231,0.03513100000000000,10.74956895040378946,5313
2232,-0.03454300000000000,10.76606917338651748,5314
2233,-0.11608000000000000,10.72209462883742859,5315
2234,-0.00907220000000000,10.67894302519977678,5316
2235,-0.10668999999999999,10.69478145904171562,5317
2236,-0.58701999999999999,10.71431511251553914,5318
2237,-0.71060000000000001,10.88686289783117722,5230
2238,-0.03706500000000000,10.82923065987820443,5231
2239,0.07407999999999999,10.95381329466786546,5232
2240,0.21037000000000000,11.03886125344624780,6356
2241,0.24443999999999999,11.17171041908703977,6357
2242,0.18385000000000001,11.33624994312100043,5235
2243,0.24787000000000001,11.49491587794677550,6359
2244,0.28260999999999997,11.61720679787811150,5237
2245,0.28527000000000002,11.76468852819195376,5238
2246,0.14240000000000000,11.79484735074544943,3200
2247,-0.97796000000000005,11.74527974814820475,3201
2248,-1.01920000000000011,11.77949909576920717,5330
2249,-1.04119999999999990,11.64077064108993653,756
2250,0.49031000000000002,11.08738063930614715,757
2251,0.39699000000000001,11.38798718237774565,758
2252,0.43813999999999997,11.39625998922969430,3943
2253,0.31809999999999999,11.10158753834575229,3944
2254,-1.37509999999999999,10.83616282388386232,3945
2255,0.19187000000000001,10.91741709481291167,3946
2256,-1.26669999999999994,10.72081604907715580,3947
2257,-1.31230000000000002,10.81863117284600229,3948
2258,-1.13670000000000004,10.86947428219747103,3949
2259,-0.79869000000000001,10.91827302649718767,3950
2260,-1.00019999999999998,10.89836530338843623,7175
2261,-1.09909999999999997,10.88197831526234083,7176
2262,-1.38630000000000009,10.89016712554200339,7177
2263,-0.89764999999999995,10.98094398705751651,7178
2264,-0.74187000000000003,10.91474708230584412,7179
2265,-1.17409999999999992,10.78392472033430671,7180
2266,-1.22029999999999994,10.80726504555029344,7181
2267,-1.19649999999999990,10.83214054690782646,7182
2268,-1.41060000000000008,10.84024534398865391,7183
2269,-1.47649999999999992,10.93689189616520174,7184
2270,-1.33729999999999993,11.15243945840073003,7185
2271,-1.49550000000000005,11.34243045609269096,7186
2272,-0.61672000000000005,11.50385666381062499,3963
2273,-1.44510000000000005,11.46990421191990883,3964
2274,-1.51059999999999994,11.54299066272948515,7189
2275,-1.05960000000000010,11.54870438229917085,7190
2276,-1.10640000000000005,11.71723310593640832,7191
2277,-1.02160000000000006,11.75466048257264262,3968
2278,-1.14149999999999996,11.76758307233879997,3969
2279,-1.15999999999999992,11.78274344502556836,7067
2280,-1.08670000000000000,11.78402051469381284,2452
2281,-1.07759999999999989,11.96993812393531442,7069
2282,-1.27120000000000011,11.84167857794391665,3128
2283,-1.59390000000000009,11.58752115634920443,3129
2284,0.05401100000000000,11.63810924054315876,3130
2285,-0.25013999999999997,11.57092946327206029,3131
2286,-1.08689999999999998,11.53212549973238232,3132
2287,-0.10439000000000000,11.52991543548471221,3133
2288,-0.08956000000000000,11.45481998308417637,3134
2289,-1.35939999999999994,11.68343445872403130,3980
2290,-1.56899999999999995,11.83167064577465943,3981
2291,-0.27396999999999999,11.75331090821897817,3997
2292,-0.02979700000000000,11.69946568793586472,3998
2293,-0.02147700000000000,11.53206493065929727,3984
2294,-0.08353099999999999,11.22271481479631028,3985
2295,-0.02636500000000000,11.22457280123921386,3986
2296,-0.68999999999999995,11.27812140272564889,3986
2297,-0.03251100000000000,11.32128791055960271,3987
2298,0.07218900000000000,11.45150870078433236,4004
2299,-0.81198999999999999,11.41934754869265589,4005
2300,-0.04750400000000000,11.31279710499645041,4006
2301,0.01591900000000000,11.82540764930259414,3991
2302,-0.02525100000000000,11.73123409873198142,4561
2303,-1.52069999999999994,11.59050895200409137,4562
2304,-0.00624330000000000,11.86067822986261966,3994
2305,-0.10964000000000000,11.78677928451109835,909
2306,-1.54079999999999995,11.49564804932463247,910
2307,-1.50340000000000007,11.03325230359150844,4473
2308,-0.14838000000000001,10.94934819510604385,4474
2309,-0.10886000000000000,10.84374765844402155,4475
2310,-0.03342200000000000,10.85065791344651487,4476
2311,-0.07442000000000000,10.88283027788454760,5437
2312,-0.07425000000000000,10.79699492352910006,5437
2313,-0.02525700000000000,10.78584769273480681,5438
2314,-0.04795600000000000,10.83273889563934311,4573
2315,-0.03614400000000000,10.55043648253903932,4574
2316,-0.16489000000000001,10.45456214076566681,4575
2317,-0.02350100000000000,10.32935050030300417,13
2318,-1.38979999999999992,10.10961505866076671,14
2319,-0.25485999999999998,10.17898052264361120,4578
2320,-1.14159999999999995,10.26503706726483323,4579
2321,-1.14430000000000009,10.26113568905009643,4713
2322,-1.14759999999999995,9.94745992794065614,4714
2323,-1.15890000000000004,9.89162760521714368,4715
2324,-1.16270000000000007,9.85411879911923627,4716
2325,-1.21310000000000007,9.65402187669578105,4717
2326,-1.05590000000000006,9.62745941704900154,4718
2327,-1.14769999999999994,9.58975085732337362,4719
2328,-1.20629999999999993,9.54095574861680973,4720
2329,-1.25150000000000006,9.41414976256995217,4722
2330,0.49825000000000003,9.27803476435618180,4722
2331,0.37630999999999998,9.04853250122531882,4722
2332,0.24545000000000000,8.86243663739165655,4724
2333,-0.11250000000000000,8.78474048414960862,4725
2334,0.09829000000000000,8.74325910512073357,4726
2335,0.09361999999999999,8.67217795013011283,4727
2336,-0.09196000000000000,8.43179212779456932,4728
2337,-0.34561999999999998,8.27339784091875785,4729
2338,-0.72038999999999997,8.18110892445069382,4730
2339,-0.83065999999999995,8.07447305756218725,4731
2340,-0.94210000000000005,8.01616825820901013,4732
2341,-0.91966000000000003,7.97641543836994771,4733
2342,-1.20690000000000008,8.20175325057366678,4734
2343,-0.88258000000000003,8.53771501537464239,4734
2344,-0.82894999999999996,9.10626428669722898,4738
2345,-0.75595000000000001,9.10282349074584118,4739
2346,-0.78105000000000002,9.06889811110331046,4740
2347,-0.16658999999999999,9.03638455295165421,4741
2348,-0.18240999999999999,9.05134205954128745,4742
2349,-0.11408000000000000,9.02690969184541991,4743
2350,-0.38479999999999998,8.99770097767813581,4744
2351,-1.35790000000000011,8.98974578577883499,4745
2352,-1.21459999999999990,9.02589717717966877,4746
2353,-0.77161999999999997,9.00161183545236021,4747
2354,-0.82930000000000004,9.09969315589705197,4748
2355,-1.36709999999999998,9.07159645111922863,4749
2356,-0.62902999999999998,9.04755022219418947,4750
2357,-0.78883000000000003,9.03344620198407000,4751
2358,-0.38174999999999998,9.03627086542606150,4752
2359,-0.69467000000000001,8.98365005858843979,4753
2360,-0.65608999999999995,8.98194904837570007,4754
2361,-0.50165000000000004,9.08702349314654789,4755
2362,-0.53259000000000001,9.22825590892766456,4756
2363,-0.64836000000000005,9.28978532684768155,4757
2364,-0.17563000000000001,9.39796890275802177,4758
2365,-0.99751999999999996,9.45604156264603191,4759
2366,-1.00320000000000009,9.58285162132683510,4760
2367,-0.37903999999999999,9.56559625442377381,4761
2368,-1.22839999999999994,9.58645719280399611,279
2369,-0.37935000000000002,9.29286288250570003,280
2370,-0.37924999999999998,9.19320188648284464,281
2371,-1.15789999999999993,9.09306560437963540,282
2372,-1.09070000000000000,8.87562258380779667,283
2373,-1.05990000000000006,8.78576143962326306,283
2374,-1.09359999999999991,8.77429472612359795,284
2375,-1.22160000000000002,8.76184949102824184,285
2376,-1.11789999999999989,8.75149669972451427,286
2377,-1.04249999999999998,8.74653196687878776,287
2378,-1.08420000000000005,8.74533381595173154,288
2379,-1.12179999999999991,8.74652296791112072,289
2380,-1.06010000000000004,8.75655207870791052,290
2381,-1.05859999999999999,8.76028667699747210,291
2382,-1.00889999999999991,8.76804533949824716,292
2383,-1.02289999999999992,8.96127604823336554,293
2384,-1.01829999999999998,9.01139647822581047,295
2385,-0.92759999999999998,8.96864283909407511,296
2386,-1.05630000000000002,8.90852035895869676,297
2387,-1.19649999999999990,8.85978497861447600,298
2388,-0.98495999999999995,8.83082828073314197,299
2389,-0.46434999999999998,8.86909576338786643,300
2390,-0.52263000000000004,8.89813191634140388,301
2391,-0.50519000000000003,8.89815910253817854,302
2392,-0.53439999999999999,8.89562086292020382,303
2393,-1.15520000000000000,8.93288131939878660,304
2394,-1.26980000000000004,8.96017193219553931,305
2395,-1.24570000000000003,9.00534636117867571,306
2396,-1.22449999999999992,9.04433523864141620,307
2397,-1.22580000000000000,9.08742152627698196,308
2398,-1.26720000000000010,9.07955818807313975,309
2399,-0.53230999999999995,9.06989597574163575,310
2400,0.44772000000000001,9.04508502203294285,311
2401,0.42574000000000001,9.01177392933121446,312
2402,0.41549000000000003,8.82455521442365587,313
2403,-0.65344000000000002,8.64882415999081822,314
2404,-0.65168999999999999,9.11260433759787247,315
2405,-0.68920999999999999,9.51239505568483246,316
2406,0.50987000000000005,9.87924642351904048,317
2407,0.46388000000000001,9.99750579947255602,82
2408,-1.21760000000000002,10.13040722041724351,83
2409,-1.24239999999999995,10.40531379496486508,84
2410,-1.20389999999999997,10.46581959747322799,400
2411,-1.24330000000000007,10.45306830450844160,401
2412,-1.23279999999999990,10.44315460111222649,402
2413,-1.26950000000000007,10.42893797016031598,403
2414,-1.28059999999999996,10.41792860668215859,404
2415,-1.29830000000000001,10.40815553901465940,405
2416,-1.28950000000000009,10.40010039018604715,406
2417,-1.35890000000000000,10.39164336264153121,407
2418,-1.41850000000000009,10.38350121502088896,408
2419,-1.44819999999999993,10.37413220072174624,409
2420,0.79225999999999996,10.17984907609664980,338
2421,0.11298000000000000,10.16726151611615236,339
2422,0.05498000000000000,10.12077923205549013,340
2423,0.17993999999999999,10.13257872863166043,413
2424,0.94942000000000004,10.13295414311038556,414
2425,0.23158000000000001,10.14700615739962153,414
2426,1.48150000000000004,10.20208273916945352,415
2427,0.29709000000000002,10.26029253029857813,4016
2428,0.01832000000000000,10.20132860918967310,4017
2429,0.07774499999999999,10.22532767642244345,4018
2430,0.05307400000000000,10.18989667875271543,4019
2431,0.05490100000000000,10.15095063505017059,4020
2432,0.17413999999999999,10.11759452139594728,4021
2433,0.09700000000000000,10.08875326000472405,4022
2434,1.42609999999999992,10.04927734992747190,4023
2435,0.15171000000000001,10.11348448053363569,4024
2436,0.10251000000000000,10.06818823537094332,4025
2437,0.17205000000000001,10.00976546011747104,4026
2438,1.37749999999999995,9.96045966688072326,4027
2439,0.05250800000000000,10.07304824291971634,4028
2440,1.32279999999999998,9.98173541456609215,4029
2441,1.43100000000000005,10.00339738640519016,4030
2442,0.20297999999999999,9.93803431877570453,4031
2443,0.19062000000000001,9.94856171461312400,4032
2444,1.46540000000000004,9.93732988971633269,4033
2445,0.22056000000000001,9.50124593021113917,4034
2446,0.27594000000000002,9.43464964045805488,4035
2447,0.36525000000000002,9.27832412975958754,4036
2448,1.51410000000000000,9.21214612146767209,4037
2449,1.41890000000000005,9.39193832969089115,4038
2450,1.61400000000000010,9.54128271682901818,4039
2451,1.50710000000000011,9.78592983413138207,4040
2452,-0.38251000000000002,9.71824004375948292,4041
2453,-0.36183999999999999,9.67495609407505519,4042
2454,-0.34321000000000002,9.65830187429112996,4043
2455,0.91898000000000002,9.68581835488642895,4044
2456,0.99587000000000003,9.75533589737387352,6137
2457,0.91105000000000003,9.51810411256369093,4369
2458,1.00380000000000003,9.22509247212161654,4370
2459,0.93193000000000004,9.07413071632957546,4371
2460,0.76227000000000000,9.29332292181464581,4372
2461,-1.16900000000000004,9.25103625978607269,4373
2462,-1.19750000000000001,9.46897494392763051,4374
2463,-1.16189999999999993,9.57577567648394812,2663
2464,-1.16599999999999993,9.63110387461699524,2664
2465,-1.14389999999999992,9.60678823595768172,2665
2466,-1.16779999999999995,9.58987761438294584,2666
2467,-1.00459999999999994,9.56484981228950559,2667
2468,-1.06640000000000001,9.59546905995602373,2668
2469,-1.02309999999999990,9.62823338600205858,2669
2470,-0.98768999999999996,9.64545252116582219,2670
2471,-0.95143999999999995,9.65608631735968181,2671
2472,-1.12630000000000008,9.66302553495780003,2672
2473,0.21939000000000000,9.66980417918975910,2673
2474,-0.86226000000000003,9.63108639620672591,2674
2475,-0.79342000000000001,9.63829132946978895,2675
2476,-0.80003999999999997,9.64857951229745403,2676
2477,-0.81345000000000001,9.64873112120044318,2677
2478,-0.81218999999999997,9.66296663069645412,2678
2479,-0.78971999999999998,9.65252345349998286,2679
2480,0.82269999999999999,9.76184236324498933,2680
2481,0.83237000000000005,9.73308366295032990,2681
2482,0.83794000000000002,9.70072800090216347,2682
2483,0.82601999999999998,9.67580078605356064,2683
2484,0.74948000000000004,9.40931603639460690,2684
2485,0.75775000000000003,9.10101871275560370,2685
2486,0.71452000000000004,8.79037845251466265,2686
2487,-1.21249999999999991,8.47464057024345863,2687
2488,-1.14799999999999991,8.47090017429741771,2688
2489,-1.20209999999999995,8.46485749199405291,2689
2490,-1.18999999999999995,8.47755918187821145,2690
2491,-1.19130000000000003,8.47254045579758852,2691
2492,-1.19930000000000003,8.47101825568021916,2692
2493,-1.22059999999999991,8.47793835618775482,2693
2494,-1.27360000000000007,8.47949985931510675,2694
2495,-1.27679999999999993,8.49249722183730249,2695
2496,-1.24069999999999991,8.49572989517883492,2696
2497,-1.28940000000000010,8.51398468012399334,2697
2498,-1.34630000000000005,8.50726741757317306,2698
2499,-0.76007999999999998,8.51053937682140216,2699
2500,-0.88463999999999998,8.49490242524305117,2700
2501,-0.80964999999999998,8.53733461905007118,2701
2502,0.95455999999999996,8.56980375098857294,2702
2503,1.18029999999999990,8.68125829529874515,2703
2504,0.98958999999999997,8.75957536928886071,2704
2505,1.21920000000000006,8.82862743957292473,2705
2506,1.08670000000000000,8.60734019986264443,3023
2507,0.80389999999999995,8.29672033139506659,3024
2508,-0.23608000000000001,8.06072111160620963,3025
2509,-0.05868100000000000,8.03796326981852260,3026
2510,0.24049000000000001,8.13078093269012570,3027
2511,0.12629000000000001,8.27050203475490164,3028
2512,0.05245700000000000,8.38314900294068899,3029
2513,0.21983000000000000,8.48172430773913177,3030
2514,0.02863200000000000,8.63039598416670195,3031
2515,-0.23446000000000000,8.74109208413886307,3032
2516,-0.39484999999999998,8.91464163683941102,3033
2517,0.80284999999999995,9.04687681255599152,3034
2518,0.88180000000000003,9.25434999013179649,3035
2519,0.86482000000000003,9.51520994724073965,3036
2520,-0.05280500000000000,10.05211011430212054,3037
2521,1.18009999999999993,10.47309435416197054,3038
2522,1.06079999999999997,10.13877127334225570,553
2523,-1.54750000000000010,9.19102105050613893,554
2524,-1.52340000000000009,9.04096748416008289,555
2525,-1.48879999999999990,8.89389240915350321,556
2526,-1.48110000000000008,8.78783127726035751,557
2527,-1.48619999999999997,8.70510627307687201,558
2528,-1.42599999999999993,8.91600768395020182,559
2529,-1.34759999999999991,8.95198783620304006,5041
2530,-1.42940000000000000,8.97853829319879893,5042
2531,-1.31370000000000009,8.99680874014412524,5043
2532,-1.37620000000000009,9.00031571731563496,5044
2533,-1.28550000000000009,9.01047758555985645,5045
2534,-1.32610000000000006,9.00884893607254433,5046
2535,-1.29350000000000009,8.99090568524178124,5443
2536,-1.22199999999999998,8.96047239975579402,5444
2537,-1.22869999999999990,8.94930516793948705,5445
2538,-1.26689999999999992,8.90726086722346366,5050
2539,-1.28439999999999999,8.83514692842630112,5051
2540,-1.26110000000000011,8.79061144353538815,5052
2541,-1.24370000000000003,8.72109981697466630,574
2542,-0.09482599999999999,8.57082013056935210,575
2543,-0.04628400000000000,8.63431579370407043,576
2544,-0.01809800000000000,8.71296675589949565,577
2545,0.04097700000000000,8.77229659807975359,5453
2546,-0.08025900000000000,8.74028255775112228,5058
2547,-0.07543800000000001,8.72876094762583854,5059
2548,-0.07864500000000001,8.64039183015129097,5060
2549,-1.27130000000000010,8.59713648060005475,5061
2550,-1.26590000000000003,8.53318545431491060,5062
2551,-1.28499999999999992,8.46210193828872370,5063
2552,-1.27299999999999991,8.40163322710684568,5064
2553,-1.27849999999999997,8.34894293382653352,5065
2554,-1.27790000000000004,8.29495826093291377,5066
2555,-1.27049999999999996,8.25266572774555840,5067
2556,-1.27499999999999991,8.20130722964565706,5068
2557,-1.30390000000000006,8.20040253769197491,5069
2558,-1.30489999999999995,8.17936188478356385,5070
2559,-1.30230000000000001,7.85536919181240023,593
2560,0.58870999999999996,7.38436369546983773,594
2561,0.50663000000000002,7.66413685106507270,595
2562,0.45246999999999998,7.82269577921827519,5470
2563,0.39760000000000001,7.55490212147212770,5471
2564,-1.21019999999999994,7.26744341112367831,5473
2565,-1.23350000000000004,7.25127493628830866,5474
2566,-1.11589999999999989,7.21692716726964090,5475
2567,-1.15759999999999996,7.20583117322361044,5476
2568,-1.16219999999999990,7.19412273172171268,5477
2569,-1.18860000000000010,7.18846801950626446,5478
2570,-1.23090000000000011,7.18258018071767346,5479
2571,-1.26629999999999998,7.17647307532817358,5480
2572,-1.30980000000000008,7.16443550443091048,5481
2573,-1.23829999999999996,7.16162980862651288,5482
2574,-1.32269999999999999,7.15476658243582264,5483
2575,-1.34899999999999998,7.15143109652961861,5484
2576,-1.45629999999999993,7.14863783340978021,5485
2577,-1.42989999999999995,7.14632434276568951,5486
2578,-1.47809999999999997,7.16146684388608623,5487
2579,-1.49530000000000007,7.16829262154637536,5488
2580,-0.96653999999999995,7.16666547778072260,5489
2581,-1.00049999999999994,7.13127921597864223,5490
2582,-1.05659999999999998,7.09403103575570970,5491
2583,-1.33279999999999998,7.39997970933990423,5492
2584,-0.47636000000000001,7.67725210045675510,5493
2585,-0.40586000000000000,7.90659672685463821,619
2586,-1.81390000000000007,7.57817328253844380,620
2587,-1.75750000000000006,7.45770518442061192,621
2588,-1.78489999999999993,7.33918106482984367,622
2589,-1.66769999999999996,7.26398368141809314,623
2590,-1.59250000000000003,7.27474438442980276,623
2591,-1.30719999999999992,7.37063226716824982,624
2592,-1.35200000000000009,7.26752435885217274,4448
2593,-1.58610000000000007,7.17617409732154599,4449
2594,-1.53509999999999991,7.01800476640293081,4450
2595,-1.68350000000000000,6.84358614728365300,4451
2596,-1.61290000000000000,6.64974636073665604,4452
2597,-1.55689999999999995,6.50262013945441986,4453
2598,-0.81689999999999996,6.41314248715569946,4454
2599,-0.70867000000000002,6.35255445381603057,4455
2600,-0.80145999999999995,6.21150961768222931,4456
2601,-0.82233999999999996,6.16181223969381264,4457
2602,-1.52740000000000009,6.17521649295606778,4458
2603,-0.79832000000000003,6.28573590839828622,4459
2604,-1.58460000000000001,6.31549524943533847,4460
2605,-1.51320000000000010,6.39015799767282644,4461
2606,-0.87978000000000001,6.47188926944315845,4462
2607,-1.43769999999999998,6.52340601456099556,4463
2608,-1.32630000000000003,6.53266025602468492,4464
2609,-1.01330000000000009,6.56725062252569369,4465
2610,-1.28330000000000011,6.61199073977693885,4466
2611,-1.22280000000000011,6.74887426444808902,4467
2612,-1.13539999999999996,7.24584948139896401,4468
2613,-1.17120000000000002,7.49445656135501270,647
2614,-1.06180000000000008,7.47525982639051190,648
2615,-1.19179999999999997,7.44204849342780328,649
2616,-1.24089999999999989,7.43934751709443454,650
2617,-1.21659999999999990,7.41913913916981471,651
2618,-0.96435000000000004,7.59209868938381316,652
2619,-1.03340000000000010,7.55502685318557532,653
2620,-1.07329999999999992,7.48508228522575525,654
2621,-0.96277000000000001,7.37682503364746367,655
2622,-0.94886999999999999,7.24744809344612673,656
2623,-0.94810000000000005,7.11076626024918923,657
2624,-0.96763999999999994,6.95384292236834245,658
2625,-0.95911000000000002,6.74666959100832564,659
2626,-0.89873000000000003,6.67671452606753935,660
2627,-0.94259000000000004,6.58917160978941219,661
2628,-0.90258000000000005,6.48797099652540954,662
2629,-0.91603999999999997,6.43208138836980137,663
2630,-0.92598999999999998,6.39333607566722684,664
2631,-0.92537000000000003,6.36933700160624827,665
2632,-0.94257000000000002,6.33956512995524335,666
2633,-0.96347000000000005,6.31230293137481979,667
2634,-0.92366999999999999,6.27951962968547406,668
2635,-0.24995000000000001,6.25938177392907580,669
2636,-0.30253999999999998,6.23851397638930383,670
2637,-0.33062000000000002,6.21147502420004471,671
2638,-0.37591999999999998,6.22240773644424650,672
2639,-1.12690000000000001,6.18210460613222512,673
2640,0.49850000000000000,5.84784594842137828,674
2641,0.53574999999999995,6.07036438432679315,675
2642,0.51234000000000002,6.29850922607778418,676
2643,0.52417000000000002,6.53212065738297376,677
2644,0.52237999999999996,6.76901270670544797,678
2645,0.55049999999999999,6.92053095863278678,679
2646,0.19205000000000000,6.55296094916003824,6291
2647,-1.26089999999999991,6.09005771097344351,6292
2648,-1.13729999999999998,6.08735843786293795,6293
2649,-1.19870000000000010,6.06606812113016680,6294
2650,-1.20999999999999996,6.05905823651035380,6295
2651,-1.25869999999999993,6.05035089811002802,6296
2652,-1.26000000000000001,6.05095363123196428,6297
2653,-1.30679999999999996,6.04762642810168050,6298
2654,-1.32190000000000007,6.04900182377429108,6299
2655,-1.34990000000000010,6.06253185613250167,6300
2656,-1.47120000000000006,6.06012282385149792,6301
2657,-1.52059999999999995,6.06521622585601961,6302
2658,-1.50360000000000005,6.07786445519664653,6303
2659,-1.58149999999999991,6.11664197990541503,6304
2660,-1.10939999999999994,6.23090700346367576,6305
2661,-1.08129999999999993,6.30674498748166457,6306
2662,-1.37090000000000001,6.36130365245414620,6307
2663,-1.30000000000000004,6.44802889856740169,6308
2664,-0.97872000000000003,6.50219449546216932,6309
2665,-0.91057999999999995,6.52464561159525225,6310
2666,-0.76476999999999995,6.47724349024389934,6311
2667,-1.52360000000000007,6.39488227466490766,6312
2668,-1.53669999999999995,6.41295757168074854,6313
2669,-1.46720000000000006,6.42519537753863634,6314
2670,-1.37349999999999994,6.43440357510436645,6315
2671,-1.33870000000000000,6.44355790578181686,6316
2672,-1.23740000000000006,6.45837954668135339,6317
2673,-1.15169999999999995,6.46624402611443561,6318
2674,-1.52829999999999999,6.46987625381018994,6319
2675,-1.52540000000000009,6.49121811423736261,6320
2676,-1.55410000000000004,6.51166513708649841,6321
2677,-1.41460000000000008,6.53015219956716297,6322
2678,-1.49380000000000002,6.55367272479663754,6323
2679,-1.43880000000000008,6.55071814910804484,6324
2680,-0.80030999999999997,6.81673530373224779,6326
2681,-0.80081000000000002,6.90829449269670182,6327
2682,-0.79462999999999995,6.99011699149813204,6328
2683,-1.45710000000000006,7.07331153449580707,6329
2684,-1.54689999999999994,7.23423422163611374,6330
2685,-1.46970000000000001,7.35337252253126028,6331
2686,-1.46930000000000005,7.57237139265910120,721
2687,-1.46560000000000001,7.59032712009780663,722
2688,-1.41870000000000007,7.60510018338425642,6334
2689,-1.36579999999999990,7.59841434535797955,6335
2690,-1.39189999999999992,7.59302803487608724,6336
2691,-1.37850000000000006,7.58589268081706880,6337
2692,-1.38040000000000007,7.57344366263162350,6338
2693,-1.36820000000000008,7.57604495388771682,6339
2694,-1.37270000000000003,7.56538555663626600,6340
2695,-1.36929999999999996,7.54614590255191064,6341
2696,-1.35119999999999996,7.47122385640365305,6342
2697,-1.21750000000000003,7.44597742466768242,6343
2698,-1.17500000000000004,7.45460362404380650,6344
2699,-1.33010000000000006,7.44240189826076826,6345
2700,-1.29479999999999995,7.42783624893952776,6346
2701,-1.25910000000000011,7.42214000622038927,6347
2702,-0.19211000000000000,7.02840956454780397,739
2703,-0.20379000000000000,7.11161198829138996,740
2704,-0.28488999999999998,7.09442781555974200,741
2705,-0.10331000000000000,7.09727804413854102,742
2706,-0.10929000000000000,7.18507042078600833,743
2707,-0.01624500000000000,7.44846024576765497,744
2708,0.05160400000000000,7.68110744342552998,745
2709,-0.00567020000000000,7.70525483850641013,746
2710,0.04592700000000000,7.91615925666697606,747
2711,0.04222200000000000,7.98213012896506413,748
2712,-0.09311999999999999,8.04051573518760421,749
2713,-0.08802400000000001,8.05879019594850199,750
2714,-0.06257500000000001,8.09885759322126830,751
2715,-0.03752300000000000,8.17832457544714053,752
2716,-0.07171900000000000,8.31784911892547285,753
2717,-0.09983499999999999,8.51688204753604516,754
2718,0.08405200000000000,8.59602951540580307,755
2719,0.44501000000000002,8.80931270225022978,756
2720,0.57079999999999997,9.23715405035363801,757
2721,0.54361000000000004,9.83468290912882281,758
2722,0.63254999999999995,10.56757490045917436,759
2723,-1.02750000000000008,10.34065359920280791,4778
2724,-1.18559999999999999,10.34435993915606566,4779
2725,-1.23059999999999992,10.39284762231944192,4780
2726,-1.23500000000000010,10.39572613056283501,4781
2727,-1.31990000000000007,10.39053293302530179,4782
2728,-1.34499999999999997,10.40848276766350722,4783
2729,-1.40359999999999996,10.43107667905439051,4784
2730,-1.50310000000000010,10.44604726642695880,6990
2731,-1.57580000000000009,10.39683190491851406,6991
2732,-1.62969999999999993,10.33172263225831600,6992
2733,-1.38840000000000008,10.33209647389817754,6993
2734,-1.41660000000000008,10.33166557383169781,6994
2735,-1.23710000000000009,10.32807042953507803,6995
2736,-1.65870000000000006,10.32334339562994430,6996
2737,-0.40229999999999999,10.32280308314206607,6997
2738,-1.83050000000000002,10.53129754065558821,2991
2739,-1.73190000000000000,10.61100098290113358,6998
2740,-1.81980000000000008,10.70429849704995107,2993
2741,-1.78590000000000004,10.81350323160415527,2994
2742,-1.58450000000000002,10.88231649937958245,4601
2743,-1.66789999999999994,10.99165757500004936,7002
2744,-1.46890000000000009,10.80092243214244618,7002
2745,-1.42530000000000001,10.61012041531522954,7003
2746,-1.49520000000000008,10.42766813985413599,7004
2747,-1.41940000000000000,10.26728277559395686,7005
2748,-1.58889999999999998,9.94695645325017352,6971
2749,-1.62250000000000005,9.75678453428668568,6971
2750,-1.54499999999999993,9.96396951943902387,6972
2751,-1.56190000000000007,10.00326085277198018,6973
2752,-1.70070000000000010,10.03935835523996900,6974
2753,-1.56299999999999994,10.10015340383548654,6975
2754,-1.73350000000000004,10.16139939113106649,6976
2755,-1.84499999999999997,10.27089301459477966,6977
2756,-1.83590000000000009,10.31794176762234017,3136
2757,-1.73429999999999995,9.64724228029407804,2013
2758,-1.56240000000000001,9.29376175911524349,2013
2759,-1.30550000000000010,9.05947360292272208,2014
2760,-0.64742999999999995,8.88664472651895387,2015
2761,-0.69447000000000003,8.88520813362094231,2016
2762,-0.66918000000000000,8.91899594863505030,2017
2763,-0.67379999999999995,8.75098038494112451,2018
2764,-1.57499999999999996,8.65153269694607019,2019
2765,-1.40579999999999994,8.72585759517905935,2020
2766,-1.34119999999999995,8.88919537895786860,2021
2767,-1.35280000000000000,9.00262099683154204,2022
2768,-1.35390000000000010,9.08857911728377310,2023
2769,-1.23140000000000005,9.17179015005840448,2024
2770,-1.22510000000000008,9.23852000125210537,2025
2771,-1.23730000000000007,9.32298814177849344,2026
2772,-1.18930000000000002,9.32848895771458508,2027
2773,-1.01600000000000001,9.35241715500197479,2028
2774,-0.73355999999999999,9.40020393222601669,2029
2775,-0.80823000000000000,9.49115402395012175,2030
2776,-0.82815000000000005,9.55123716480123797,2031
2777,-0.84665999999999997,9.62686871794977073,2032
2778,-0.83362999999999998,9.64556555281941641,2033
2779,-0.86506000000000005,9.65572113316430602,2034
2780,-0.92754999999999999,9.67713923569307788,2035
2781,-0.90447000000000000,9.68101097323090620,2036
2782,-0.94464999999999999,9.66353900678245559,2037
2783,-0.89729999999999999,9.68511872830540810,2038
2784,-0.88668000000000002,9.65329109517843698,2039
2785,-1.22950000000000004,9.65626871902707684,2040
2786,-1.21639999999999993,9.38312168297103355,6190
2787,-1.22720000000000007,9.10615507041876882,6191
2788,-1.23279999999999990,8.85115266893417640,6192
2789,-1.25869999999999993,8.69596324257969933,6193
2790,-1.26039999999999996,8.54786159515327704,6194
2791,-1.19930000000000003,8.41566251255812681,6194
2792,-1.20160000000000000,8.37789795310409602,6195
2793,-1.19769999999999999,8.33340616669596201,6196
2794,-1.17520000000000002,8.30502100537337995,6197
2795,-1.16090000000000004,8.29267047279896019,6198
2796,-1.17609999999999992,8.28601765568421023,6199
2797,-1.11490000000000000,8.26994454308792371,6200
2798,-1.14470000000000005,8.22331349167171055,6202
2799,0.11366999999999999,8.00058351570367421,6203
2800,-1.18650000000000011,8.08917141006418738,6204
2801,-1.17399999999999993,8.04736727613590475,6204
2802,-1.16399999999999992,8.04380305745033120,6205
2803,-1.22589999999999999,8.10164236767461965,6206
2804,-1.22849999999999993,8.13474067029674863,6207
2805,-1.27259999999999995,8.14785500516363470,6208
2806,-1.33810000000000007,8.14598449567956706,6209
2807,-1.37010000000000010,8.13080274477593257,6210
2808,-1.37799999999999989,8.11266198216830325,6211
2809,-1.45989999999999998,8.09963479851018597,6212
2810,-1.50730000000000008,8.08708797572306359,6213
2811,-1.49140000000000006,8.07084717050134159,6214
2812,-1.55350000000000010,8.07093788419059521,6215
2813,-1.38830000000000009,8.06877860564132376,6216
2814,-1.51039999999999996,8.07056932017385797,6217
2815,-1.53089999999999993,8.06029484319768308,6218
2816,-1.06279999999999997,8.05039061540225376,6219
2817,-1.53039999999999998,8.04852329355119878,6220
2818,-0.94440000000000002,8.05603194456486094,6221
2819,-1.37850000000000006,8.09812337174948382,6222
2820,-0.64014000000000004,8.12698341468323981,6223
2821,-0.58326999999999996,8.06182012717772878,6224
2822,-0.67806999999999995,7.99381898063238339,6225
2823,-1.06430000000000002,7.94791627966795655,6226
2824,-0.95952000000000004,7.96845585980807058,6227
2825,-0.90381999999999996,7.90866559919862855,6228
2826,0.53286999999999995,7.80541116892062981,6229
2827,0.45829999999999999,7.20363429932980015,6230
2828,-0.72392000000000001,6.60822509157095883,6231
2829,0.32112000000000002,6.44480092655719083,6232
2830,-0.54486000000000001,5.85165206900331913,6233
2831,-0.63095000000000001,5.69220839744594898,6234
2832,-1.43540000000000001,5.51607641411662897,6235
2833,-1.41480000000000006,5.43163827542947608,6236
2834,-0.73165999999999998,5.36396645845147990,6237
2835,-0.83274999999999999,5.23119918304121168,6238
2836,-0.81920999999999999,5.13565894143116974,6239
2837,-0.86551999999999996,5.05242971950983755,6240
2838,-1.44690000000000007,4.99434809103225774,6241
2839,-0.92376000000000003,4.98497025963479512,6242
2840,-1.39460000000000006,4.93203084774912703,6243
2841,-1.41080000000000005,4.99384725366370130,6244
2842,-1.45839999999999992,5.05107782210573841,6245
2843,-1.38789999999999991,5.17523642265130057,6246
2844,-1.45239999999999991,5.22109744676870147,6247
2845,-1.36099999999999999,5.46476420562108167,6248
2846,-1.37159999999999993,5.54756139130665904,6250
2847,-1.36070000000000002,5.54487264864325713,6251
2848,-1.36909999999999998,5.53252429482933294,6252
2849,-1.39440000000000008,5.51916101386476754,6253
2850,-1.32030000000000003,5.51903749604877270,6254
2851,-1.35190000000000010,5.51690802824804560,6255
2852,-1.35549999999999993,5.51766576056315472,6256
2853,-1.35450000000000004,5.51755317271998624,6257
2854,-1.38650000000000007,5.50526935356264069,6258
2855,-1.38179999999999992,5.47780270105145828,6259
2856,-1.35779999999999990,5.45069625149052328,6260
2857,-1.36610000000000009,5.44616285019234692,6261
2858,-1.33420000000000005,5.43517496388794985,6262
2859,-1.33250000000000002,5.43351330022750201,6263
2860,-1.29679999999999995,5.30244506450470432,6264
2861,-1.21809999999999996,5.17207955730761526,6265
2862,-0.12083000000000001,5.02260673270863922,6266
2863,-0.06534000000000000,5.02917857650154687,6267
2864,-0.05128000000000000,5.04375881352568722,6268
2865,-0.05461800000000000,5.42162859322579660,6269
2866,-0.02226700000000000,5.40019032707246804,6270
2867,0.06410399999999999,5.40386653842547826,6271
2868,-0.00343130000000000,5.44365422808843569,6272
2869,-0.01978500000000000,5.48104948153151295,6273
2870,-0.03189700000000000,5.52470011971089559,6274
2871,-0.00449930000000000,5.56693142298408450,6275
2872,0.00365540000000000,5.61322606369004440,6276
2873,-0.01569500000000000,5.65487812447043581,6277
2874,0.00211720000000000,5.74577418779008742,6278
2875,0.05897000000000000,5.82680644886115218,6279
2876,0.06920500000000000,5.91592267183102649,6280
2877,0.06018300000000000,6.02083309814734147,6281
2878,-0.01245700000000000,6.21426197294959959,6282
2879,0.06107900000000000,6.29794723988086425,6283
2880,-0.94459000000000004,6.42969334881007981,6284
2881,-0.92413000000000001,6.36238925324826532,6285
2882,0.27250999999999997,6.19791746576544700,6286
2883,0.42004999999999998,6.37908658513835469,6287
2884,-0.99985999999999997,6.43331527910776924,6288
2885,-1.22530000000000006,6.31541637027725589,6289
2886,-1.25510000000000010,6.30080796780032504,6290
2887,-1.24300000000000010,6.29190062758184876,6291
2888,-1.27970000000000006,6.28637622208057678,6292
2889,-1.25150000000000006,6.28439134046194781,6293
2890,-1.27210000000000001,6.27904203164789099,6294
2891,-1.30499999999999994,6.27423879635446724,6295
2892,-1.31349999999999989,6.27347000817277589,6296
2893,-1.35200000000000009,6.27571385326801678,6297
2894,-1.46120000000000005,6.27999537984232603,6298
2895,-1.46469999999999989,6.28774567877244728,6299
2896,-1.45849999999999991,6.30579380662937528,6300
2897,-1.14250000000000007,6.33635769064619581,6301
2898,-1.17749999999999999,6.31059543526917555,6302
2899,-1.09739999999999993,6.34189902816498652,6304
2900,-1.42310000000000003,6.34786962604904037,6304
2901,-1.00449999999999995,6.48837858051498539,6305
2902,-1.44460000000000011,6.55935513269172965,6306
2903,-1.27689999999999992,6.64473649477358563,6307
2904,-1.53709999999999991,6.72419422331320060,6308
2905,-1.77719999999999989,6.78467790463432774,6309
2906,-1.66930000000000001,6.84699210840635875,6310
2907,-1.53360000000000007,7.18774380168907978,6311
2908,-1.55810000000000004,7.35926445728089007,2828
2909,-1.28259999999999996,7.14362613438665850,2829
2910,-1.55909999999999993,6.61758128145011071,2830
2911,-1.53830000000000000,6.33683189353308851,2831
2912,-1.55099999999999993,6.09814816483606403,2832
2913,-1.72809999999999997,6.04996873551601855,2833
2914,-1.74199999999999999,6.00519826426796488,2834
2915,-1.77220000000000000,5.77042419156567554,2835
2916,-1.67490000000000006,5.55547513366047063,2836
2917,-0.48135000000000000,5.35445313697907999,2837
2918,-1.49390000000000001,5.27588912127144383,2838
2919,-1.27610000000000001,5.23813770581501625,2839
2920,-1.13210000000000011,5.16960350786456413,2840
2921,-1.22100000000000009,5.16697420184145262,2841
2922,-1.34109999999999996,5.17373932837121586,2842
2923,-1.27889999999999993,5.62810250821535618,2843
2924,-1.22249999999999992,6.04258082591141044,2844
2925,-1.40640000000000009,6.03973876063413417,2845
2926,-1.53360000000000007,6.04397876576771775,2846
2927,-1.51469999999999994,6.04961258274596858,2847
2928,-1.43609999999999993,6.05351208160247634,2848
2929,-1.42349999999999999,6.05917825699859947,2849
2930,-1.43159999999999998,6.06493536919884946,2850
2931,-1.43639999999999990,6.06648600760359535,2851
2932,-1.39969999999999994,6.06907288393939126,2852
2933,-1.40120000000000000,6.07088196433952643,2853
2934,-1.39440000000000008,6.07266036861917335,2854
2935,-1.35129999999999995,6.07479551471858414,2855
2936,-1.30139999999999989,6.07419327571527834,2856
2937,-1.29729999999999990,6.07126134239132575,2857
2938,-1.29289999999999994,6.06816691641858785,2858
2939,-1.27420000000000000,6.09506341329448098,2859
2940,-1.26279999999999992,6.09332646418358070,2860
2941,-1.21920000000000006,6.10717597283734470,2861
2942,-1.24219999999999997,6.14842351197182779,2862
2943,-1.17419999999999991,5.98455253375478069,2863
2944,0.08739800000000000,5.80254849174077947,2864
2945,0.12107000000000000,6.09409444103214248,2865
2946,0.15029999999999999,6.21120116251348353,2866
2947,0.20105000000000001,6.25687842226062685,2867
2948,0.14549000000000001,6.31442508578533612,2868
2949,0.17033999999999999,6.38210198824797281,2869
2950,0.18060999999999999,6.43708162705647791,2870
2951,0.17041000000000001,6.49373865637477099,2871
2952,0.18823999999999999,6.72267710404387042,2872
2953,0.19198999999999999,7.22688454292946147,2873
2954,0.16996000000000000,7.41861791329677178,6279
2955,0.11423000000000000,7.58618529693171872,6280
2956,0.10417000000000000,7.74712394169043517,6281
2957,0.10352000000000000,7.94935496833605093,6282
2958,0.07840000000000000,8.44717565971011730,6283
2959,-0.00006245500000000,8.61577668065376479,6284
2960,-0.87200000000000000,8.95313474898732231,6285
2961,-0.86140000000000005,9.05213671224305294,6286
2962,0.49440000000000001,8.95677592278868318,6287
2963,0.45355000000000001,9.10935524542009922,6288
2964,-1.20659999999999989,9.24996440686762078,6289
2965,-1.28620000000000001,9.25057708493643460,6290
2966,-1.27810000000000001,9.25380200776248607,6291
2967,-1.28730000000000011,9.25853546400919214,6292
2968,-1.25829999999999997,9.26097219760574042,6293
2969,-1.33660000000000001,9.26377676740517764,6294
2970,-1.34929999999999994,9.26829284053281910,6295
2971,-1.35149999999999992,9.27010678706117197,5488
2972,-1.37729999999999997,9.26949861956772558,5489
2973,-1.37709999999999999,9.29066516175735124,5490
2974,-1.39300000000000002,9.32503198351780505,5491
2975,-1.36190000000000011,9.34835565076332031,5492
2976,-1.39369999999999994,9.29223615152495519,5494
2977,-1.35630000000000006,9.22591023292983259,5494
2978,-1.37010000000000010,9.22729982751655342,5495
2979,-1.31580000000000008,9.25199655405734767,5496
2980,-1.07489999999999997,9.25631094361952478,5497
2981,-1.46280000000000010,9.24014106255201995,5498
2982,-1.55499999999999994,9.23601686040449188,5499
2983,-1.54020000000000001,9.22724654522969168,5500
2984,-0.12318000000000000,9.29907705786560435,5501
2985,-1.69009999999999994,9.10976400640265283,5502
2986,-1.76049999999999995,9.11589020273790496,5503
2987,-1.77689999999999992,9.11579783014738432,5504
2988,-1.77740000000000009,9.13695038195818654,5505
2989,-1.76299999999999990,9.16413978299486409,5506
2990,-1.77649999999999997,9.21217298582266864,5507
2991,-1.80069999999999997,9.23452649147722227,5508
2992,-1.81220000000000003,9.28298678916365283,5509
2993,-1.86899999999999999,9.40989680333075462,5510
2994,-1.83359999999999990,9.39803331704893807,6319
2995,-1.85230000000000006,9.38194785786051710,6320
2996,-1.83800000000000008,9.37044956064093171,6321
2997,-0.48797000000000001,9.35729578384682092,6322
2998,-1.65139999999999998,9.28805815702692250,6323
2999,-0.69830000000000003,9.24701172869473531,6324
3000,-0.68313000000000001,9.20243830981939048,6325
3001,-0.74987999999999999,9.20933940084815461,6326
3002,-0.72980000000000000,9.22644753935745143,6327
3003,-1.42870000000000008,9.23939999993044125,6328
3004,-1.50550000000000006,9.28908859115962215,6329
3005,-1.51849999999999996,9.38514423440201107,6330
3006,-1.43609999999999993,9.43204922749133878,2489
3007,-1.33499999999999996,9.43777650716796579,2490
3008,-1.31919999999999993,9.43764331848158378,2491
3009,-1.24689999999999990,9.28092575966578615,5961
3010,-1.30040000000000000,9.11960246670562746,5962
3011,-1.26320000000000010,8.96656943404110685,5963
3012,-1.24170000000000003,8.93153748136302994,5963
3013,-1.23819999999999997,8.90449602790850925,5965
3014,-1.03360000000000007,8.77284292834757196,5966
3015,-0.77571999999999997,8.69059425853092726,5967
3016,-0.36447000000000002,8.66716872927809590,5968
3017,-0.42351000000000000,8.70886203886215604,5969
3018,-1.20740000000000003,8.76313047811803258,5970
3019,-0.91778999999999999,8.55858469825952106,5971
3020,-0.77444999999999997,8.47266987876073330,5972
3021,-0.88038000000000005,8.41778904505249770,5973
3022,-0.90405000000000002,8.35726747980832840,5974
3023,-0.94245000000000001,8.29034448867615126,5974
3024,-0.90354000000000001,8.22198079014285810,5975
3025,-0.87602000000000002,8.06072111160620963,2508
3026,-0.03450000000000000,8.03796326981852260,2509
3027,0.03718900000000000,8.13078093269012570,2510
3028,0.21163000000000001,8.18874146868549424,5979
3029,0.25538000000000000,8.25943460246099725,5980
3030,0.26473000000000002,8.34411485940512598,5981
3031,0.24121999999999999,8.44000684250913835,5982
3032,0.01965800000000000,8.66012972420114835,5983
3033,-0.03236700000000000,8.82646290133717315,5984
3034,0.01744400000000000,8.99216917787609660,5985
3035,0.06142400000000000,9.10665996800647548,5986
3036,0.20854000000000000,9.23741264910939641,5987
3037,0.22369000000000000,9.16894597771139708,6602
3038,0.15765999999999999,9.06711192044812542,6603
3039,0.14570000000000000,8.69160252214354756,5513
3040,-0.97906000000000004,7.98848578028158496,5514
3041,-1.00459999999999994,7.96837170559335028,5515
3042,-1.06160000000000010,7.97488069067250205,5516
3043,-1.13359999999999994,7.92825742824073920,5517
3044,-1.16890000000000005,8.00182863355819940,5518
3045,-1.29420000000000002,8.06894537196060924,5519
3046,-1.26089999999999991,8.11587736543218874,5520
3047,-1.30299999999999994,8.14290307313162209,5521
3048,-1.29590000000000005,8.15647802299120883,5522
3049,-1.27709999999999990,8.17406445111376989,5523
3050,-1.29150000000000009,8.18553406312494403,5524
3051,-1.30760000000000010,8.19818899462216422,5525
3052,-1.31840000000000002,8.21248090618038695,5526
3053,-1.31770000000000009,8.24249430134551808,5527
3054,-1.32990000000000008,8.45590413343704661,5528
3055,-1.39680000000000004,8.65984650451034632,5528
3056,-1.36610000000000009,8.85845429782127702,5530
3057,-1.44300000000000006,8.93082228009857992,5530
3058,-0.99717000000000000,8.93845123174891043,1986
3059,-1.35349999999999993,8.94420125455477333,1987
3060,-0.88065000000000004,8.91687842197917035,1988
3061,-0.94932000000000005,8.90239286591972601,1989
3062,-0.98834000000000000,8.90285430354766660,1990
3063,-1.03689999999999993,8.93325487717498667,1991
3064,-1.33000000000000007,8.93122140841563450,1992
3065,-0.93886000000000003,8.93165936079370049,1993
3066,-1.36230000000000007,8.93177916241220515,1994
3067,-1.37020000000000008,8.86032557779262575,1995
3068,-1.27780000000000005,8.70896485007626175,4682
3069,-1.35109999999999997,8.63576087874658249,4683
3070,-1.35349999999999993,8.63128563446501218,4684
3071,-0.71087000000000000,8.49279899050808673,4685
3072,-0.06482300000000001,8.48805831651463905,4686
3073,-0.58243999999999996,8.75982755655747347,5150
3074,-0.44424999999999998,8.71423898206149161,4688
3075,-0.40455000000000002,8.67906789164416104,4689
3076,-0.34462999999999999,8.74094554331448492,4690
3077,0.60160999999999998,8.96654645914975212,4691
3078,-0.38630999999999999,9.80999837502093186,5155
3079,0.36913000000000001,10.04694905934607974,6567
3080,0.33454000000000000,9.82255998048311874,6568
3081,-0.57047000000000003,9.47882034830157494,6569
3082,-0.76620999999999995,9.54739738137390681,6570
3083,-0.83252000000000004,9.66260181588556399,6571
3084,-1.19550000000000001,9.72662473150101548,6572
3085,-1.21459999999999990,9.76540201536358055,6573
3086,-1.14179999999999993,9.90830364383588247,6574
3087,-1.19799999999999995,10.34610375978547481,6575
3088,-1.27479999999999993,10.26323011148145170,3384
3089,-1.25000000000000000,9.91001194432056742,3385
3090,-1.26029999999999998,10.14315926681014624,3386
3091,-1.30790000000000006,10.87040716059380152,3387
3092,-0.85372000000000003,11.06838042727283877,6739
3093,-0.86378999999999995,10.97933691075455620,3222
3094,-0.97592000000000001,10.88940371471774426,6582
3095,-1.44760000000000000,10.77608716271162415,6583
3096,-1.44090000000000007,10.74393981934845144,6584
3097,-1.30190000000000006,10.73292378753662746,6585
3098,-1.11309999999999998,10.67627980337419480,6586
3099,-1.23580000000000001,10.59486525885686881,6587
3100,-1.30699999999999994,10.54514089010927158,6588
3101,-1.27990000000000004,10.50030432021291382,6589
3102,-1.29319999999999991,10.45251989209718069,6590
3103,-1.33709999999999996,10.40225319453170449,6591
3104,-1.28919999999999990,10.35864499208296685,6592
3105,-1.32860000000000000,10.36097297092178948,6593
3106,-1.38240000000000007,10.43779133328243702,6594
3107,-1.38199999999999990,10.48704989604347304,6595
3108,-1.31180000000000008,10.46735870649923150,6596
3109,-1.36339999999999995,10.48132957311925040,6597
3110,-1.34210000000000007,10.52420401940813832,6598
3111,-1.34840000000000004,11.02724907833395385,6598
3112,-1.31770000000000009,11.17797307761434489,5061
3113,-1.21259999999999990,11.10771277536218982,5062
3114,-1.15840000000000010,11.06959899522108337,5063
3115,-1.08099999999999996,11.04552073704905268,7229
3116,-1.05709999999999993,11.03404382051221155,5065
3117,-1.09969999999999990,11.03195559767756961,5066
3118,-1.08780000000000010,11.06851982399301093,5067
3119,-1.19460000000000011,11.08262145937106880,5068
3120,-0.80464000000000002,11.11288984477597985,5069
3121,-0.82674999999999998,11.11950076081567751,5070
3122,-0.82706000000000002,11.11936114541109255,3367
3123,-0.86046999999999996,10.83547611135616151,2997
3124,-0.94293000000000005,10.68509663252280895,2997
3125,-1.02130000000000010,10.69961449290527078,2999
3126,-1.06699999999999995,10.64971457624882767,2999
3127,-1.14910000000000001,10.89358661635318093,3001
3128,-1.30780000000000007,11.03660450781258540,6841
3129,-1.31469999999999998,10.77776388066454238,2749
3130,-1.32780000000000009,10.59230311815366754,2750
3131,-1.34769999999999990,10.63452741010545743,2751
3132,-1.31859999999999999,10.75401847132410360,2752
3133,-1.32420000000000004,10.75077087447147406,2753
3134,-1.29220000000000002,10.73881229914702651,2754
3135,-1.33610000000000007,10.55935579372348521,2755
3136,-1.37909999999999999,10.31794176762234017,2756
3137,-1.43330000000000002,10.09779353613382114,2757
3138,-1.49669999999999992,10.15286790264343608,2758
3139,-1.44870000000000010,10.20920946736806023,2759
3140,-1.34339999999999993,10.25553129595451196,2760
3141,-0.87509000000000003,10.22553187333574876,2761
3142,-0.93635000000000002,10.23961376449731553,2762
3143,-1.20979999999999999,10.29189660524337313,2763
3144,-1.24239999999999995,10.35083570253479834,2764
3145,-1.13040000000000007,10.35157965838055993,2765
3146,-1.33349999999999991,10.38010269719611145,2766
3147,-1.33289999999999997,10.43276918384361096,3403
3148,-1.04400000000000004,10.45180497868577518,3404
3149,-0.97865999999999997,10.44211290588533458,3405
3150,-1.07679999999999998,10.41473266223985661,3406
3151,-1.12090000000000001,10.38969235656459311,3407
3152,-1.23930000000000007,10.36440486850256804,3408
3153,-1.27740000000000009,10.36800342851741163,3409
3154,-0.52973999999999999,10.39284645170125110,3410
3155,-0.01099100000000000,10.22772641354485046,3411
3156,-0.19489000000000001,9.85579701177635314,3412
3157,-1.15860000000000007,9.59902066052291580,3413
3158,-1.07410000000000005,9.64762499781839367,3414
3159,-1.13650000000000007,9.67546333731674579,8
3160,-1.22389999999999999,9.64056968027597527,9
3161,-1.27600000000000002,9.60870735866948777,10
3162,-0.85399000000000003,9.60851224860348729,11
3163,-1.36430000000000007,9.46352056354268889,12
3164,-1.40969999999999995,9.64118685136595133,13
3165,-1.37989999999999990,9.76789196598448584,14
3166,-1.39119999999999999,9.60269255240188890,5036
3167,-1.30600000000000005,9.75457954025114482,5040
3168,-1.35060000000000002,9.66249865139936226,5041
3169,-1.32590000000000008,9.67914174221539092,5042
3170,-1.28049999999999997,9.80049160270228192,5043
3171,-1.33099999999999996,10.04681091736170728,5044
3172,-1.34759999999999991,10.08304675210887957,4741
3173,-1.33519999999999994,10.03160841274561221,4742
3174,-1.31960000000000011,9.95675183465719194,4743
3175,-1.30489999999999995,9.90668701559786591,4744
3176,-1.09499999999999997,9.90916109389209154,4745
3177,-1.13579999999999992,9.76147721176205607,4746
3178,-1.08580000000000010,9.72844464705411305,4747
3179,-1.11319999999999997,9.68968558066051777,4748
3180,-1.16260000000000008,9.66955339541375736,4749
3181,-1.13440000000000007,9.66376482620844612,4750
3182,-1.13700000000000001,9.63358460635694236,4751
3183,-1.20470000000000010,9.61137858149771596,4752
3184,-1.18829999999999991,9.59006434757255377,4753
3185,-1.19720000000000004,9.58269045553381460,4754
3186,-1.23570000000000002,9.59627635570254967,4755
3187,-1.22760000000000002,9.58816271976169254,4756
3188,-1.19429999999999992,9.60920187922765834,4757
3189,-1.19769999999999999,9.60626345737470544,4758
3190,-1.20520000000000005,9.56781940191854119,5063
3191,-1.19290000000000007,9.52753631745629903,5064
3192,-1.23199999999999998,9.49630203744647616,5065
3193,-1.17250000000000010,9.44933130314255898,5066
3194,-1.17730000000000001,9.42850633665931070,5067
3195,-1.13599999999999990,9.40575343951268117,5068
3196,-1.11979999999999991,9.40631026077315546,5069
3197,-1.11480000000000001,9.40523796557040015,5070
3198,-1.09539999999999993,9.40426481466599107,5071
3199,-1.10830000000000006,9.38361068197481352,5072
3200,-1.16900000000000004,9.35474577452695932,5073
3201,-1.31919999999999993,9.32412727895056292,5074
3202,-1.31610000000000005,9.25462067413420542,5075
3203,-1.26750000000000007,9.17663342109959856,5076
3204,-1.04319999999999991,9.23174110288221605,5077
3205,-0.77930999999999995,9.31087988086369833,290
3206,-0.42807000000000001,9.22624729235180752,291
3207,-0.25152000000000002,9.04708992938683920,292
3208,-0.52103999999999995,8.78944779466109516,293
3209,-1.11690000000000000,8.61377730218220705,294
3210,-1.46290000000000009,8.64365317005585432,295
3211,-1.60450000000000004,8.70715071397042095,296
3212,-1.55459999999999998,8.70252593993532031,297
3213,-1.52140000000000009,8.64052020473179994,298
3214,-1.51459999999999995,8.62597248360879298,299
3215,-1.43389999999999995,8.67506947630411673,299
3216,-1.36109999999999998,8.68306689763644357,300
3217,-1.52730000000000010,8.66165012373381948,301
3218,-1.54790000000000005,8.72151400213224193,302
3219,-1.45680000000000009,8.77425501701273269,303
3220,-1.47120000000000006,8.90640854853180031,304
3221,-1.52150000000000007,8.99801659163838963,305
3222,-1.58529999999999993,9.06410260270203594,307
3223,-1.60739999999999994,9.09133950822391590,308
3224,-1.60349999999999993,9.13253473954502759,309
3225,-1.55449999999999999,9.17028549582566654,310
3226,-1.59020000000000006,9.13947126725086179,310
3227,-1.56729999999999992,9.11719910794475297,312
3228,-1.38850000000000007,9.05065831124881015,313
3229,-1.23950000000000005,8.99139881711233357,314
3230,-1.45510000000000006,8.88941525870389704,315
3231,-1.49869999999999992,8.83177881378164287,316
3232,-1.60139999999999993,8.76929698435188243,317
3233,-1.54319999999999991,8.74441010010938413,318
3234,-1.43670000000000009,8.71322029232837991,319
3235,-1.46599999999999997,8.69050340017587253,320
3236,-1.39159999999999995,8.68285881333828868,320
3237,-1.55099999999999993,8.66927085658002028,321
3238,-1.60280000000000000,8.73316322821045610,322
3239,-1.58020000000000005,8.81892790938310611,323
3240,-1.60690000000000000,8.89961321945102135,324
3241,-1.53689999999999993,8.79777466796881313,5440
3242,-1.52210000000000001,8.81220395262487877,5441
3243,-1.55240000000000000,8.83356000996503177,5443
3244,-1.04940000000000011,8.61789328138793387,5443
3245,-0.96858000000000000,8.60700056871934116,5444
3246,-0.54347999999999996,9.01186298462542368,5444
3247,-0.13295999999999999,8.98264964564276980,5446
3248,-0.39554000000000000,8.87783246586185193,5447
3249,-0.63046999999999997,8.79042304418048204,5448
3250,-1.09980000000000011,8.80667206659178881,5449
3251,-1.22500000000000009,8.90998523358698868,5450
3252,-1.04049999999999998,9.01032126100357189,5451
3253,-1.00859999999999994,8.97584195762122761,5452
3254,0.74870999999999999,8.92668916237911603,5453
3255,0.68879999999999997,8.84411739024387877,5454
3256,0.74070000000000003,8.65662104903099383,5455
3257,-0.99175000000000002,8.49007445077841005,3417
3258,-0.98307999999999995,8.47152585375525291,3418
3259,-0.97562000000000004,8.48387343146269757,3419
3260,-0.94962999999999997,8.45501870636160469,3420
3261,-0.99146999999999996,8.43206286730263521,3421
3262,-0.94835000000000003,8.39894484441208888,3422
3263,-0.97672999999999999,8.37494399045466587,3423
3264,-0.92339000000000004,8.34147747731054956,3424
3265,-0.86953000000000003,8.29462271100802084,3425
3266,-0.83779999999999999,8.26334586964698659,3426
3267,-0.90627999999999997,8.20883982462799544,3427
3268,-0.92888999999999999,8.19192920548425008,3428
3269,-0.90490999999999999,8.17287729895066661,3429
3270,-0.89908999999999994,8.13434164474950450,3430
3271,-0.90942000000000001,8.09858721992320518,3431
3272,-0.90539999999999998,8.06663323275837563,3432
3273,-0.90117000000000003,8.01831618828606985,3433
3274,-0.88919000000000004,8.15028505665796565,3434
3275,-0.90420000000000000,8.12307030602212521,3435
3276,-0.93181000000000003,8.08384591167048860,3436
3277,-0.95830000000000004,8.05890543222493427,3680
3278,-0.96662000000000003,8.02022519568583370,3438
3279,-0.93798000000000004,7.99922600190157240,3439
3280,0.28895999999999999,7.97605985097942671,3440
3281,-0.95787999999999995,7.90170246365149520,3441
3282,-0.96311000000000002,7.88506865141210955,3442
3283,0.74978999999999996,7.75332021628334189,367
3284,0.60653000000000001,7.62948168484377920,3687
3285,0.54749000000000003,7.36556595787552304,3688
3286,-1.31410000000000005,7.13859630160678016,3446
3287,-1.20760000000000001,7.07836358022811307,3690
3288,-0.95991000000000004,6.87530764495195257,3691
3289,-0.66808000000000001,6.71939524196435212,3692
3290,-0.23899000000000001,6.71530851121934091,3693
3291,-0.45118999999999998,6.66607316164548802,3694
3292,-1.18320000000000003,6.55113041543711372,3695
3293,-1.56770000000000009,6.54775279463557247,3696
3294,-1.63440000000000007,6.55845504336196772,3697
3295,-1.64470000000000005,6.56542302052014737,3698
3296,-1.59420000000000006,6.57120450873380602,3699
3297,-1.61440000000000006,6.57267992920383914,3700
3298,-1.58519999999999994,6.60756892358178138,3701
3299,-1.50170000000000003,6.60650636788102297,3702
3300,-1.59939999999999993,6.60949847228075971,3703
3301,-1.45880000000000010,6.68549578481761753,3704
3302,-1.37870000000000004,6.73992490106821229,3461
3303,-1.44619999999999993,6.74314923179940351,3462
3304,-1.47389999999999999,6.74074024237484970,3463
3305,-1.60569999999999991,6.82814866975023804,3464
3306,-1.54669999999999996,6.85499074035920319,3465
3307,-1.58739999999999992,6.89069048060342393,3466
3308,-1.48859999999999992,6.92330328064995815,3467
3309,-1.55000000000000004,6.98065031073346010,3468
3310,-1.52829999999999999,7.24915495258902087,5508
3311,-1.36270000000000002,7.30493409238197611,5509
3312,-1.55800000000000005,7.43589885168358400,5510
3313,-1.40979999999999994,7.64387063073848605,5511
3314,-1.58170000000000011,7.80282678323153078,5512
3315,-1.40149999999999997,7.93602491390300546,5513
3316,-1.42110000000000003,7.98335816115093433,5514
3317,-1.47879999999999989,8.03470019918935741,5515
3318,-1.45199999999999996,8.12078951898677737,5516
3319,-1.49950000000000006,8.18754028810214685,5517
3320,-1.25079999999999991,8.24850908566580188,5518
3321,-1.54840000000000000,8.24965022574689222,5519
3322,-1.57329999999999992,8.26315792721115194,5520
3323,-1.45179999999999998,8.25303827556933101,6326
3324,-1.59709999999999996,8.26074143015545381,6327
3325,-1.41739999999999999,8.28369512769936023,6328
3326,-1.42880000000000007,8.31343171838700279,5524
3327,-1.65409999999999990,8.32341403300596205,5525
3328,-1.55539999999999989,8.33819528787461017,5526
3329,-1.24639999999999995,8.35064971744965057,5527
3330,-1.11979999999999991,8.46326445938728611,5528
3331,-0.72458999999999996,8.46534962509340971,5529
3332,-0.16802000000000000,8.43797689152182784,5530
3333,-0.63648000000000005,8.35394480554511887,5531
3334,0.44567000000000001,8.43311269691271015,5532
3335,-0.33894999999999997,8.29880530566430252,5533
3336,-0.64234000000000002,8.13111465582562865,6339
3337,-1.04519999999999991,8.08159456713029378,6340
3338,-1.16959999999999997,8.06535814526688988,6341
3339,-1.25059999999999993,8.03649387983613117,6342
3340,-1.26350000000000007,8.02351618116225573,6343
3341,-1.28400000000000003,8.02139934009969835,6344
3342,-0.94028000000000000,8.01459803408820015,6345
3343,-0.87910999999999995,7.90463021166561308,6346
3344,-0.84706000000000004,7.91596411237055442,6347
3345,0.17433000000000001,7.89571014044668917,6348
3346,0.65058000000000005,7.83627877989032662,3748
3347,0.69311999999999996,7.71119228638754528,3749
3348,0.76719000000000004,7.66693063861450419,3750
3349,0.87089000000000005,7.77008291850375521,3751
3350,0.92423999999999995,7.90525029881225372,3752
3351,0.79629000000000005,8.04603863803707675,3752
3352,0.76903999999999995,8.20817004324108623,6350
3353,0.75897000000000003,8.36910365695430691,6351
3354,0.73129999999999995,8.54003062246144395,6351
3355,0.38046000000000002,8.94446603438669818,6352
3356,0.35740000000000000,9.31747988818961659,6353
3357,-0.83835000000000004,9.54419896111313371,3664
3358,-0.80132000000000003,9.59014500699302097,3665
3359,-0.86248000000000002,9.67327137929161474,3666
3360,-0.99911000000000005,9.74298124260704945,3667
3361,-1.01180000000000003,9.74742238132805738,6358
3362,-1.06820000000000004,9.73539066351465543,6359
3363,-1.12240000000000006,9.70293322064845576,6360
3364,-1.27770000000000006,9.63540590526106300,6361
3365,1.13310000000000000,9.43924856854166450,6362
3366,-1.23140000000000005,8.34092623070597305,2558
3367,-1.06450000000000000,8.27016854061554518,2559
3368,-0.90620000000000001,8.15334387378767289,2560
3369,-0.58425000000000005,8.29965712355912366,2561
3370,-0.24010000000000001,8.63102748820868726,2562
3371,-0.36847999999999997,9.09634007517387921,2563
3372,-0.95643999999999996,9.50410822208205808,2564
3373,-1.32479999999999998,9.29106264450008723,2565
3374,-1.56119999999999992,9.25465346071710826,2566
3375,-1.56479999999999997,9.26748269144708381,2567
3376,-1.57069999999999999,9.28711502643568210,2568
3377,-1.61139999999999994,9.27632310488534984,2569
3378,-1.53960000000000008,9.35577763629788528,2570
3379,-1.56400000000000006,9.37999552254535907,2571
3380,-1.42460000000000009,9.37252681196500248,2572
3381,-1.51530000000000009,9.38354740540767907,2573
3382,-1.55570000000000008,9.75673993723077615,2574
3383,-1.47639999999999993,10.06094226175286721,5088
3384,-1.59480000000000000,10.26323011148145170,3088
3385,-1.46970000000000001,9.91001194432056742,3089
3386,-1.60410000000000008,10.14315926681014624,3090
3387,-1.58159999999999989,10.69722833171950782,3789
3388,-1.47930000000000006,10.21411774256959504,3789
3389,-1.48530000000000006,9.79889994644793738,5434
3390,-1.57370000000000010,9.41752810599118995,5435
3391,-1.40640000000000009,9.32455063397802597,5434
3392,-1.56939999999999991,8.83435555778704718,5434
3393,-0.13419000000000000,8.52202604355054127,5435
3394,-1.55230000000000001,7.95089014621108614,5435
3395,-1.47900000000000009,8.00527898398182103,5435
3396,-1.43169999999999997,8.08319159377582963,5436
3397,-1.55509999999999993,8.14203735483961921,5437
3398,-1.46239999999999992,8.18239295715947001,3878
3399,-1.51810000000000000,8.13437614662486475,3879
3400,-1.50019999999999998,8.05776429007822159,5440
3401,-1.45100000000000007,8.08851455618618154,5441
3402,-1.43179999999999996,8.10425124818127607,5442
3403,-1.39070000000000005,7.98192960553848341,5443
3404,-1.47659999999999991,7.95190205314095877,5444
3405,-1.49659999999999993,7.95710322340165011,5445
3406,-1.45449999999999990,7.98692020053583196,5446
3407,-1.50780000000000003,8.06059917748908106,5447
3408,-1.56030000000000002,8.17347299899755342,5447
3409,-1.50580000000000003,8.46026026965933120,3889
3410,-1.57149999999999990,8.63485915484597477,3890
3411,-1.53630000000000000,8.72966625378699668,3891
3412,-1.50370000000000004,8.74897218914989239,3892
3413,-1.55380000000000007,8.77340724160349694,3893
3414,-1.51180000000000003,8.81381327263176217,3894
3415,-1.49039999999999995,8.81072225682183507,5454
3416,-1.61640000000000006,8.78027399995824709,5455
3417,-1.52649999999999997,8.49007445077841005,3257
3418,-1.46059999999999990,8.47152585375525291,3258
3419,-1.42839999999999989,8.48387343146269757,3259
3420,-1.41749999999999998,8.45501870636160469,3260
3421,-1.57260000000000000,8.43206286730263521,3261
3422,-1.31529999999999991,8.39894484441208888,3262
3423,-1.53279999999999994,8.37494399045466587,3263
3424,-1.57450000000000001,8.34147747731054956,3264
3425,-1.43270000000000008,8.29462271100802084,3265
3426,-1.58420000000000005,8.26334586964698659,3266
3427,-1.39789999999999992,8.20883982462799544,3267
3428,-1.46540000000000004,8.19192920548425008,3268
3429,-1.53150000000000008,8.17287729895066661,3269
3430,-1.52689999999999992,8.13434164474950450,3270
3431,-1.50859999999999994,7.94334231987338413,3594
3432,-1.55430000000000001,7.47920882793231101,3596
3433,-1.52010000000000001,6.90603718197098537,3596
3434,-1.41490000000000005,6.70699357256976203,3596
3435,-1.50780000000000003,6.61941517787462264,3597
3436,-1.39549999999999996,6.53547816324045883,3598
3437,-1.55170000000000008,6.49969417360131896,3599
3438,-1.46859999999999991,6.44406393553830714,3600
3439,-1.44350000000000001,6.38139893943708358,3601
3440,-1.02699999999999991,6.33346075859416313,3602
3441,-1.02879999999999994,6.31964497372890222,3603
3442,-1.08479999999999999,6.29444159835066230,3604
3443,-1.13349999999999995,6.27049452535725038,3605
3444,-1.17650000000000010,6.25916145438571725,3606
3445,-1.27540000000000009,6.24959523477945122,3607
3446,-1.32129999999999992,6.21276368566929271,3608
3447,-1.31519999999999992,6.05724790363837684,3610
3448,-1.18100000000000005,5.88533355478903797,3610
3449,-1.15930000000000000,5.81756014631446750,3693
3450,-0.59075999999999995,5.78139207493347218,3693
3451,-0.43135000000000001,5.58516848486729689,3695
3452,-0.43275000000000002,5.21500079681942452,3614
3453,-1.00669999999999993,4.76139428872809578,3615
3454,-1.42660000000000009,4.64955840088926031,3616
3455,-1.57509999999999994,4.64534424947052837,3617
3456,-1.61319999999999997,4.64713466091290606,3618
3457,-1.60830000000000006,4.64152647402596941,3619
3458,-1.57200000000000006,4.63036209043074365,3620
3459,-1.56600000000000006,4.62156944740876252,3621
3460,-1.56339999999999990,4.62289697536858135,3622
3461,-1.51699999999999990,4.62410113802623179,3623
3462,-1.57050000000000001,4.62056865401068517,3624
3463,-1.56099999999999994,4.60997728675476992,3625
3464,-1.59430000000000005,4.66047446321695258,3626
3465,-1.53519999999999990,4.69193976759899201,3627
3466,-1.61800000000000010,4.70978580187321239,3628
3467,-1.59149999999999991,4.76389072524365176,3629
3468,-1.53330000000000011,4.82005362379613178,3630
3469,-1.61400000000000010,4.75983641350377074,3631
3470,-1.43730000000000002,4.68817152336555409,3632
3471,-1.51190000000000002,4.57305676574705711,3633
3472,-1.57840000000000003,4.43047654276305281,3634
3473,-1.48530000000000006,4.31205579203343348,3635
3474,-1.61050000000000004,4.25527184845286843,3636
3475,-1.54329999999999989,4.16211044192973389,3637
3476,-1.50990000000000002,4.09754499872540912,3638
3477,-1.42369999999999997,4.29193425801752948,3639
3478,-1.44419999999999993,4.57182884051768834,3640
3479,-1.41650000000000009,4.56941895802361575,3641
3480,-1.45829999999999993,4.57336023753894771,3642
3481,-1.47090000000000010,4.59722187087474143,3643
3482,-1.43219999999999992,4.60931854066439151,3644
3483,-1.55459999999999998,4.61536914418893840,3645
3484,-1.55760000000000010,4.60693827040117299,3646
3485,-1.57240000000000002,4.60450257534081242,3647
3486,-1.57230000000000003,4.60739732054869133,3648
3487,-1.41930000000000001,4.61919318974874926,3649
3488,-1.51309999999999989,4.64894107776640109,3650
3489,-1.51330000000000009,4.70213006961572955,3652
3490,-1.64139999999999997,4.68931660273402962,3653
3491,-1.54069999999999996,4.69485987681738859,3654
3492,-1.56919999999999993,4.71100006540379557,3655
3493,-1.54430000000000001,4.70058217550085544,3656
3494,-1.44619999999999993,4.69972845287311447,3657
3495,-1.43260000000000010,4.69426545049915500,3658
3496,-1.53360000000000007,4.69101112487884819,3659
3497,-1.23809999999999998,4.69410334854453293,3660
3498,-1.40510000000000002,4.67989573592992869,3661
3499,-1.57959999999999989,4.67541476738067630,3662
3500,-1.40460000000000007,4.55902818015674871,3663
3501,-0.82089000000000001,4.41888364973286762,3664
3502,-0.77383000000000002,4.39027776381240287,3665
3503,-0.53742000000000001,4.30840929488668056,3666
3504,-0.46017999999999998,4.31421038166850401,3667
3505,-0.53841000000000006,4.32182617635468880,3668
3506,-0.42027999999999999,4.32473429015437727,3669
3507,-0.00768100000000000,4.24006166763897419,3670
3508,0.13582000000000000,4.17442355713342028,3671
3509,0.16392999999999999,4.22148823545408991,3672
3510,0.10727000000000000,4.29625920662424399,3673
3511,0.40622999999999998,4.36632170341260029,3674
3512,0.29996000000000000,4.41827587055246518,3674
3513,0.02313500000000000,4.54700703730857825,3675
3514,-0.13778000000000001,4.65333036211872209,3676
3515,-0.42014000000000001,4.70188349478845424,3677
3516,-0.54000999999999999,4.57660784932760389,3678
3517,-0.54703000000000002,4.47335287160989470,3679
3518,-0.62868000000000002,4.37116846297980910,3680
3519,-0.69110000000000005,4.30807567829030358,3681
3520,-1.01320000000000010,4.25733950229873326,3682
3521,-1.09889999999999999,4.30353867638607124,3683
3522,-1.17530000000000001,4.30830935979511409,3684
3523,-1.30640000000000001,4.30903030171759482,3685
3524,-1.25669999999999993,4.30180632458284951,3686
3525,-1.17650000000000010,4.29704714936870680,3687
3526,-0.94394999999999996,4.28999485466540431,3688
3527,-0.82104999999999995,4.26847910641767125,3689
3528,-0.38007000000000002,4.27161943051005277,3690
3529,-0.19270000000000001,4.31435140965261521,3691
3530,-0.38960000000000000,4.36418091585027934,3692
3531,-1.16480000000000006,4.06668896668937307,3694
3532,-1.49140000000000006,3.99398521867853207,3695
3533,-1.59549999999999992,4.00598401461339737,3696
3534,-1.58650000000000002,4.01022000057601691,3697
3535,-1.54790000000000005,4.01799366102736943,3698
3536,-1.44619999999999993,4.02558065510739915,3699
3537,-1.48209999999999997,4.01947367255939447,3700
3538,-1.28509999999999991,4.06645999520529156,3701
3539,-1.60709999999999997,4.02703889779195290,3702
3540,-1.57200000000000006,4.03150366462151677,3703
3541,-1.56560000000000010,4.12348450486638995,3704
3542,-1.59060000000000001,4.37470662830485058,3705
3543,-1.63010000000000010,4.37728988286569543,3706
3544,-1.61240000000000006,4.34530735601796092,3707
3545,-1.57610000000000006,4.28665832046806550,3708
3546,-1.55160000000000009,4.24042837357798863,3709
3547,-1.45930000000000004,4.26996074791988711,3709
3548,-1.42389999999999994,4.41148818209694671,3710
3549,-1.54560000000000008,4.51559565718499556,3711
3550,-1.49219999999999997,4.55727233535829779,3712
3551,-1.49689999999999990,4.83798599989200806,3713
3552,-1.59780000000000011,5.39955314014745369,3714
3553,-1.52740000000000009,6.00503745642184583,3715
3554,-1.51610000000000000,6.20530941754258247,3473
3555,-1.62519999999999998,6.15248041014417080,3474
3556,-1.62040000000000006,6.02890766663991950,3475
3557,-1.58729999999999993,5.88501896897252141,3476
3558,-1.44680000000000009,6.05950967798695039,3640
3559,-1.47039999999999993,6.28164796368240452,3477
3560,-1.57089999999999996,6.47229209392860394,3478
3561,-1.54509999999999992,6.48003497545241913,3479
3562,-1.53340000000000010,6.48659595399935363,3480
3563,-1.54509999999999992,6.49764383183388627,3481
3564,-1.53350000000000009,6.51124972620593923,3482
3565,-1.44270000000000009,6.52281839671930985,3483
3566,-1.54719999999999991,6.53103142239617718,3484
3567,-1.48639999999999994,6.54259239885177024,3485
3568,-1.50580000000000003,6.55179576138417286,3486
3569,-1.44029999999999991,6.56594624037472574,3487
3570,-1.51410000000000000,6.57306583373557807,3488
3571,-1.47229999999999994,6.56745670440420959,3489
3572,-1.51699999999999990,6.54540896548548634,3490
3573,-1.47110000000000007,6.55693925515714504,3491
3574,-1.54669999999999996,6.57184103157028687,3492
3575,-1.58980000000000010,6.57853056642375389,3493
3576,-1.57830000000000004,6.57701504659021552,3494
3577,-1.45310000000000006,6.56864903964325553,3495
3578,-1.57499999999999996,6.55967318549290734,3496
3579,-1.52869999999999995,6.56380951774647770,3497
3580,-1.51580000000000004,6.53611157523106634,3498
3581,-1.53370000000000006,6.52845815129426921,3499
3582,-1.56150000000000011,6.53480453298510788,3500
3583,-1.05380000000000007,6.48304938230456962,3665
3584,-1.26039999999999996,6.34130755930372914,3666
3585,-1.26590000000000003,6.16386819838535338,3667
3586,-1.20110000000000006,5.91700672065126554,3668
3587,-1.08580000000000010,5.81137254083137123,3669
3588,-0.34140999999999999,5.78773684925174692,3670
3589,-0.01798100000000000,5.79846314124493301,3671
3590,0.19583000000000000,5.85610728584953222,3672
3591,0.63834999999999997,5.94219150506473781,3673
3592,0.30453000000000002,6.03391147360614433,3674
3593,-0.05290800000000000,6.16813986568611039,3675
3594,0.18972000000000000,6.21436786400902719,3676
3595,0.30597000000000002,6.33616507826483844,3677
3596,-0.77466000000000002,6.50434059006456877,3678
3597,-0.93149000000000004,6.27733837347629464,3679
3598,-1.05929999999999991,5.93824251989488872,3680
3599,-1.08159999999999989,5.55593773846915706,3680
3600,-0.96091000000000004,5.54401445001944460,3681
3601,-1.02299999999999991,5.54052824092498497,3682
3602,-1.10080000000000000,5.53218260896259828,3683
3603,-1.24900000000000011,5.53198847743391475,3684
3604,-1.31509999999999994,5.52998421692718001,3685
3605,-1.29420000000000002,5.51462541928059569,3686
3606,-1.13799999999999990,5.50921776437886823,3687
3607,-0.85253999999999996,5.51373386021508249,3688
3608,-0.61323000000000005,5.49791133568867529,3689
3609,-0.32155000000000000,5.50126132190935824,3690
3610,-0.63597000000000004,5.55243454121526803,3691
3611,-1.12999999999999989,5.55671469278950259,3692
3612,-1.42989999999999995,5.49853505925155872,3693
3613,-1.58810000000000007,5.47735075598076104,3694
3614,-1.57400000000000007,5.21500079681942452,3452
3615,-1.55319999999999991,4.76139428872809578,3453
3616,-1.46480000000000010,4.64955840088926031,3454
3617,-1.58729999999999993,4.64534424947052837,3455
3618,-1.52340000000000009,4.64713466091290606,3456
3619,-1.43060000000000009,4.64152647402596941,3457
3620,-1.46340000000000003,4.63036209043074365,3458
3621,-1.58640000000000003,4.62156944740876252,3459
3622,-1.57400000000000007,4.62289697536858135,3460
3623,-1.45910000000000006,4.62410113802623179,3461
3624,-1.44070000000000009,4.62056865401068517,3462
3625,-1.59610000000000007,4.60997728675476992,3463
3626,-1.59529999999999994,4.66047446321695258,3464
3627,-1.58719999999999994,4.69193976759899201,3465
3628,-1.60200000000000009,4.70978580187321239,3466
3629,-1.44300000000000006,4.76389072524365176,3467
3630,-1.51360000000000006,4.82005362379613178,3468
3631,-1.42959999999999998,4.75983641350377074,3469
3632,-1.46589999999999998,4.68817152336555409,3470
3633,-1.48330000000000006,4.57305676574705711,3471
3634,-1.56479999999999997,4.43047654276305281,3472
3635,-1.57729999999999992,4.31205579203343348,3473
3636,-1.51780000000000004,4.25527184845286843,3474
3637,-1.51219999999999999,4.16211044192973389,3475
3638,-1.55739999999999990,4.09754499872540912,3476
3639,-1.59600000000000009,4.29193425801752948,3477
3640,-1.26039999999999996,4.57182884051768834,3478
3641,-1.60050000000000003,4.56941895802361575,3479
3642,-1.55350000000000010,4.57336023753894771,3480
3643,-1.46009999999999995,4.59722187087474143,3481
3644,-1.52839999999999998,4.60931854066439151,3482
3645,-1.33650000000000002,4.61536914418893840,3483
3646,-1.40999999999999992,4.60693827040117299,3484
3647,-1.48059999999999992,4.60450257534081242,3485
3648,-1.46019999999999994,4.60739732054869133,3486
3649,-1.35959999999999992,4.61919318974874926,3487
3650,-1.53089999999999993,4.64894107776640109,3488
3651,-1.47110000000000007,4.70494415388561205,3488
3652,-1.58650000000000002,4.70213006961572955,3489
3653,-1.50750000000000006,4.68931660273402962,3490
3654,-1.57620000000000005,4.69485987681738859,3491
3655,-1.38020000000000009,4.71100006540379557,3492
3656,-1.59549999999999992,4.70058217550085544,3493
3657,-1.58359999999999990,4.69972845287311447,3494
3658,-1.53130000000000011,4.69426545049915500,3495
3659,-1.59250000000000003,4.69101112487884819,3496
3660,-1.44619999999999993,4.69410334854453293,3497
3661,-1.54289999999999994,4.67989573592992869,3498
3662,-0.90246000000000004,4.67541476738067630,3499
3663,-0.64549999999999996,4.55902818015674871,3500
3664,-0.39711999999999997,4.41888364973286762,3501
3665,-0.06704800000000000,4.39027776381240287,3502
3666,-0.23275999999999999,4.30840929488668056,3503
3667,-0.05973900000000000,4.31421038166850401,3504
3668,-0.49439000000000000,4.32182617635468880,3505
3669,-0.89666000000000001,4.32473429015437727,3506
3670,-0.41432999999999998,4.24006166763897419,3507
3671,0.11597000000000000,4.17442355713342028,3508
3672,0.29232999999999998,4.22148823545408991,3509
3673,0.17449999999999999,4.29625920662424399,3510
3674,0.58423000000000003,4.36632170341260029,3511
3675,0.62580000000000002,4.49501683689865672,3512
3676,0.67993999999999999,4.63964585433696630,3513
3677,0.65444999999999998,4.70188349478845424,3515
3678,0.34098000000000001,4.57660784932760389,3516
3679,0.27244000000000002,4.47335287160989470,3517
3680,-0.99456999999999995,4.37116846297980910,3518
3681,-1.01509999999999989,4.30807567829030358,3519
3682,-1.02699999999999991,4.25733950229873326,3520
3683,-1.11620000000000008,4.30353867638607124,3521
3684,-1.20680000000000009,4.30830935979511409,3522
3685,-1.20110000000000006,4.30903030171759482,3523
3686,-1.30109999999999992,4.30180632458284951,3524
3687,-1.32620000000000005,4.29704714936870680,3525
3688,-1.18320000000000003,4.28999485466540431,3526
3689,-0.89417999999999997,4.26847910641767125,3527
3690,-0.41069000000000000,4.27161943051005277,3528
3691,-0.34371000000000002,4.31435140965261521,3529
3692,-0.73967000000000005,4.36418091585027934,3530
3693,-1.23090000000000011,4.30649154232406062,3531
3694,-1.56620000000000004,4.06668896668937307,3531
3695,-1.58450000000000002,3.99398521867853207,3532
3696,-1.61470000000000002,4.00598401461339737,3533
3697,-1.62250000000000005,4.01022000057601691,3534
3698,-1.60769999999999991,4.01799366102736943,3535
3699,-1.59359999999999991,4.02558065510739915,3536
3700,-1.59430000000000005,4.01947367255939447,3537
3701,-1.57860000000000000,4.06645999520529156,3538
3702,-1.59149999999999991,4.02703889779195290,3539
3703,-1.46750000000000003,4.03150366462151677,3540
3704,-1.52249999999999996,4.12348450486638995,3541
3705,-1.48180000000000001,4.37470662830485058,3542
3706,-1.63949999999999996,4.37728988286569543,3543
3707,-1.61159999999999992,4.34530735601796092,3544
3708,-1.61670000000000003,4.28665832046806550,3545
3709,-1.50710000000000011,4.24042837357798863,3546
3710,-1.58709999999999996,4.31865509980693751,3547
3711,-1.58380000000000010,4.51559565718499556,3549
3712,-1.61200000000000010,4.55727233535829779,3550
3713,-1.59790000000000010,4.83798599989200806,3551
3714,-1.60359999999999991,5.16794041303025065,3551
3715,-1.50510000000000010,5.70847136712580827,3552
3716,-1.45989999999999998,6.26060689488653299,3553
3717,-1.56830000000000003,6.56711240750610603,3554
3718,-1.56339999999999990,7.08163205340080903,3555
3719,-1.48279999999999990,7.52660873349721538,3556
3720,-1.60040000000000004,7.81881784433986304,5515
3721,-1.59600000000000009,7.83684745104069247,5516
3722,-1.60850000000000004,7.85411516539089938,5517
3723,-1.60870000000000002,7.86787931147838382,5518
3724,-1.55400000000000005,7.88018588897063399,5519
3725,-1.45409999999999995,7.89404128071173794,5520
3726,-1.58370000000000011,7.90110230135607416,5521
3727,-1.62789999999999990,7.91627406502246878,5522
3728,-1.51970000000000005,7.93408642686128651,5523
3729,-1.59529999999999994,7.94431091004887602,5524
3730,-1.35590000000000011,7.95991268446105416,5525
3731,-1.45649999999999991,8.00014220300119661,5526
3732,-1.52420000000000000,8.06389722249514129,5527
3733,-1.49889999999999990,7.98478888604002979,5528
3734,-1.49639999999999995,7.96734290819747581,5529
3735,-1.55990000000000006,8.06081331846490912,5530
3736,-1.58479999999999999,8.28986002744392358,5532
3737,-1.55020000000000002,8.51013838671273426,5532
3738,-1.61250000000000004,8.49359997252959076,3335
3739,-1.52940000000000009,8.30196033224095231,3336
3740,-1.61539999999999995,8.19638876924107684,3337
3741,-1.55449999999999999,8.14248024321609520,3338
3742,-1.57729999999999992,8.11504861664636756,3339
3743,-1.54150000000000009,8.09502373923326246,3340
3744,-1.59169999999999989,8.08296751929411350,3341
3745,-1.38789999999999991,8.06442793896041188,3342
3746,-1.54319999999999991,8.02840690145420233,3343
3747,-1.46209999999999996,7.96144551677834222,3344
3748,-0.76232999999999995,7.83627877989032662,3346
3749,-0.53456000000000004,7.71119228638754528,3347
3750,-0.14058000000000001,7.66693063861450419,3348
3751,-0.08732400000000000,7.77008291850375521,3349
3752,0.29054999999999997,7.90525029881225372,3350
3753,0.59975999999999996,8.20399563284164302,3351
3754,0.53571000000000002,8.57540830416023248,3834
3755,0.43289000000000000,8.13358794637672311,3835
3756,0.52615000000000001,7.66002377097258957,3836
3757,0.31086999999999998,7.17689070339742052,3837
3758,0.28476000000000001,6.60189595903439219,3838
3759,0.34630000000000000,5.82092562021535098,3839
3760,-1.11929999999999996,4.50187477872538988,3840
3761,-1.14559999999999995,4.52607161223370991,3841
3762,-1.18270000000000008,4.53042777446633771,3842
3763,-1.13690000000000002,4.53053249737799923,3843
3764,-1.10739999999999994,4.54619866464102174,3844
3765,-1.20399999999999996,4.53055621772785155,3845
3766,-1.30000000000000004,4.51977723956046518,3846
3767,-1.33919999999999995,4.51061225076712624,3847
3768,-1.32460000000000000,4.50397514687789968,3848
3769,-1.13549999999999995,4.49656724892618787,3849
3770,-1.14009999999999989,4.49705839376260030,3850
3771,-0.55891999999999997,4.40838519981034160,3851
3772,-0.26644000000000001,4.51866436073593380,3852
3773,-0.71282000000000001,4.73369759162208403,3853
3774,-1.26750000000000007,4.83746307372827289,3854
3775,-1.59949999999999992,4.87598755679770779,3855
3776,-1.60549999999999993,4.88394051306615662,3856
3777,-1.61179999999999990,4.89239376920218838,3857
3778,-1.55350000000000010,4.90188490529332732,3858
3779,-1.59220000000000006,4.91315182409488571,3859
3780,-1.53170000000000006,4.93007510487542788,3860
3781,-1.53239999999999998,4.94576324222010921,3861
3782,-1.50780000000000003,4.94388917332978561,3862
3783,-1.60080000000000000,4.93770960243277113,3863
3784,-1.58370000000000011,5.28018562232140809,3864
3785,-1.64050000000000007,5.31073512735221431,3865
3786,-1.63880000000000003,5.22139346677247662,3866
3787,-1.64670000000000005,5.11174179860909561,3867
3788,-1.62620000000000009,4.81958496032190364,3868
3789,-1.62810000000000010,4.61263265238569620,3869
3790,-1.63290000000000002,4.64936346312790238,3870
3791,-1.51239999999999997,4.91262596807612262,3871
3792,-1.60379999999999989,5.05058319701255698,3872
3793,-1.41779999999999995,5.68386245324110373,3873
3794,-1.55350000000000010,5.97625284847372296,3874
3795,-1.51479999999999992,6.22533861012985756,3875
3796,-1.53289999999999993,6.31067138134744621,3876
3797,-1.58410000000000006,6.39133808353469401,3877
3798,-1.56240000000000001,6.44082190772543672,3878
3799,-1.58010000000000006,6.47759088531686889,3879
3800,-1.60359999999999991,6.49340678303969643,3880
3801,-1.57749999999999990,6.51799650862074120,3881
3802,-1.62090000000000001,6.55617950784512349,3882
3803,-1.50649999999999995,6.57530012595366031,3883
3804,-1.49049999999999994,6.62126151497500359,3884
3805,-1.55869999999999997,6.67423265949037958,3885
3806,-1.55550000000000010,6.72197909254452508,3886
3807,-1.43179999999999996,6.83416927855872913,3887
3808,-1.57020000000000004,6.95302258214466562,3888
3809,-1.57959999999999989,6.99194217526352979,3889
3810,-1.56269999999999998,7.03700293473530625,3890
3811,-1.58769999999999989,7.11086368037494410,3891
3812,-1.54020000000000001,7.25993126710564241,3892
3813,-1.49110000000000009,7.36577787674966444,3893
3814,-1.48530000000000006,7.38770015487475096,3894
3815,-1.46409999999999996,7.45449275354111229,3895
3816,-1.48629999999999995,7.53913383427543593,3896
3817,-1.50829999999999997,7.60449704062215748,3897
3818,-1.49740000000000006,7.85994873658031157,3898
3819,-1.58200000000000007,8.06486803740388503,3899
3820,-1.29059999999999997,8.26956822800384650,3900
3821,-1.59810000000000008,8.42505399355671791,3901
3822,-1.52970000000000006,8.60122535268998512,3902
3823,-0.96841999999999995,8.59988692208529137,3508
3824,-0.76234999999999997,8.56474793569880966,3509
3825,-0.51032000000000000,8.62909892926426458,3510
3826,-0.44629000000000002,8.78610847469373546,3511
3827,-0.23405999999999999,8.97686985734253007,414
3828,-0.14615000000000000,8.78719431580001498,107
3829,-0.62929000000000002,8.64163896462673620,108
3830,-1.00629999999999997,8.62890507615909819,109
3831,-1.19809999999999994,8.51456016389176362,3430
3832,-1.28410000000000002,8.45260317598413380,3431
3833,-1.21209999999999996,8.41666310834992260,3432
3834,-1.23320000000000007,8.34496123344607987,3433
3835,-1.21849999999999992,8.13358794637672311,3755
3836,-1.08159999999999989,7.66002377097258957,3756
3837,-1.14599999999999991,7.17689070339742052,3757
3838,-1.14749999999999996,6.60189595903439219,3758
3839,-1.13139999999999996,5.82092562021535098,3759
3840,-1.11109999999999998,4.50187477872538988,3760
3841,-1.10260000000000002,4.52607161223370991,3761
3842,-1.12480000000000002,4.53042777446633771,3762
3843,-1.13999999999999990,4.53053249737799923,3763
3844,-1.24170000000000003,4.54619866464102174,3764
3845,-1.26960000000000006,4.53055621772785155,3765
3846,-1.28020000000000000,4.51977723956046518,3766
3847,-1.31030000000000002,4.51061225076712624,3767
3848,-1.33810000000000007,4.50397514687789968,3768
3849,-1.20360000000000000,4.49656724892618787,3769
3850,-0.83008999999999999,4.49705839376260030,3770
3851,-0.56196000000000002,4.40838519981034160,3771
3852,-0.13852000000000000,4.51866436073593380,3772
3853,-0.72689999999999999,4.73369759162208403,3773
3854,-1.16680000000000006,4.83746307372827289,3774
3855,-1.53160000000000007,4.87598755679770779,3775
3856,-1.57570000000000010,4.88394051306615662,3776
3857,-1.59250000000000003,4.89239376920218838,3777
3858,-1.60240000000000005,4.90188490529332732,3778
3859,-1.61379999999999990,4.91315182409488571,3779
3860,-1.60230000000000006,4.93007510487542788,3780
3861,-1.52909999999999990,4.94576324222010921,3781
3862,-1.50910000000000011,4.94388917332978561,3782
3863,-1.42559999999999998,4.93770960243277113,3783
3864,-1.61789999999999989,5.28018562232140809,3784
3865,-1.54140000000000010,5.31073512735221431,3785
3866,-1.53269999999999995,5.22139346677247662,3786
3867,-1.49710000000000010,5.11174179860909561,3787
3868,-1.48170000000000002,4.81958496032190364,3788
3869,-1.48190000000000000,4.61263265238569620,3789
3870,-1.53790000000000004,4.64936346312790238,3790
3871,-1.32329999999999992,4.91262596807612262,3791
3872,-1.56929999999999992,5.05058319701255698,3792
3873,-1.56939999999999991,5.68386245324110373,3793
3874,-1.58129999999999993,5.97625284847372296,3794
3875,-1.57669999999999999,6.22533861012985756,3795
3876,-1.50279999999999991,6.31067138134744621,3796
3877,-1.45520000000000005,6.39133808353469401,3797
3878,-1.49049999999999994,6.44082190772543672,3798
3879,-1.49889999999999990,6.47759088531686889,3799
3880,-1.60200000000000009,6.49340678303969643,3800
3881,-1.54479999999999995,6.51799650862074120,3801
3882,-1.45950000000000002,6.55617950784512349,3802
3883,-1.55750000000000011,6.57530012595366031,3803
3884,-1.58909999999999996,6.62126151497500359,3804
3885,-1.60179999999999989,6.67423265949037958,3805
3886,-1.60790000000000011,6.72197909254452508,3806
3887,-1.60020000000000007,6.77974067451824070,6167
3888,-1.59060000000000001,6.77593949013907704,6168
3889,-1.59440000000000004,6.79906256273405063,6169
3890,-1.46530000000000005,6.87366368890463697,6170
3891,-1.52730000000000010,6.93097930040922261,6171
3892,-1.52899999999999991,6.97980883755307957,6172
3893,-1.53649999999999998,7.02519047315132994,6173
3894,-1.64520000000000000,7.08469968174892273,6174
3895,-1.49469999999999992,7.16713986999557484,6175
3896,-1.45659999999999989,7.25604002592213781,6176
3897,-1.45520000000000005,7.27484649622423163,6177
3898,-1.61660000000000004,7.52256493587261588,6178
3899,-1.45910000000000006,7.79063414075722349,6179
3900,-1.45579999999999998,8.00647218783220715,6180
3901,-1.56980000000000008,8.13802121308297366,6181
3902,-1.59440000000000004,8.08250023720984778,6182
3903,-0.89180999999999999,8.01700605134798217,6183
3904,-1.22700000000000009,8.23847085040199723,6184
3905,-0.69860999999999995,8.32400904875286329,251
3906,-0.59641000000000000,8.48494184785490724,251
3907,-0.12496000000000000,8.41083837763139996,4733
3908,-0.22919999999999999,8.11943133726112976,4734
3909,-0.46398000000000000,7.96226247005779086,4734
3910,-0.95172000000000001,7.93230834141980878,4736
3911,-1.07759999999999989,7.95319207331593159,4737
3912,-1.25609999999999999,7.82954964708833590,4738
3913,-1.24689999999999990,7.81598483115241915,4739
3914,-1.27330000000000010,7.78044086645367194,4740
3915,-1.17569999999999997,7.74350818673195107,4741
3916,-1.16569999999999996,7.71898065413323931,4742
3917,-1.17179999999999995,8.11522056731175745,4743
3918,-1.14569999999999994,8.28051354800860473,4095
3919,-1.11870000000000003,8.48422565843337395,4096
3920,-1.06509999999999994,8.68833416930460700,4097
3921,-1.10410000000000008,9.40471924727506625,4097
3922,-1.08739999999999992,9.49748071484388312,4098
3923,-1.13070000000000004,9.54039459423546887,4099
3924,-1.17749999999999999,9.58232789900024429,4100
3925,-1.12739999999999996,9.67439987017001890,4751
3926,-1.28410000000000002,9.68653696308917311,4752
3927,-1.32800000000000007,9.70564671782822685,4753
3928,-1.28130000000000011,9.72250705461240550,4754
3929,-1.02220000000000000,9.73924473581261374,4755
3930,-0.82008000000000003,9.76400628613231270,4756
3931,-0.69994000000000001,9.76186495110556862,4757
3932,-0.82174000000000003,9.65412460950961382,760
3933,-1.39630000000000010,9.24952149474237117,760
3934,-1.62270000000000003,9.01604737696944092,760
3935,-1.58709999999999996,8.99417098696710937,761
3936,-1.56699999999999995,9.00367409357287229,762
3937,-1.57390000000000008,9.02690787858298727,763
3938,-1.48320000000000007,9.06807643242201600,764
3939,-1.57050000000000001,9.11410781700945627,765
3940,-1.56590000000000007,8.93413470577104363,760
3941,-1.48530000000000006,8.61694048390127953,760
3942,-1.50649999999999995,8.48261855840333645,760
3943,-1.46150000000000002,8.29347084373676680,760
3944,-1.44540000000000002,8.29531565858548703,761
3945,-1.45059999999999989,8.30187742016187968,762
3946,-1.43670000000000009,8.32415413334230792,761
3947,-1.48859999999999992,8.34118043171549495,762
3948,-1.45409999999999995,8.36941044957736580,763
3949,-1.58969999999999989,8.40237259574196216,764
3950,-1.56659999999999999,8.46900089041706217,765
3951,-1.55230000000000001,8.54997811844343580,766
3952,-1.55859999999999999,8.66695874442661740,767
3953,-1.55899999999999994,8.80008114707885625,768
3954,-1.44639999999999991,8.88660582277448796,769
3955,-1.45770000000000000,8.95730709408599246,770
3956,-1.47100000000000009,9.05265456630112553,771
3957,-1.45760000000000001,9.12179440224711691,772
3958,-1.44260000000000010,9.19245953969164908,773
3959,-1.44579999999999997,9.25502715229291262,774
3960,-1.43559999999999999,9.37912307359120945,775
3961,-1.46130000000000004,9.47251742132678132,776
3962,-1.50170000000000003,9.56468281774511020,777
3963,-1.43050000000000010,9.66135102498154907,778
3964,-1.52839999999999998,9.74411361341195636,779
3965,-1.56729999999999992,9.64616039197527364,6424
3966,-1.56879999999999997,9.71471409244915662,6425
3967,-1.53630000000000000,9.87309250851988551,7063
3968,-1.54760000000000009,9.85867033226957901,7064
3969,-1.50849999999999995,9.86144080694022840,7065
3970,-1.46160000000000001,9.97080666953016426,7066
3971,-1.44330000000000003,10.07399801084680391,7067
3972,-1.40529999999999999,10.14100380272301116,7068
3973,-1.41009999999999991,10.18449652650266302,7069
3974,-1.40730000000000000,10.20628692033240092,7070
3975,-1.42169999999999996,10.22282604387540950,7071
3976,-1.45569999999999999,10.23428033506119839,7072
3977,-1.44599999999999995,10.23982941205272290,7073
3978,-1.47170000000000001,10.23737795886026980,7074
3979,-1.54469999999999996,10.24024012247654269,7075
3980,-1.57770000000000010,10.23814516487947301,7076
3981,-1.58509999999999995,10.23372166054569554,7077
3982,-1.58359999999999990,10.22943378038987028,7078
3983,-1.50960000000000005,10.21390554756495916,7079
3984,-1.39240000000000008,10.18041519138798279,7080
3985,-0.79942000000000002,9.96271714413326315,2508
3986,-0.50434999999999997,9.95165030987347876,2509
3987,-0.15026000000000000,10.02109664789928267,2510
3988,-0.18670000000000000,9.96507758349284600,7084
3989,-0.02016700000000000,10.03258494541122836,7084
3990,-0.31508999999999998,10.12538547803774591,7085
3991,-0.54791000000000001,10.22003106913051163,7086
3992,-0.20236999999999999,10.28184620594925036,7087
3993,-0.43380999999999997,10.55833510569385503,4880
3994,-0.51158000000000003,10.66925563849583369,4881
3995,-0.67030999999999996,10.74545587116289092,548
3996,-0.65795999999999999,10.72337270644735341,549
3997,-0.73941999999999997,10.69194413905518637,550
3998,-0.76419000000000004,10.64208544578026583,715
3999,-0.83533000000000002,10.57391433574447070,716
4000,-0.73163999999999996,10.56256833250757587,717
4001,-0.70523000000000002,10.53147771472685257,718
4002,-0.71319999999999995,10.49830358798631558,4396
4003,-0.68830999999999998,10.42396693834527532,4397
4004,-0.71692000000000000,10.35204601181547446,4398
4005,-0.69232000000000005,10.26251807593880550,4892
4006,-0.70003000000000004,10.09817114951128580,4893
4007,-0.67122000000000004,10.02504787048468238,4894
4008,-0.98060000000000003,9.97061986707532100,4895
4009,-1.16900000000000004,9.87329264881190838,4896
4010,-1.12549999999999994,9.69550324049004963,4897
4011,-1.18409999999999993,9.54768641264383966,4898
4012,-1.21490000000000009,9.38114232463819064,4899
4013,-1.20140000000000002,9.23216739458315949,4900
4014,-1.17219999999999991,9.23954494981941465,4901
4015,-1.08580000000000010,9.25789077944068772,4902
4016,-1.12369999999999992,9.26569110777624871,4903
4017,-0.68349000000000004,9.35197335556066101,4904
4018,-0.64861999999999997,9.33898995693196099,4905
4019,-0.74458000000000002,9.29728075456007197,4906
4020,-0.74634999999999996,9.29969316801136792,4907
4021,-0.70264000000000004,9.29294295176051222,4908
4022,-0.65891999999999995,9.29092328561566738,4909
4023,-0.60099000000000002,9.29179027466608254,4910
4024,-0.54403999999999997,9.26150260554143223,4911
4025,-0.49135000000000001,9.26259805860389029,4912
4026,-0.49541000000000002,9.27709176325402218,4913
4027,-0.50507999999999997,9.28372819215400824,4914
4028,-0.44727000000000000,9.32041942812201363,4915
4029,-0.98773000000000000,9.33204234946556355,4916
4030,-1.06949999999999990,9.29055818121049626,4917
4031,-1.21570000000000000,9.45111117651487476,5148
4032,-1.25940000000000007,9.36398146289156585,5149
4033,-1.29109999999999991,9.24998982311643303,5150
4034,-1.07079999999999997,9.09019821990153964,5151
4035,-1.23999999999999999,9.01705346451593925,5152
4036,-0.34619000000000000,8.67918560642557502,5154
4037,-0.15382000000000001,8.98016042525421554,365
4038,-0.08768700000000000,9.11128673646730114,366
4039,-0.41393000000000002,9.20094544296179784,367
4040,0.21906000000000000,9.37910628308371841,368
4041,-0.94864000000000004,8.37034771512952069,443
4042,-1.03210000000000002,8.34284694550961525,444
4043,-1.05360000000000009,8.33015602491356866,445
4044,-0.96431999999999995,8.33976585815938165,446
4045,-0.90976000000000001,8.37919151116028793,447
4046,-0.97440000000000004,8.62135072795433643,372
4047,-0.96416999999999997,8.46083139377786786,373
4048,-0.94640999999999997,8.30607477423567175,375
4049,-0.89602999999999999,8.13396013600994827,376
4050,-0.93781000000000003,7.94045892868456971,377
4051,-0.96709000000000001,7.79160419275641392,377
4052,-0.98333000000000004,7.69376842398265559,379
4053,-0.96042000000000005,7.57946273774400314,380
4054,-0.98585999999999996,7.46132957470995439,380
4055,-1.01459999999999995,7.49974523159664130,381
4056,-1.06699999999999995,7.60179931396245490,382
4057,-1.07640000000000002,7.63761540107474612,383
4058,-1.02239999999999998,7.67145823950294758,384
4059,-1.14710000000000001,7.70116919464628058,462
4060,-1.16769999999999996,7.65510549412217234,3559
4061,-1.15169999999999995,7.54759226366829683,3560
4062,-1.16450000000000009,7.65381690464070186,3561
4063,-1.16840000000000011,7.67727284918637842,390
4064,-1.10939999999999994,7.63985620611909688,391
4065,-0.93023999999999996,7.59378968501470286,392
4066,-0.91951000000000005,7.53572041423293904,393
4067,-0.83391999999999999,7.42743565677078266,394
4068,-1.09470000000000001,7.23703515436379607,395
4069,-1.02689999999999992,7.32910193037791213,395
4070,-1.01560000000000006,7.43137346755946293,396
4071,-0.96755000000000002,7.45832365540522435,239
4072,-1.01720000000000010,7.36223156567000103,240
4073,-1.00120000000000009,7.33652902528050888,241
4074,-0.97584000000000004,7.29916744577487187,242
4075,-0.97970000000000002,7.22936975834241036,243
4076,-1.12309999999999999,7.14433939916974836,244
4077,-1.10569999999999991,7.13765621345312784,245
4078,-1.12650000000000006,7.10030718927297944,246
4079,-1.11420000000000008,7.03718873396209066,248
4080,-0.96323999999999999,6.93822918027918600,249
4081,-0.96531000000000000,6.91616054584476725,250
4082,-0.95596999999999999,6.86869532703648211,251
4083,-1.08089999999999997,6.86087317023180532,251
4084,-1.01800000000000002,6.83126606495257782,252
4085,-1.09210000000000007,6.78666512344257011,253
4086,-1.10099999999999998,6.61652651919317325,254
4087,-1.14379999999999993,6.49441169349804781,255
4088,-1.12020000000000008,6.31550237392249603,256
4089,-0.63915999999999995,6.49712038585600826,257
4090,-0.72629999999999995,6.60838090946121604,258
4091,-0.77929999999999999,6.65173207861727356,259
4092,-0.66788000000000003,6.71094229505050421,260
4093,-0.81932000000000005,6.93194972055260905,261
4094,-0.90129000000000004,7.35614907049059585,262
4095,-0.89051000000000002,7.79247313620320270,263
4096,-0.93393000000000004,7.84536670024559513,264
4097,-0.93096999999999996,7.80260014562782533,265
4098,-0.93467000000000000,7.72737007291764577,266
4099,-0.92927999999999999,7.65694309461715150,267
4100,-0.88763999999999998,7.59289339080888404,268
4101,-0.79620000000000002,7.56168294370522442,269
4102,-0.85614999999999997,7.56141018244915131,270
4103,-0.90354000000000001,7.53546316912482794,271
4104,-1.01299999999999990,7.49969448192757060,272
4105,-0.90541000000000005,7.37721165239480037,273
4106,-0.72416000000000003,7.30294326836226482,274
4107,-0.65037000000000000,7.31734995622691820,275
4108,-0.65437999999999996,7.35572971128979791,276
4109,-0.61604999999999999,7.39588111376063306,277
4110,-0.65517000000000003,7.44356029809901365,278
4111,-0.68979999999999997,7.49614788764060691,279
4112,-0.96477999999999997,7.54126238138340810,280
4113,-0.99075999999999997,7.46255360321148675,281
4114,-1.10450000000000004,7.36790276632386920,282
4115,-1.14539999999999997,7.22219017498376026,283
4116,-1.17880000000000007,7.04461921875383812,283
4117,-1.24760000000000004,7.03542322182545465,284
4118,-1.23479999999999990,7.02013072955824136,285
4119,-1.18369999999999997,7.00851800210873321,286
4120,-1.23520000000000008,7.00701448333914279,287
4121,-1.22459999999999991,7.02783138159080867,288
4122,-1.20019999999999993,7.02905611114205975,289
4123,-1.21229999999999993,7.03398861967049260,290
4124,-1.25710000000000011,7.10722760175667112,291
4125,-1.23429999999999995,7.22803974950440775,292
4126,-1.26800000000000002,7.36254964176228199,293
4127,-1.24249999999999994,7.47055490939485001,294
4128,-1.23609999999999998,7.46332951507339626,295
4129,-1.24580000000000002,7.46320271531033264,296
4130,-1.23399999999999999,7.47517874024583229,297
4131,-1.19710000000000005,7.47862955756134795,298
4132,-1.19209999999999994,7.52297426051384033,299
4133,-0.81042000000000003,7.49992793893446219,63
4134,-0.84009000000000000,7.36728043133941490,301
4135,-0.89776000000000000,7.20398364952526027,302
4136,-0.83482999999999996,7.11193500239254561,303
4137,-1.14779999999999993,6.96473486201688630,304
4138,-1.13610000000000011,6.97588954693861218,305
4139,-1.18819999999999992,6.96906761071944025,306
4140,-1.16900000000000004,7.00658813832436600,307
4141,-1.18470000000000009,7.05786616818378665,308
4142,-1.19579999999999997,7.07941269941246798,309
4143,-1.17930000000000001,7.28247313427071319,311
4144,-1.19530000000000003,7.40178501655773946,311
4145,-1.16179999999999994,7.35221821290510924,312
4146,-1.17070000000000007,7.30551793102720559,313
4147,-1.16650000000000009,7.36670455912399724,314
4148,-1.20389999999999997,7.62168140526183446,315
4149,-1.15329999999999999,8.10606250564227793,316
4150,-1.15640000000000009,8.65707649435326054,317
4151,-1.17149999999999999,8.78285643945796402,318
4152,-1.18120000000000003,8.75791460256126442,319
4153,-1.17270000000000008,8.75177752279435950,85
4154,-1.18379999999999996,8.79769226310503960,86
4155,-1.20039999999999991,8.77780090502770172,87
4156,-1.21530000000000005,8.78427405446165110,88
4157,-1.21829999999999994,8.56479053269174351,5431
4158,-1.16850000000000009,7.94658520460727580,5432
4159,-1.14799999999999991,8.37105522379803091,4475
4160,-1.36080000000000001,8.35717630650325383,4476
4161,-1.26960000000000006,8.34703040542376407,4477
4162,-1.13589999999999991,8.29036914342773201,4478
4163,-1.03079999999999994,8.27008757663518601,4479
4164,-0.90383000000000002,8.27591971688431371,4480
4165,-0.64302000000000004,8.26971560424011543,4481
4166,-0.66852000000000000,8.23043741175614052,4482
4167,-0.73351000000000000,8.20061792286253244,4483
4168,-0.73568999999999996,8.18639003305412594,4484
4169,-0.71909000000000001,8.15325765842869465,4485
4170,-0.73978999999999995,8.19779368511468221,4486
4171,-0.72684000000000004,8.23546962944642935,4487
4172,-0.77566000000000002,8.22282422387409007,5053
4173,-0.73055999999999999,8.16082021108556432,5054
4174,-0.74580000000000002,8.14147936831574093,5055
4175,-0.65503999999999996,8.19237282840773240,4491
4176,-0.72130000000000005,8.22715604391813038,4492
4177,-0.71067999999999998,8.25600364274213483,4493
4178,-0.61470000000000002,8.28467304640183499,4494
4179,-0.62970000000000004,8.25903406291775433,5060
4180,-0.63143000000000005,8.25035318865115741,5061
4181,-0.68828000000000000,8.23556290399020874,5062
4182,-0.82359000000000004,8.23716219307589625,5063
4183,-0.73297999999999996,9.14308482647538234,4499
4184,-0.72899999999999998,9.15222365746049249,4500
4185,-0.84643000000000002,9.16923990057689764,4501
4186,-0.78173000000000004,9.29746605518454849,5067
4187,-0.76021000000000005,9.30143584771345644,5068
4188,-0.83233000000000001,9.31516028219551728,5069
4189,-0.82113000000000003,9.31787398348102336,5070
4190,-0.72040999999999999,9.32705664828052683,5071
4191,-0.78291999999999995,9.32503318604781128,5072
4192,-0.85204999999999997,9.32185732108043652,5073
4193,-0.83484999999999998,9.30206935507974997,5074
4194,-0.80845000000000000,9.28482670255539766,5075
4195,-0.79040999999999995,9.28071035046412973,5076
4196,-0.79730999999999996,9.34806185618692886,5077
4197,-0.68205000000000005,9.40812800646726188,5573
4198,-0.68298000000000003,9.28247259962042115,5574
4199,-0.68630000000000002,9.16008978412163444,5575
4200,-0.57686000000000004,9.15000157657910229,5576
4201,-0.78330000000000000,9.14273847740821743,5577
4202,-0.85612999999999995,9.14042611707477803,5578
4203,-0.92030000000000001,9.12786900192181605,5579
4204,-0.97936000000000001,9.11846404943502975,5580
4205,-1.08180000000000009,9.15970229562208615,5581
4206,-1.23530000000000006,9.19275213667975954,5582
4207,-1.26079999999999992,9.24233297694679479,5583
4208,-0.76604000000000005,9.31102534269620108,5584
4209,-0.81537000000000004,9.26388162058677977,5585
4210,-0.92140999999999995,9.19464063384679164,5586
4211,-0.92525000000000002,9.32154671206406071,5586
4212,-0.80920000000000003,9.42925913417902706,5093
4213,-0.63053000000000003,9.39472239700130096,5094
4214,-0.56794999999999995,9.23754380343070380,5095
4215,-0.92784999999999995,9.09206245988470130,5096
4216,-1.06529999999999991,9.08970919173934533,5097
4217,-1.22989999999999999,9.08565482202681096,5098
4218,-1.17450000000000010,9.10027192526714934,5099
4219,-1.19779999999999998,9.10066195248091248,5100
4220,-1.37789999999999990,9.11509044493300991,5101
4221,-1.36559999999999993,9.15082278552649342,5102
4222,-1.32840000000000003,9.17944715940407363,5103
4223,-1.20920000000000005,9.20784105113509810,5104
4224,-1.15399999999999991,9.22128231793025321,5105
4225,-1.15979999999999994,9.24109262796583764,5106
4226,-1.24360000000000004,9.23635103799632873,5107
4227,-1.20979999999999999,9.25076825769212974,5108
4228,-1.15139999999999998,9.25579645066568624,5109
4229,-1.32069999999999999,9.26203112875766621,5110
4230,-1.30550000000000010,9.31232849417548003,5111
4231,-1.16959999999999997,9.33047047788475403,5112
4232,-1.20540000000000003,9.33733607371520868,5113
4233,-1.15129999999999999,9.33999581116100863,5114
4234,-1.10260000000000002,9.36806072777046239,5115
4235,-1.13280000000000003,9.35094367027327955,5116
4236,-1.20280000000000009,9.40006637628567709,5117
4237,-1.26940000000000008,9.32107683992361125,5118
4238,-1.21259999999999990,9.15438448751401879,5119
4239,-1.24570000000000003,8.96644329936609097,5120
4240,-1.34749999999999992,8.85065916086115223,5121
4241,-1.23269999999999991,8.89984668058750827,5122
4242,-1.14129999999999998,8.94376418122692840,5123
4243,-0.93457999999999997,8.97303849799713582,5124
4244,-0.84087999999999996,8.96636511342934917,5125
4245,-0.81401999999999997,8.96297813532019561,5126
4246,-0.82540000000000002,8.95484378863574371,5127
4247,-0.80620999999999998,8.96145031920099200,5128
4248,-0.81633000000000000,8.93451659524862762,5129
4249,-0.83030999999999999,8.90826770669023738,5130
4250,-0.81115000000000004,8.87811905787387445,5131
4251,-0.85063000000000000,8.85624313208234248,5132
4252,-0.73785000000000001,8.83401604277047170,5133
4253,-0.75060000000000004,8.79061250527108307,5134
4254,-0.66249000000000002,8.78326309414202377,5135
4255,-0.83982999999999997,8.76900096376751570,5136
4256,-0.78113999999999995,8.75681284119290737,5137
4257,-0.83789999999999998,8.71725797448842066,5138
4258,-0.76482000000000006,8.69190349274767371,5139
4259,-0.79461000000000004,8.66716852701983065,5140
4260,-0.75607000000000002,8.65201501803878692,5141
4261,-0.81242999999999999,8.63744550136727440,5142
4262,-1.09180000000000010,8.62248441892423934,5143
4263,-1.00059999999999993,8.59892869647054425,5144
4264,-0.44318000000000002,8.57332117061832122,5145
4265,-0.42161999999999999,8.53750163100209214,5146
4266,-0.84104999999999996,8.48772471285647789,5147
4267,-1.04440000000000000,8.49561267793795416,5148
4268,-1.26289999999999991,8.48707704101562221,5149
4269,-1.35020000000000007,8.41358276687937767,5150
4270,-0.98512000000000000,8.26590790520063834,5151
4271,-0.61226000000000003,8.23102589969623999,5152
4272,-0.38586999999999999,8.26610745915302125,5153
4273,-0.09222100000000000,8.28378347020945860,5154
4274,-0.46326000000000001,8.57211918858060073,5155
4275,-0.30943999999999999,8.51158845945024645,5156
4276,0.55932999999999999,8.57003996226965015,5157
4277,0.50802999999999998,9.18161630197358569,679
4278,-0.74705999999999995,9.10870372659043070,6208
4279,-0.78185000000000004,9.00923344498309397,6209
4280,-0.82201999999999997,8.93988708908229235,6210
4281,-1.34689999999999999,8.91719185401442971,6211
4282,-1.24639999999999995,8.90456506697000449,6212
4283,-1.27879999999999994,8.90021446263238047,6213
4284,-1.25249999999999995,8.89120227970215460,6214
4285,-1.23730000000000007,8.88251224917290294,6215
4286,-1.22340000000000004,8.87948628498724091,6216
4287,-1.19710000000000005,8.87634885855048772,6217
4288,-1.19100000000000006,8.83192015060069124,6218
4289,-1.17609999999999992,8.82054381766903539,6219
4290,-1.21570000000000000,8.82905981100993031,6220
4291,-1.20130000000000003,8.83246767837071012,6221
4292,-1.20189999999999997,8.82314169364964052,6222
4293,-1.19960000000000000,8.83776103596044749,6223
4294,-0.82272999999999996,8.98289144840553888,6224
4295,-0.80571000000000004,8.99836805023721276,376
4296,-0.78971999999999998,8.85841573247588876,377
4297,-1.20259999999999989,8.73399577181773701,378
4298,-1.22829999999999995,8.65514763867432713,379
4299,-1.20930000000000004,8.57586172539343039,380
4300,-1.19769999999999999,8.60854732773015918,381
4301,-1.17429999999999990,8.57788431410430263,2828
4302,0.49929000000000001,8.48865790558329891,2829
4303,-1.01780000000000004,5.92635387522858892,384
4304,-1.03459999999999996,5.91593969360032101,385
4305,-1.08129999999999993,5.90720290074504550,386
4306,-1.15129999999999999,5.97052689127372549,387
4307,-1.10739999999999994,6.09514501756679739,388
4308,-1.07420000000000004,6.18131272696997058,389
4309,-1.13230000000000008,6.28836323573158662,390
4310,-1.16900000000000004,6.57335332355747148,632
4311,-1.20789999999999997,6.64719563071351338,633
4312,-1.20179999999999998,6.88356919872619422,551
4313,-1.19340000000000002,6.99278091029623816,552
4314,-1.14369999999999994,6.91608627202082715,553
4315,-1.11460000000000004,6.83876430164058569,554
4316,-1.14799999999999991,7.28163105799929600,555
4317,-1.16149999999999998,7.39373864210568588,397
4318,-1.19449999999999990,7.45044479983842933,398
4319,-1.16219999999999990,7.47231818767082778,399
4320,-1.11290000000000000,7.48631757593031111,400
4321,-1.14110000000000000,7.48006178025956547,401
4322,-1.14860000000000007,7.47216910371996512,402
4323,-1.11020000000000008,7.46849116737858676,403
4324,-1.00659999999999994,7.46198923643383871,404
4325,-1.04350000000000009,7.42533884650893761,405
4326,-0.98831000000000002,7.40095165273463262,406
4327,-0.86956000000000000,7.35978751725910296,407
4328,-0.83653999999999995,7.26626487870987603,408
4329,-0.97604000000000002,7.14724383267474739,409
4330,-1.06859999999999999,7.11236066530924571,410
4331,-1.02509999999999990,7.11171266924755230,411
4332,-1.07180000000000009,7.09949856297149129,412
4333,-0.65193999999999996,7.09115409379379091,413
4334,-1.06669999999999998,6.82995983219116898,414
4335,-0.89136000000000004,6.71076746835879412,415
4336,-0.89161000000000001,6.66445445624073773,416
4337,-0.77317000000000002,6.60294650687730833,417
4338,-0.80139000000000005,6.60269151115201502,418
4339,-0.78359999999999996,6.57170739564223716,419
4340,-0.78554999999999997,6.57053838825395964,420
4341,-0.72480999999999995,6.57503899044283724,421
4342,-0.64334000000000002,6.59377789820274529,422
4343,-0.62785000000000002,6.58412703226204066,423
4344,-0.57862999999999998,6.63289159063910105,424
4345,-0.56393000000000004,6.65550230616157101,425
4346,-0.57965000000000000,6.55883594148351801,670
4347,-0.64254999999999995,6.39908254366111962,671
4348,-0.79063000000000005,6.44684602185057187,672
4349,-0.87268000000000001,6.43109154002652250,673
4350,-0.46057999999999999,6.33419926211340911,674
4351,-0.46960000000000002,6.37388771770727924,431
4352,-0.54883999999999999,6.47628941307458650,432
4353,-0.51666999999999996,6.59607513066256868,433
4354,-0.54229000000000005,6.73134570373064722,434
4355,-0.42530000000000001,6.88226192067928100,435
4356,-0.48203000000000001,7.04916585302300280,436
4357,-0.70482000000000000,7.22774551368849316,437
4358,-0.77073000000000003,7.07541275265960135,6211
4359,-1.03509999999999991,6.81673769932091655,6212
4360,-1.05519999999999992,6.79739222232580964,6213
4361,-1.10480000000000000,6.79259675752361325,3699
4362,-1.14030000000000009,6.79191074957025887,3700
4363,-1.14539999999999997,6.80773443320378302,6216
4364,-1.16999999999999993,6.80845791484201346,6217
4365,-1.13300000000000001,6.78882318986739541,6218
4366,-1.11359999999999992,6.81215883879610917,6219
4367,-1.19750000000000001,6.81980272718544356,6220
4368,-1.16900000000000004,6.85607344910783656,6221
4369,-1.20120000000000005,7.02566699341666823,449
4370,-1.15209999999999990,7.03474467685508298,450
4371,-1.15070000000000006,7.07657370974799971,451
4372,-1.14660000000000006,7.06277430018939523,452
4373,-1.11040000000000005,6.99297275136630425,453
4374,-1.09800000000000009,6.89176880225994104,454
4375,-1.11769999999999992,6.80108264335909762,455
4376,-1.13490000000000002,6.71835854356636819,456
4377,-1.12709999999999999,6.62373347283585900,457
4378,-1.11149999999999993,6.55775913730189330,458
4379,-1.12909999999999999,6.48534551002103310,459
4380,-1.11359999999999992,6.42234320410162951,460
4381,-1.13999999999999990,6.36229860499343847,461
4382,-1.15100000000000002,6.31120764048942107,462
4383,-1.13700000000000001,6.46415138554533986,463
4384,-1.05210000000000004,6.50937427465030005,464
4385,-1.04849999999999999,6.54707855274520067,465
4386,-1.04600000000000004,6.59331363730116138,466
4387,-1.03289999999999993,6.63332370071748656,467
4388,-1.05150000000000010,6.68038633012936511,468
4389,-1.05329999999999990,6.66273041379758713,469
4390,-1.04729999999999990,6.93809093012657563,470
4391,-1.01790000000000003,7.23814540879765023,471
4392,-1.04640000000000000,7.46233490768744989,472
4393,-1.02200000000000002,7.64831125905361908,3650
4394,-0.97907000000000000,7.67665277272060198,3651
4395,-0.98665999999999998,7.88330752388979850,3652
4396,-1.00130000000000008,8.19025989900677409,3653
4397,-0.98594000000000004,8.33476086339179822,3493
4398,-1.00540000000000007,8.25217674533712220,3494
4399,-1.00550000000000006,8.19327744337933694,3495
4400,-0.99450000000000005,8.14933349937164664,3496
4401,-1.08610000000000007,8.09566946859819936,3497
4402,-1.06549999999999989,8.06785145050785069,3498
4403,-1.03950000000000009,8.04041697643653208,3499
4404,-1.09400000000000008,7.99424535181399776,3500
4405,-1.09719999999999995,7.97995458159635174,3501
4406,-1.15640000000000009,7.93906888056097504,3502
4407,-1.27220000000000000,7.85518066172669016,3503
4408,-1.26239999999999997,7.62731820865111221,3504
4409,-1.12379999999999991,7.32818183537595136,3667
4410,-1.03620000000000001,7.12027480003061175,3668
4411,-0.77273000000000003,7.06985906331304381,3669
4412,-0.76532000000000000,7.01183893741497677,3670
4413,-0.70704000000000000,7.01729121716599558,3670
4414,-0.66983000000000004,7.02120198070068646,3671
4415,-0.68115000000000003,7.11607713523735086,3672
4416,-0.65727000000000002,7.21342162159438871,3673
4417,-0.58733000000000002,7.33360420378695466,3674
4418,-0.56367999999999996,7.51780986770965765,3675
4419,-0.75936999999999999,7.57703154786667010,4341
4420,-0.85502999999999996,7.59296997708616139,4342
4421,-0.76065000000000005,7.61493106538693443,4343
4422,-0.79339000000000004,7.67257442948803003,4344
4423,-0.83257000000000003,7.73430981784609095,4345
4424,-0.86909999999999998,7.78304766875165654,4346
4425,-0.90739000000000003,7.81712097339728196,4347
4426,-0.87475000000000003,7.84550139024523396,4348
4427,-0.84292999999999996,7.83659105855340687,3684
4428,-0.85841999999999996,7.75033474701362834,3685
4429,-1.06810000000000005,7.66802505095748810,3686
4430,-0.83481000000000005,7.64768017605258343,4352
4431,-0.96084999999999998,7.51831783773331797,3688
4432,-0.93110999999999999,7.48682648109054671,3689
4433,-0.55867999999999995,7.50430710909541343,3690
4434,-0.45289000000000001,7.51936335867872607,3691
4435,-1.07919999999999994,7.36010659010245316,3693
4436,-1.27519999999999989,7.35589737626693285,3694
4437,-1.31949999999999990,7.36812341708847551,3695
4438,-1.28649999999999998,7.36946796515828328,3696
4439,-1.29960000000000009,7.36249187483303125,5493
4440,-1.26410000000000000,7.28774023798143755,5494
4441,-1.22750000000000004,7.29641004956023131,5495
4442,-1.13310000000000000,7.48112987582219091,6299
4443,-1.13250000000000006,7.51113568430258560,6300
4444,-1.17930000000000001,7.53829246516893647,6301
4445,-1.24069999999999991,7.55784061431579968,6302
4446,-1.23609999999999998,7.47733250465295995,2590
4447,-1.12999999999999989,7.38732570071880090,2591
4448,-1.15090000000000003,7.26752435885217274,2592
4449,-1.10359999999999991,7.17617409732154599,2593
4450,-1.08109999999999995,7.01800476640293081,2594
4451,-1.08830000000000005,6.84358614728365300,2595
4452,-1.11769999999999992,6.64974636073665604,2596
4453,-1.17179999999999995,6.50262013945441986,2597
4454,-1.08870000000000000,6.41314248715569946,2598
4455,-1.13519999999999999,6.35255445381603057,2599
4456,-1.14759999999999995,6.21150961768222931,2600
4457,-1.14379999999999993,6.16181223969381264,2601
4458,-1.20920000000000005,6.17521649295606778,2602
4459,-1.11169999999999991,6.28573590839828622,2603
4460,-1.12880000000000003,6.31549524943533847,2604
4461,-1.17029999999999990,6.39015799767282644,2605
4462,-1.20320000000000005,6.47188926944315845,2606
4463,-1.21049999999999991,6.52340601456099556,2607
4464,-1.23999999999999999,6.53266025602468492,2608
4465,-1.23019999999999996,6.56725062252569369,2609
4466,-1.23530000000000006,6.61199073977693885,2610
4467,-1.19100000000000006,6.74887426444808902,2611
4468,-1.14409999999999989,7.24584948139896401,2612
4469,-1.16989999999999994,7.33075972004819665,240
4470,-1.15860000000000007,7.61707296928143052,241
4471,-1.13189999999999991,8.60663117659457733,242
4472,-1.10959999999999992,7.95060914305868049,5036
4473,-1.05780000000000007,7.37158759649120388,5037
4474,-1.12260000000000004,6.76743763270720233,5038
4475,-1.04760000000000009,6.41060768350989907,5039
4476,-1.10990000000000011,6.35480935085956400,5040
4477,-1.11929999999999996,6.25486261562650014,5041
4478,-1.13020000000000009,6.28783652769877843,5042
4479,-1.12660000000000005,6.26157386825610196,5043
4480,-1.07180000000000009,6.25252127982094752,5044
4481,-1.10640000000000005,6.21252950463098763,5045
4482,-1.11410000000000009,6.19157463992696044,5046
4483,-1.12890000000000001,6.18679408001094799,5047
4484,-1.20049999999999990,6.17505937899434176,5048
4485,-1.06620000000000004,6.19208735115574083,5049
4486,-1.14009999999999989,6.30362317277887829,5050
4487,-1.21039999999999992,6.37991080093328922,5051
4488,-1.29960000000000009,6.44472362953227673,5052
4489,-1.14820000000000011,6.53489733198835143,5053
4490,-0.97196000000000005,6.57877782708569825,5054
4491,-0.66844000000000003,6.59162275092732841,5055
4492,-0.76520999999999995,6.61141016464442188,5056
4493,-0.71164000000000005,6.63209378132035443,5057
4494,-0.74082999999999999,6.63377479943754977,5058
4495,-0.73719999999999997,6.64552928608763516,5059
4496,-0.70128999999999997,6.67020215056556864,5060
4497,-0.74377000000000004,6.69970227384150618,5061
4498,-0.71701000000000004,6.72481605601801480,5062
4499,-0.73499000000000003,6.75750978517290335,5063
4500,-0.73858999999999997,6.76542239251721256,5064
4501,-0.74170999999999998,6.80107881522441104,5065
4502,-0.67500000000000004,7.86650040656631866,5066
4503,-1.08870000000000000,8.46292426674119191,5067
4504,-1.11349999999999993,8.43679491116788149,5068
4505,-1.15250000000000008,8.41828192905835770,5069
4506,-1.13260000000000005,8.40032453143757429,5070
4507,-1.15250000000000008,8.37151418474851106,5071
4508,-0.93328000000000000,8.35235042175495401,5072
4509,-1.13830000000000009,8.33236201186827863,5073
4510,-1.09359999999999991,8.26105203279320754,5074
4511,-1.06749999999999989,8.22360825376395077,5075
4512,-1.24160000000000004,8.16602181147342421,5076
4513,-1.25170000000000003,8.17977839623076264,5077
4514,-1.30380000000000007,8.20346300686211372,5078
4515,-1.32450000000000001,8.23551957950202684,5079
4516,-1.33240000000000003,8.25131320024033066,5080
4517,-1.32959999999999989,8.25061830575768695,5081
4518,-1.31529999999999991,8.21685355982370780,5082
4519,-1.16139999999999999,8.19975683561421675,5083
4520,-1.11270000000000002,8.20419859622814940,5084
4521,-1.26330000000000009,8.20465235599875342,5085
4522,-1.30649999999999999,8.24018751711441411,5086
4523,-1.27449999999999997,8.26916393679668893,5087
4524,-1.29410000000000003,8.29690227062429742,5088
4525,-1.18759999999999999,8.33348146467989537,5089
4526,-1.29069999999999996,8.33952952622136756,5090
4527,-1.29259999999999997,8.47225619942136632,5091
4528,-1.29570000000000007,8.58935917857970210,5092
4529,-1.20439999999999992,8.63888689516044650,5093
4530,-1.28980000000000006,8.63243090800101953,5094
4531,-1.32820000000000005,8.65844649820558310,5095
4532,-1.27760000000000007,8.68808072528189790,5096
4533,-1.26110000000000011,8.64469847202187758,5591
4534,-1.29760000000000009,8.46197558850121290,5592
4535,-1.26309999999999989,8.52700778693168537,5593
4536,-1.25200000000000000,8.54612521069864073,5594
4537,-1.21150000000000002,8.55859841258019038,5595
4538,-1.19609999999999994,8.57927931686177558,5596
4539,-1.27429999999999999,8.60496267209609478,5597
4540,-1.30869999999999997,8.62374130323759580,5598
4541,-1.27810000000000001,8.64527519302544967,5599
4542,-1.28210000000000002,8.67389335049886689,5600
4543,-1.28269999999999995,8.69173899633531022,5107
4544,-1.26940000000000008,8.69641853040947943,5108
4545,-1.23629999999999995,8.70577431100115895,5109
4546,-1.25150000000000006,8.71530604425706379,5110
4547,-1.23780000000000001,8.74067289860101937,5111
4548,-1.26499999999999990,8.75481196973926501,5112
4549,-1.26360000000000006,8.78120112826737653,5113
4550,-1.26909999999999989,8.78378467946755848,5114
4551,-1.24170000000000003,8.81429688475618356,5115
4552,-1.17340000000000000,8.81760500787343560,5116
4553,-1.22970000000000002,8.83204164750530474,5117
4554,-1.27299999999999991,8.74313528118669581,5118
4555,-1.21779999999999999,8.60397205199273962,5119
4556,-1.13510000000000000,8.43774502145077498,5120
4557,-1.14260000000000006,8.42225454168332988,5121
4558,-1.16330000000000000,8.44121200902474378,5122
4559,-1.14579999999999993,8.52877578518764246,5123
4560,-1.23120000000000007,9.52575474060039618,5124
4561,-1.01449999999999996,9.57584994982066995,5125
4562,-0.94164000000000003,9.65089485497953703,5126
4563,-0.86604000000000003,9.68076798435930819,5127
4564,-0.85892999999999997,9.67736860185069681,5128
4565,-0.82940999999999998,9.79431200768971699,5129
4566,-0.84016000000000002,10.14272981839799570,5130
4567,-0.81635000000000002,10.44481942323669976,5624
4568,-0.83372000000000002,10.52970090686669380,4471
4569,-0.83143000000000000,10.04308462186824968,4472
4570,-0.77637999999999996,9.78648393492172630,4474
4571,-0.66120000000000001,9.62915903046503630,4475
4572,-0.71970000000000001,9.65944078174324972,4475
4573,-0.77370000000000005,9.66212087181206059,3235
4574,-0.83414999999999995,9.51675241851498299,3236
4575,-0.70392999999999994,9.45351678688488306,3237
4576,-0.80481999999999998,9.45604719820098971,3238
4577,-0.86934999999999996,9.44396440025143669,3239
4578,-0.92947000000000002,9.57889891572896701,3240
4579,-1.01089999999999991,9.58270701412217285,3241
4580,-0.92756000000000005,9.59688998538609539,3242
4581,-0.97543999999999997,9.59904749189233897,3243
4582,-1.00679999999999992,9.59712565251903094,3244
4583,-1.16510000000000002,9.59008429582535271,3245
4584,-1.11890000000000001,9.92827764523641143,3246
4585,-1.07060000000000000,9.87959198304526609,3247
4586,-1.01269999999999993,9.79008107028128194,3248
4587,-0.75434000000000001,9.75100553185596652,3249
4588,-0.58152000000000004,9.77146938785302588,3250
4589,-0.12411999999999999,9.82679247275660117,3251
4590,0.66137000000000001,9.80639610311651744,3252
4591,1.06339999999999990,9.62270250381354586,3253
4592,1.32770000000000010,9.31474186613906419,3254
4593,1.24289999999999989,9.54604365712384606,3255
4594,0.31656000000000001,9.74481732037189019,5454
4595,-0.99977000000000005,9.64877196181579677,5455
4596,-1.37880000000000003,9.65493247939023647,5456
4597,-1.38379999999999992,9.61507391181241822,5458
4598,-1.30319999999999991,9.32842149537231613,6961
4599,-1.23429999999999995,9.33514642729080713,6962
4600,-1.25790000000000002,9.36076865591682683,6963
4601,-1.17340000000000000,9.41351687192989672,6964
4602,-1.13690000000000002,9.43457888635955122,5463
4603,-1.10060000000000002,9.38811589288755677,5464
4604,-1.11220000000000008,9.34561153407377532,5465
4605,-0.85640000000000005,9.31812131877718919,5466
4606,-0.88583999999999996,9.29280224219383122,5467
4607,-0.97043999999999997,9.27908244664115678,5468
4608,-0.94906999999999997,9.24094683457537691,5469
4609,-1.02659999999999996,9.22283501457848409,5469
4610,-1.07299999999999995,9.26157888103375804,3596
4611,-1.09549999999999992,9.21605980693619564,3597
4612,-1.09640000000000004,9.17354165264575094,3598
4613,-1.07759999999999989,9.15325537849483517,3599
4614,-1.05919999999999992,9.14564597645787991,3600
4615,-1.02790000000000004,9.12792709696918969,3601
4616,-1.00600000000000001,9.12377127536400323,3602
4617,-1.08479999999999999,9.13289836109196607,3603
4618,-1.01190000000000002,9.10445680165632432,3604
4619,-1.15999999999999992,9.13147767964901114,3605
4620,-0.99829999999999997,9.15273923028956382,3606
4621,0.74677000000000004,9.00919505208391769,440
4622,0.77044000000000001,9.03332058876047483,5482
4623,-0.98079000000000005,8.65578917250461899,5483
4624,-1.11430000000000007,8.68253882018088063,5484
4625,-0.99390999999999996,8.70377186329896801,5485
4626,-1.12230000000000008,8.68918165461213832,5486
4627,-0.95504000000000000,8.70349828227006661,5487
4628,-1.18169999999999997,8.73969426569430929,5488
4629,-1.19589999999999996,8.76629828583024207,5489
4630,-1.16599999999999993,8.77474315330777976,5490
4631,-1.15520000000000000,8.77703574017285604,5491
4632,-1.16230000000000011,8.77812682322841376,5492
4633,-1.17900000000000005,8.72007219999204075,5493
4634,-1.17009999999999992,8.63982982499991436,5494
4635,-1.17809999999999993,8.67301609862104783,5495
4636,-1.17399999999999993,8.71672989062381909,5496
4637,-1.17549999999999999,8.77436702873355401,5497
4638,-1.16330000000000000,8.80988347401734906,5498
4639,-1.16090000000000004,8.80889033490917228,5499
4640,-1.10119999999999996,8.80669770775283389,5500
4641,-1.15789999999999993,8.86452683567012478,5501
4642,-1.13050000000000006,8.88933061045704775,5502
4643,-1.12799999999999989,8.90368325672318939,5503
4644,-1.25629999999999997,8.91293623835522020,5504
4645,-1.31430000000000002,8.93783350214154737,5505
4646,-1.30820000000000003,8.97027614706025744,5506
4647,-1.39230000000000009,9.01636873024703078,5507
4648,-1.16920000000000002,9.03981507004282570,5508
4649,-0.65483999999999998,9.08159099286849525,5509
4650,-0.92620000000000002,9.11788624333266284,5510
4651,-0.88204000000000005,9.15917328301875955,5511
4652,-0.85016000000000003,9.17845816342283349,5512
4653,-0.84045000000000003,9.25371586873628438,5513
4654,-0.82713000000000003,9.29112205975745375,5514
4655,-0.70992000000000000,9.34164389543854767,5515
4656,-0.72199999999999998,9.38974630428088552,5516
4657,-0.69077999999999995,9.43087474930686653,5517
4658,-0.66807000000000005,9.48373298458060177,5518
4659,-0.72209999999999996,9.51364898066975329,5519
4660,-0.72755000000000003,9.52068161143785474,5520
4661,-0.63070000000000004,9.51879723905160091,5521
4662,-0.60726999999999998,9.48551324680651575,5522
4663,-0.62839999999999996,9.44642125273441380,5523
4664,-0.61882999999999999,9.41396652230580244,5524
4665,-0.78090000000000004,9.38289640337654873,5525
4666,-0.84036999999999995,9.37244414430482387,5526
4667,-0.85189999999999999,9.37167138006710587,5527
4668,-0.76539999999999997,9.47993838636971198,5528
4669,-0.49188999999999999,9.58042054780736763,3330
4670,-0.37914999999999999,9.62554004137173891,3331
4671,-0.49790000000000001,9.72067397486517315,3332
4672,-0.50421000000000005,9.66527317516664830,3058
4673,-0.42997999999999997,9.67879655203947564,3059
4674,-0.83945000000000003,9.60643102869238774,3060
4675,-0.65786999999999995,9.58911424197810902,3061
4676,-0.56737000000000004,9.43327424250109203,742
4677,-0.82418999999999998,9.39314165113254873,743
4678,-1.65900000000000003,9.32748091847125416,743
4679,1.66359999999999997,9.08902471290029546,745
4680,-0.19409000000000001,8.82225323481242540,746
4681,-0.20644000000000001,8.74677037955403058,3342
4682,-1.89559999999999995,8.70668044103280003,3343
4683,-0.93830000000000002,8.41781686232925530,3344
4684,-0.34321000000000002,8.38584128911451820,3345
4685,0.39198000000000000,8.40386448460941970,3346
4686,0.71326999999999996,8.48805831651463905,3072
4687,1.04830000000000001,8.62906799167284078,3346
4688,1.12810000000000010,8.71423898206149161,3074
4689,0.86099000000000003,8.48378936796605920,5153
4690,0.38349000000000000,8.70486178438973823,752
4691,0.54888000000000003,8.96654645914975212,3077
4692,-0.18645000000000000,9.79231321411680256,754
4693,0.64832999999999996,10.14969597282453506,755
4694,0.04271700000000000,10.39473551561346376,2826
4695,-0.01997000000000000,10.56519414026067594,2827
4696,-0.87224999999999997,10.22104876137701446,4301
4697,0.73541999999999996,10.20119702719081722,4302
4698,-1.21859999999999991,8.46244674440768740,6068
4699,-1.26730000000000009,8.25254686775366331,6069
4700,-1.33929999999999993,8.11680713073140403,6070
4701,-1.25239999999999996,7.92925296611464780,6071
4702,-1.04010000000000002,7.96675379627023617,6072
4703,-1.01289999999999991,7.92560217216140117,6073
4704,-1.05160000000000009,8.06820528561409489,6074
4705,-1.12109999999999999,8.08663922443224337,3558
4706,-1.09220000000000006,7.91991684581398303,3559
4707,-1.01709999999999989,7.88129724077644678,3560
4708,-1.04840000000000000,7.93444800182832211,3560
4709,-1.08299999999999996,7.99692788609694016,3561
4710,-0.94703000000000004,8.08381598371141230,3884
4711,-1.05449999999999999,8.02362699067991336,3885
4712,-0.89056999999999997,7.98739117905010509,3886
4713,-0.85557000000000005,7.92670299469817152,3887
4714,-0.90830999999999995,7.86035931085898731,3888
4715,-0.95848000000000000,7.95108683457246102,3889
4716,-0.96272000000000002,8.07797560498820388,3889
4717,-1.02289999999999992,8.25117436742196730,3890
4718,-0.99146000000000001,8.38205853201970363,3891
4719,-0.97894999999999999,8.55819803473512231,3892
4720,-0.97355000000000003,8.67531979098904493,3893
4721,-0.95833000000000002,8.69344385233707229,6939
4722,-0.95809000000000000,8.67221549767467792,6940
4723,-0.93369999999999997,8.67023001990155784,6941
4724,-0.98480000000000001,8.86243663739165655,2332
4725,-1.05469999999999997,8.78474048414960862,2333
4726,-1.01760000000000006,8.74325910512073357,2334
4727,-1.17979999999999996,8.66929752417876998,2336
4728,-1.07759999999999989,8.43179212779456932,2336
4729,-0.93037000000000003,8.27339784091875785,2337
4730,-0.68091999999999997,8.18110892445069382,2338
4731,-0.91940999999999995,8.07447305756218725,2339
4732,-0.85516000000000003,8.01616825820901013,2340
4733,-0.71113999999999999,7.97641543836994771,2341
4734,-0.74946000000000002,7.96226247005779086,3909
4735,-0.71850000000000003,8.01308547136883220,3909
4736,-0.69516999999999995,7.93230834141980878,3910
4737,-1.30059999999999998,7.95319207331593159,3911
4738,-0.63185000000000002,7.82954964708833590,3912
4739,-0.52215999999999996,7.81598483115241915,3913
4740,-0.50985000000000003,7.78044086645367194,3914
4741,-0.48805999999999999,7.74350818673195107,3915
4742,-0.54113999999999995,7.71898065413323931,3916
4743,-0.72765000000000002,8.11522056731175745,3917
4744,-0.81455999999999995,8.57163237462546057,3917
4745,-1.57600000000000007,8.88304957341079415,3918
4746,-0.86848000000000003,8.70070960955321127,7137
4747,-0.63114000000000003,8.58757177436690711,7136
4748,-0.68898000000000004,8.56512044060130506,7137
4749,-0.82960000000000000,8.55033499886418902,7138
4750,-1.09899999999999998,8.55045449887394504,7139
4751,-1.05180000000000007,8.60402794831430739,7140
4752,-1.16369999999999996,8.64871236228347406,7141
4753,-1.17799999999999994,8.69875966663810019,7142
4754,-0.87341999999999997,8.74349994418437682,7143
4755,-0.78854999999999997,8.73770495249439350,7144
4756,-0.68479999999999996,8.70708182587062218,7145
4757,-0.77659000000000000,8.65519840350175507,7146
4758,-0.99748999999999999,8.61447178539864922,7147
4759,-0.98019000000000001,8.63205729612272066,7148
4760,-0.97441999999999995,8.60486507363252962,279
4761,-1.02590000000000003,8.88701185458671183,7150
4762,-1.05760000000000010,8.99624833933748036,7151
4763,-1.05990000000000006,9.03060932762761226,7154
4764,-1.05820000000000003,9.11787423924943319,7153
4765,-1.03079999999999994,9.05253534887790501,133
4766,-1.04940000000000011,8.87124606429471640,134
4767,-1.03570000000000007,8.79217324691691005,134
4768,-0.98009999999999997,8.82280667698755572,7159
4769,-0.90920000000000001,8.74002364712749014,7160
4770,-0.65315000000000001,8.80612587516450596,7161
4771,-0.60150000000000003,8.78478652369940249,138
4772,-0.89376999999999995,8.81719937222590922,139
4773,-1.08769999999999989,8.86611742473607833,7164
4774,-1.08210000000000006,8.89447205613951652,141
4775,-1.12929999999999997,8.89546345141678074,142
4776,-1.11270000000000002,8.86676660033456976,143
4777,-1.15230000000000010,8.84497463144994533,144
4778,-1.15589999999999993,8.82348639726174078,145
4779,-1.08969999999999989,8.80699244911409806,146
4780,-1.11460000000000004,8.80835041722197687,147
4781,-1.06380000000000008,8.83638031773808486,148
4782,-1.08909999999999996,8.88821210064108591,149
4783,-1.01449999999999996,8.93094722156495635,150
4784,-1.00400000000000000,8.97838166582035946,151
4785,-0.80001999999999995,9.00405359024996166,152
4786,-0.80869000000000002,9.03122155524984294,153
4787,-0.88775999999999999,9.02419862333571920,154
4788,-1.06459999999999999,9.00150184506853179,155
4789,-1.04370000000000007,8.99612863963371368,156
4790,-1.07630000000000003,9.00166121573479039,157
4791,-1.05269999999999997,9.04607142753486393,158
4792,-1.10159999999999991,9.05778575607660130,159
4793,-0.82926999999999995,9.07285186020151890,160
4794,-0.88949000000000000,9.07109872074229528,161
4795,-0.95296000000000003,9.07657173695574926,162
4796,-1.00469999999999993,9.11159761024556580,163
4797,-0.98736000000000002,9.27992746267413970,9
4798,-0.95664000000000005,9.28164848635270268,10
4799,-1.00790000000000002,9.30223644674340733,11
4800,-1.12050000000000005,9.36220717149918791,12
4801,-1.13119999999999998,9.41104119448934817,13
4802,-1.08380000000000010,9.45567009793167301,14
4803,-1.06859999999999999,9.59141319520325020,15
4804,-1.04669999999999996,10.62062993612867068,4961
4805,-1.09149999999999991,10.38297472254570053,4472
4806,-1.03299999999999992,9.79826855906692273,4473
4807,-1.11569999999999991,9.59582924870933951,4474
4808,-1.06790000000000007,9.16479912564465593,4475
4809,-1.04319999999999991,9.16136609198217755,4476
4810,-1.00299999999999989,9.08712734234974029,4477
4811,-0.71404999999999996,9.11694525131898814,4478
4812,-0.27216000000000001,9.11875225839910186,4479
4813,-0.17272000000000001,9.11213444762183222,4480
4814,-0.25751000000000002,9.09838735889209715,4481
4815,-0.36155999999999999,9.08726547998819179,4482
4816,-0.17524999999999999,9.08203915135736750,4483
4817,-0.11569000000000000,9.14228627521431925,4484
4818,-0.37103999999999998,9.16074736250729948,4485
4819,-0.46551999999999999,9.24216029298068520,5050
4820,-0.36403999999999997,9.23970284325235447,5051
4821,-0.73424000000000000,9.26837141985365776,5052
4822,-0.40286000000000000,9.23417917665633148,5053
4823,0.02023800000000000,9.19872008062206881,5054
4824,-0.24618000000000001,9.13292392991730928,6818
4825,-0.24215999999999999,9.07967709042598692,6819
4826,-0.53703000000000001,9.01554068288557353,6820
4827,-0.52159000000000000,8.96185675482454869,6821
4828,-0.53068000000000004,8.93330182678632490,6822
4829,-0.47271000000000002,8.96055322802335219,6823
4830,-0.30248999999999998,8.94536604339581309,6824
4831,-0.25374999999999998,8.89511643164821031,6825
4832,-0.16023999999999999,8.86712290528150326,6826
4833,-0.08127800000000000,8.89649635863647070,6827
4834,-0.13743000000000000,9.02967869466703377,6828
4835,-0.11097000000000000,9.03778015663601053,5066
4836,-0.17000999999999999,9.12161707323853577,5067
4837,-0.21057999999999999,9.15194222753421904,5068
4838,-0.15493000000000001,9.22442181810857775,5069
4839,-0.30138999999999999,9.30702591596218376,5070
4840,-0.36935000000000001,9.39442639994588014,5071
4841,-0.01192800000000000,9.58639656317431665,5072
4842,-0.32999000000000001,9.59496755021604919,5073
4843,-0.20596000000000000,9.57044184938559006,5074
4844,-0.51019999999999999,9.54964996588972959,5075
4845,-0.44822000000000001,9.50513859149185336,5076
4846,-0.46304000000000001,9.50770110997901696,5076
4847,-0.28660999999999998,9.51221463633676834,5077
4848,-0.28938999999999998,9.50446921709068171,5078
4849,-0.24363000000000001,9.49771842200649452,5079
4850,-0.16607000000000000,9.49165738735032249,5080
4851,-0.25019000000000002,9.48429399337869583,5081
4852,-0.34953000000000001,9.58530293104651854,5082
4853,-0.29021000000000002,9.65620299329723863,5083
4854,0.99573000000000000,9.63350380608609669,5084
4855,-0.93588000000000005,9.35883059504375048,5086
4856,-0.94555999999999996,9.35893955588974258,5086
4857,-0.67720000000000002,9.37233472265703682,5087
4858,-0.75319000000000003,9.38256447496533497,5088
4859,-0.81196999999999997,9.39662402837377897,5089
4860,-0.78657999999999995,9.43145265158658574,5090
4861,-0.74156999999999995,9.49809481686557611,5092
4862,-1.05889999999999995,9.50471999741933793,5093
4863,-1.09590000000000010,9.53630715072188906,5094
4864,-0.86794000000000004,9.56462636396486765,5095
4865,-0.94306999999999996,9.62987354239240112,5095
4866,-1.03639999999999999,9.59393980656938972,5097
4867,-1.07660000000000000,9.57436192212610138,5098
4868,-0.96240000000000003,9.64188943886237482,5099
4869,-0.89119000000000004,9.64090187637884455,5100
4870,-0.90478000000000003,9.66943387817065414,5100
4871,-0.88307999999999998,9.70231763019015325,5101
4872,-0.84845999999999999,9.73165004660883604,5102
4873,-0.72436999999999996,9.75403932110744520,5103
4874,-0.78835000000000000,9.77300773125189082,5105
4875,-0.88587000000000005,9.78982162248296639,5106
4876,-0.71980999999999995,9.81416472187633460,5106
4877,-0.83843000000000001,9.84520614350708989,5108
4878,-0.83074999999999999,9.86510101679075291,5108
4879,-0.87539000000000000,9.90324846085571231,5110
4880,0.36735000000000001,9.94225492321949211,5110
4881,0.28242000000000000,9.68182789825861789,5111
4882,0.22528999999999999,9.57576204762175287,5112
4883,0.19317000000000001,9.37554015241680894,5113
4884,0.03758200000000000,9.25569038645879871,5115
4885,-0.48580000000000001,9.19519170433587085,5115
4886,-0.46816000000000002,9.25761609542157160,5117
4887,-0.56672000000000000,9.25241103425256917,5118
4888,-0.28381000000000001,9.26908847978670813,5119
4889,-0.34931000000000001,9.32210975160586131,5119
4890,-0.26318999999999998,9.32887672407339608,5121
4891,-0.97284999999999999,9.23840114474890051,5122
4892,-0.88729999999999998,9.28574518355399192,5123
4893,-0.40401999999999999,9.32782510648898011,5124
4894,-0.27778999999999998,9.33769113146159135,5125
4895,0.03659100000000000,9.34337554709474283,5126
4896,-0.01890000000000000,9.32733032044822430,5127
4897,-0.04746200000000000,9.34426557465001295,5128
4898,-0.07372400000000000,9.30681605057815275,5129
4899,-0.19445999999999999,9.25453641268479288,5130
4900,-0.33427000000000001,9.21794963011731916,5131
4901,-0.43457000000000001,9.18985845001160762,5132
4902,-0.37739000000000000,9.15651654661389358,5133
4903,-0.42248000000000002,9.11195520722839802,5134
4904,-0.32029000000000002,9.05939291717898953,5135
4905,-0.41521000000000002,9.04359024995785532,5136
4906,-0.23463000000000001,8.99595573379686186,5137
4907,-0.01763800000000000,8.94915795390276791,5138
4908,-0.03824700000000000,8.83302665611130777,5139
4909,-0.06108100000000000,8.73442973610686835,5140
4910,-0.29958000000000001,8.67306939299943380,5141
4911,-0.09824600000000000,8.62415884304797054,5142
4912,-0.06251700000000000,8.56338594361051442,5143
4913,-0.09517900000000000,8.48290859450965407,5144
4914,0.01465400000000000,8.43965169224444445,5145
4915,-0.03665400000000000,8.38238440323443612,5146
4916,-0.14166000000000001,8.32937298783680014,5147
4917,-0.07854500000000000,8.32750873333170460,5148
4918,-0.16026000000000001,8.66419431448265698,5149
4919,-0.26729999999999998,8.97274854097863006,5150
4920,-0.10864000000000000,9.19207812120530043,5151
4921,0.00935760000000000,9.46621172761259011,5152
4922,-0.44296000000000002,9.47609622293715148,5153
4923,1.41490000000000005,9.10614933026343465,5154
4924,1.13129999999999997,9.63617975465685106,5155
4925,1.01099999999999990,9.46753881654140983,5005
4926,0.61109000000000002,9.09061632040670098,5006
4927,1.30400000000000005,8.87297026998903604,5007
4928,-0.97123000000000004,8.02128959005188591,5008
4929,-0.89207000000000003,8.02216158118042344,5009
4930,-0.17327000000000001,8.00094505606635487,5010
4931,-0.42414000000000002,7.80220707335209074,5011
4932,-0.40816999999999998,7.73286093039506195,5012
4933,-0.44794000000000000,7.66609213762803510,5013
4934,-0.46172000000000002,7.54910493214214817,5014
4935,-0.57589000000000001,7.38052592913364780,5015
4936,-1.20360000000000000,7.27391850799472550,5016
4937,-1.15030000000000010,7.25985372446788357,5017
4938,-1.15189999999999992,7.31572390389645921,5018
4939,-0.46533999999999998,7.36210911067002094,5019
4940,-0.38904000000000000,7.26409879586341667,5020
4941,-1.23889999999999989,7.14322725005008419,5021
4942,-1.29899999999999993,7.16955330657989620,5022
4943,-1.27489999999999992,7.20460688781860270,5023
4944,-1.28150000000000008,7.28550855701116173,5024
4945,-1.28639999999999999,7.26478372074020307,5025
4946,-1.28649999999999998,7.30790560990144122,5026
4947,-1.30059999999999998,7.30440192887801754,5027
4948,-1.26269999999999993,7.32160265374188501,5028
4949,-1.21589999999999998,7.35880550358305108,5029
4950,-1.18260000000000010,7.39556226460447519,5030
4951,-1.16730000000000000,7.41673248381942418,5031
4952,-1.21269999999999989,7.43200219456497102,5032
4953,-1.21300000000000008,7.43826866904276152,5033
4954,-1.22459999999999991,8.10648135192892738,5034
4955,-1.27020000000000000,8.56883101404382153,5035
4956,-1.21669999999999989,8.79502406028311157,5036
4957,0.26488000000000000,8.93521883326804023,5197
4958,0.25278000000000000,8.97588449918466580,5198
4959,0.31352999999999998,9.01946775542430679,5197
4960,0.45488000000000001,9.05401178058265543,5198
4961,-1.11539999999999995,8.64428579785548656,90
4962,-1.21880000000000011,8.71111704689928246,91
4963,-1.01099999999999990,8.67655695950977979,5201
4964,-0.96987000000000001,8.74973969630675974,5202
4965,-0.71509999999999996,8.78978537403696514,5203
4966,-0.41914000000000001,8.79532272729864495,5204
4967,-0.19838000000000000,8.73050518074436077,5205
4968,-0.24711000000000000,8.75701857565149488,5206
4969,-0.25061000000000000,8.78238932251507975,5207
4970,-0.20957999999999999,8.76507544150053519,5208
4971,-0.04559200000000000,8.70986072906800857,5209
4972,-0.18625000000000000,8.49616523268312918,5210
4973,-0.62448000000000004,8.49759855588905744,5211
4974,-0.10050000000000001,8.47829365093458343,5212
4975,-0.11025000000000000,8.46422648960154511,5213
4976,-0.44507999999999998,8.48555380115830360,5214
4977,-0.55527000000000004,8.62922223055039339,5215
4978,-0.19578000000000001,8.59450392792305173,5216
4979,-0.26729999999999998,8.59757807211408931,5217
4980,-0.67659000000000002,8.62185052057557222,5218
4981,-0.29786000000000001,8.56397896692853955,5219
4982,-0.35548999999999997,8.53071983420535318,5220
4983,-0.34166000000000002,8.50056872418290688,5221
4984,-0.64461000000000002,8.47477515968549611,5222
4985,-0.41189999999999999,8.44442939126320447,5223
4986,-0.65700999999999998,8.46396005867887347,5224
4987,-0.99909000000000003,8.44928253956070918,5225
4988,-0.32103999999999999,8.34878466658501672,5226
4989,-0.39512000000000003,8.35711205026400172,5227
4990,-0.38485999999999998,8.39112994079905405,5228
4991,-0.32596000000000003,8.34839035392636042,5229
4992,-0.23604000000000000,8.41865490002858863,5230
4993,-0.38756000000000002,8.42449975116074512,5231
4994,-0.42215000000000003,8.40518781137985016,5232
4995,-0.47377999999999998,8.37159643690228705,5233
4996,-0.55330999999999997,8.29022696962571715,5234
4997,-0.34436000000000000,8.23301100260570173,5235
4998,-0.39398000000000000,7.96212795177868049,5158
4999,-0.53705999999999998,7.13150613545731993,5159
5000,-0.44692999999999999,7.69898820883317647,5160
5001,-0.58645000000000003,7.97147573968831313,5161
5002,-0.55318999999999996,7.94989634104043308,5162
5003,-0.94826999999999995,7.87231509240168936,5163
5004,-1.13759999999999994,7.94282178566865404,5163
5005,-0.94618000000000002,7.96097157921490872,5164
5006,-0.90786000000000000,7.93240238097759232,5165
5007,-1.03249999999999997,7.90623028231235736,5166
5008,-0.95904999999999996,7.89026744814066738,5168
5009,-0.94757000000000002,7.85040482515348259,5169
5010,-0.99390999999999996,7.82282724004543883,5170
5011,-0.98475999999999997,7.80220707335209074,4931
5012,-1.08739999999999992,7.73286093039506195,4932
5013,-1.10460000000000003,7.66609213762803510,4933
5014,-1.14129999999999998,7.54910493214214817,4934
5015,-1.16840000000000011,7.38052592913364780,4935
5016,-1.17169999999999996,7.27391850799472550,4936
5017,-1.16969999999999996,7.25985372446788357,4937
5018,-1.16850000000000009,7.31572390389645921,4938
5019,-1.08139999999999992,7.36210911067002094,4939
5020,-1.02010000000000001,7.26409879586341667,4940
5021,-1.00960000000000005,7.14322725005008419,4941
5022,-1.01819999999999999,7.16955330657989620,4942
5023,-1.30919999999999992,7.20460688781860270,4943
5024,-0.91032000000000002,7.28550855701116173,4944
5025,-1.29489999999999994,7.26478372074020307,4945
5026,-0.87809000000000004,7.30790560990144122,4946
5027,-1.29659999999999997,7.30440192887801754,4947
5028,-1.27350000000000008,7.32160265374188501,4948
5029,-1.26790000000000003,7.35880550358305108,4949
5030,-1.24459999999999993,7.39556226460447519,4950
5031,-1.25540000000000007,7.41673248381942418,4951
5032,-1.26049999999999995,7.43200219456497102,4952
5033,-1.26479999999999992,7.43826866904276152,4953
5034,-1.27550000000000008,8.10648135192892738,4954
5035,-1.27029999999999998,8.43486387612010269,4472
5036,-1.03340000000000010,7.63999841502368415,4473
5037,0.33973999999999999,7.03034413893981558,4474
5038,0.29248000000000002,6.63631018527259897,4475
5039,0.11477999999999999,6.41060768350989907,4475
5040,0.31337999999999999,6.35480935085956400,4476
5041,-1.11729999999999996,6.25486261562650014,4477
5042,-1.07180000000000009,6.28783652769877843,4478
5043,-0.95391000000000004,6.26157386825610196,4479
5044,-1.10709999999999997,6.25252127982094752,4480
5045,-1.10820000000000007,6.21252950463098763,4481
5046,-1.10870000000000002,6.19157463992696044,4482
5047,-1.24619999999999997,6.18679408001094799,4483
5048,-0.50475999999999999,6.17505937899434176,4484
5049,-0.26155000000000000,6.19208735115574083,4485
5050,-0.18867999999999999,6.30362317277887829,4486
5051,-0.54379000000000000,6.37991080093328922,4487
5052,-0.91647000000000001,6.44472362953227673,4488
5053,-0.77220999999999995,6.53489733198835143,4489
5054,-0.18054000000000001,6.57877782708569825,4490
5055,-0.02377800000000000,6.59162275092732841,4491
5056,-0.08823000000000000,6.61141016464442188,4492
5057,-0.39946999999999999,6.63209378132035443,4493
5058,-0.42149999999999999,6.63377479943754977,4494
5059,-0.35203000000000001,6.64552928608763516,4495
5060,-0.16458999999999999,6.67020215056556864,4496
5061,-0.16818000000000000,6.69970227384150618,4497
5062,-0.05041900000000000,6.72481605601801480,4498
5063,-0.15534000000000001,6.75750978517290335,4499
5064,-0.15631000000000000,6.76542239251721256,4500
5065,-0.11490000000000000,6.80107881522441104,4501
5066,-0.02874200000000000,7.19691653658211195,5462
5067,-0.13278000000000001,7.22298339427840475,5463
5068,-0.29859999999999998,7.23186399166900085,5464
5069,-0.38150000000000001,7.26091872371499925,5465
5070,-0.24848000000000001,7.27628447596687256,5466
5071,-0.20472000000000001,7.29438169865685726,5467
5072,-0.07496600000000000,7.27691395366372973,5468
5073,0.00939950000000000,7.26556263338647756,5469
5074,-0.12486000000000000,7.48183147364840995,5470
5075,0.03019100000000000,7.77767001870716523,5471
5076,-0.31526999999999999,7.76142824654604979,2564
5077,-0.37525999999999998,7.88593667088985750,2565
5078,-0.49334000000000000,7.98343783441373755,2566
5079,-0.46084999999999998,8.10210929706991401,2567
5080,-0.43157000000000001,8.19721585056847601,2568
5081,-0.54191999999999996,8.25061830575768695,4517
5082,-0.66203999999999996,8.21685355982370780,4518
5083,-0.91835999999999995,8.19975683561421675,4519
5084,-0.89354000000000000,8.20419859622814940,4520
5085,-0.88685999999999998,8.20465235599875342,4521
5086,-1.00089999999999990,8.24018751711441411,4522
5087,-1.10969999999999991,8.26916393679668893,4523
5088,-1.12810000000000010,8.29690227062429742,4524
5089,-1.19049999999999989,8.33348146467989537,4525
5090,-1.18140000000000001,8.33952952622136756,4526
5091,-1.13129999999999997,8.47225619942136632,4527
5092,-1.14549999999999996,8.55535773876895433,2580
5093,-1.14989999999999992,8.53966833290385807,2581
5094,-1.12020000000000008,8.54379866050381409,2582
5095,-1.16060000000000008,8.53027153612088895,2583
5096,-0.41436000000000001,8.53243851947238241,2584
5097,-0.55527000000000004,8.54140267447961854,2585
5098,-0.95243999999999995,8.56688489691832089,2586
5099,-0.79637999999999998,8.64972450673522530,4535
5100,-1.26299999999999990,8.64935281180055071,4536
5101,-1.25540000000000007,8.65271583995514248,2665
5102,-1.25289999999999990,8.60157948352450497,2666
5103,-1.24469999999999992,8.52194768846787909,2667
5104,-0.89410000000000001,8.57528577137295045,2668
5105,-0.88502999999999998,8.60710027110840770,2669
5106,-0.85429999999999995,8.63890342025348090,2670
5107,-0.83708000000000005,8.68845224832333329,2671
5108,-1.27590000000000003,8.69641853040947943,4544
5109,-0.85923000000000005,8.70577431100115895,4545
5110,-1.30739999999999990,8.71530604425706379,4546
5111,-0.82072000000000001,8.74067289860101937,4547
5112,-1.26889999999999992,8.75481196973926501,4548
5113,-1.29360000000000008,8.78120112826737653,4549
5114,-1.30150000000000010,8.78378467946755848,4550
5115,-1.30499999999999994,8.81429688475618356,4551
5116,-1.32200000000000006,8.81760500787343560,4552
5117,0.19852000000000000,8.83204164750530474,4553
5118,0.19650000000000001,8.74313528118669581,4554
5119,0.33960000000000001,8.60397205199273962,4555
5120,-0.06267100000000000,8.43774502145077498,4556
5121,-1.20019999999999993,8.42225454168332988,4557
5122,-1.18589999999999995,8.44121200902474378,4558
5123,-1.25229999999999997,8.52877578518764246,4559
5124,-0.28326000000000001,8.75053862026973484,2688
5125,-0.29404999999999998,8.71639840911819874,2689
5126,-0.29452000000000000,8.68761728464066962,2690
5127,-0.31770999999999999,8.65291861848927368,2691
5128,-0.20523000000000000,8.64075165304680226,2692
5129,-0.35226000000000002,8.57655431541552815,2693
5130,-0.26695999999999998,8.54301645005267929,2694
5131,-0.10893000000000000,8.48741823856336985,2695
5132,-0.38925999999999999,8.40777001110568989,2696
5133,-0.60385999999999995,8.44939750296716063,2697
5134,-0.21324000000000001,8.42305179386885783,2698
5135,-0.32655000000000001,8.48319497042523984,2699
5136,-0.15107999999999999,8.45132900568889944,2700
5137,-0.71079999999999999,8.56589566294772276,2701
5138,-0.67596999999999996,8.60468342089451532,2625
5139,-0.59363999999999995,8.52991821974364761,740
5140,-0.40921999999999997,8.12586930978091360,741
5141,-0.45212999999999998,7.87299870806229762,742
5142,-0.42444999999999999,7.79339168872572152,743
5143,-0.54210999999999998,7.88158318075009579,744
5144,-0.31274000000000002,7.92746032893550545,745
5145,-0.34072000000000002,8.00214221690186989,746
5146,-0.37258000000000002,8.06166951890003247,747
5147,-0.09933000000000000,8.07125435588055140,748
5148,-0.31672000000000000,8.10901173831718047,749
5149,-0.29831000000000002,8.07417841945580150,4347
5150,-0.16496000000000000,7.98916315264604293,4348
5151,-0.01943000000000000,7.98202423790081550,4349
5152,0.03575600000000000,7.97878070333910117,4350
5153,2.20599999999999996,7.84265016997829800,754
5154,2.05359999999999987,8.15437936633072624,4352
5155,2.13209999999999988,8.36577664067802829,4353
5156,2.15589999999999993,8.44584833523658496,128
5157,2.23280000000000012,8.36343297269379526,129
5158,1.73500000000000010,7.92256919357113976,130
5159,-0.57859000000000005,7.13150613545731993,4999
5160,-0.59775999999999996,7.66796987859643586,132
5161,-0.44203999999999999,7.90083450777819252,133
5162,-1.06620000000000004,7.94850919249650190,5003
5163,-1.08790000000000009,7.87231509240168936,5003
5164,-1.02620000000000000,7.96097157921490872,5005
5165,-1.02020000000000000,7.93240238097759232,5006
5166,-1.11339999999999995,7.90623028231235736,5007
5167,-1.09460000000000002,7.89265864803948336,5008
5168,-1.14369999999999994,7.85715626541893997,5009
5169,-1.21690000000000009,7.83645757707384583,5010
5170,-1.24059999999999993,7.81174290302759911,5011
5171,-1.22989999999999999,7.82578426235705216,5011
5172,-1.24049999999999994,7.77653812721628857,5012
5173,-1.16450000000000009,7.78431868796207649,5013
5174,-1.12460000000000004,7.84884702401135836,5014
5175,-1.01049999999999995,7.84820125522769008,5015
5176,-1.09220000000000006,7.96025616357420240,5016
5177,-1.02330000000000010,7.99750546581064281,5017
5178,-1.08580000000000010,8.03840277970167527,5018
5179,-1.09289999999999998,8.07609364591613854,5019
5180,-0.99878000000000000,8.10350528066152798,5020
5181,-1.12379999999999991,8.11460705591718501,5021
5182,-1.00930000000000009,8.12589802591801913,5022
5183,-1.02859999999999996,8.14923628886732487,5023
5184,-1.04269999999999996,8.18769406874037919,5024
5185,-1.02039999999999997,8.18288290898907889,5025
5186,-0.61677000000000004,8.20540936271667221,5026
5187,-0.82957000000000003,8.15773067692823339,5028
5188,-0.60768000000000000,8.13111663154178821,5029
5189,-0.70354000000000005,8.03736383992968584,5030
5190,-0.68345000000000000,7.96650160292460896,5031
5191,-1.02909999999999990,7.88191250579726166,5032
5192,-1.00439999999999996,7.94464071852077947,5033
5193,-1.10379999999999989,7.97932184989495319,5033
5194,-1.27800000000000002,8.51696161248510819,86
5195,-1.02909999999999990,8.70218244143149988,87
5196,-0.09432699999999999,8.73441595414676897,323
5197,-0.09341900000000000,8.55776118860703683,324
5198,-0.06348500000000000,8.39710746984240863,325
5199,-0.13647999999999999,8.21693904388848395,169
5200,-0.21400000000000000,8.01460998287509341,170
5201,-1.22360000000000002,7.88124175481609335,171
5202,-1.25099999999999989,8.00302563084428087,96
5203,-0.75436999999999999,7.80427428273276380,97
5204,-0.88600000000000001,7.77789490272951411,98
5205,-0.31694000000000000,7.69290658452175524,99
5206,-0.40233000000000002,7.73432199169961354,100
5207,-0.44871000000000000,7.77201199330625148,101
5208,-0.52861000000000002,7.74845541738820920,102
5209,-0.82071000000000005,7.68020684350831218,103
5210,0.03996000000000000,7.45767754522985360,104
5211,-0.14032000000000000,7.46365760520444077,105
5212,-0.25957999999999998,7.50885200321765556,106
5213,-0.06309300000000000,7.47351701299190108,107
5214,-0.10771000000000000,7.47751010429343133,108
5215,-0.00289210000000000,7.47343381634102766,109
5216,-0.30275000000000002,7.50668468674035161,110
5217,-0.37946000000000002,7.49430947491876420,111
5218,-0.38974999999999999,7.46066543470822729,112
5219,-0.30263000000000001,7.42778374392614094,113
5220,-0.29526999999999998,7.39055265285815022,114
5221,-0.25584000000000001,7.36448610759254141,115
5222,-0.11521000000000001,7.35182895134824044,116
5223,-0.13145999999999999,7.36338674877513988,117
5224,-0.23938999999999999,7.38257173093868690,118
5225,-0.26352999999999999,7.38870560862453374,119
5226,-0.05613600000000000,7.38598558029405972,120
5227,-0.23202000000000000,7.43043320169305410,121
5228,0.07143200000000000,7.44281852680354472,122
5229,-0.19209999999999999,7.51154032289728146,123
5230,-0.12015000000000001,7.53868346886821605,124
5231,-0.15254000000000001,7.57969788453036308,125
5232,0.03625500000000000,7.62639837061499914,126
5233,0.16094000000000000,7.70220346422582747,127
5234,-0.15801999999999999,7.99461030124326566,128
5235,0.14649000000000001,8.06418078171240893,53
5236,-0.22012000000000001,7.99180180415779251,54
5237,-0.42229000000000000,8.00139655972054697,55
5238,-0.27588000000000001,7.99955614412841420,56
5239,-0.16594000000000000,7.99548336354009148,57
5240,-0.67927999999999999,7.98073015592509982,294
5241,-0.63822000000000001,8.10013624537273635,289
5242,-0.56894999999999996,8.02386451507489440,290
5243,-0.59125000000000005,7.92806930983592029,291
5244,-0.62553999999999998,7.83205916686391213,292
5245,-0.67112000000000005,7.74448040088985312,293
5246,-0.72301000000000004,7.69215215705385713,294
5247,-0.51939000000000002,7.61974607355434852,295
5248,-1.03530000000000011,7.54645298865542102,296
5249,-1.05970000000000009,7.66876033735354934,297
5250,-1.11979999999999991,7.81117919294847862,298
5251,-1.19930000000000003,7.93790378887254278,299
5252,-1.31129999999999991,7.94711966931742975,300
5253,-1.25669999999999993,7.96014205048139711,301
5254,-1.26340000000000008,8.06907666561542669,303
5255,-1.26190000000000002,8.02300583079400909,304
5256,-1.26079999999999992,7.96869392465113169,67
5257,-1.28770000000000007,7.93760091385928668,68
5258,-1.28360000000000007,7.91414554120760450,69
5259,-1.30370000000000008,7.94587632744836458,70
5260,-1.22120000000000006,7.96611819332989413,71
5261,-1.29190000000000005,7.97470726802073759,72
5262,-1.28360000000000007,7.97310520361053143,73
5263,-1.27170000000000005,7.97555954268486200,74
5264,-1.24079999999999990,7.94650885695606579,75
5265,-1.25130000000000008,7.95780621055483106,76
5266,-1.21269999999999989,7.94272444249559939,77
5267,-1.22239999999999993,7.96696266777988260,78
5268,-1.25600000000000001,7.96098498828257117,79
5269,-1.27610000000000001,7.96131571745542921,80
5270,-1.20619999999999994,7.98026004218736507,81
5271,-1.18209999999999993,8.00780989667359044,82
5272,-1.20110000000000006,8.10407960746282718,83
5273,-1.18639999999999990,8.15928447989798755,84
5274,-1.15789999999999993,8.29255788717403952,85
5275,-1.19799999999999995,8.44710836570525991,86
5276,-1.14220000000000010,8.53599834666894708,87
5277,0.64378000000000002,8.59831051519912570,88
5278,0.09909000000000000,7.64394529662553879,89
5279,-1.11240000000000006,7.12968852993151092,90
5280,-1.11119999999999997,7.19684513305784623,91
5281,-1.16080000000000005,7.25764212675526643,92
5282,-1.02150000000000007,7.34810299471436679,93
5283,-0.54215000000000002,7.36720065000419844,94
5284,-0.22511999999999999,7.24860365495154113,95
5285,-0.29854999999999998,7.20824632319973713,96
5286,-0.29754999999999998,7.19135220966078137,97
5287,-0.17235000000000000,7.17080626671208154,98
5288,-0.13353999999999999,7.13307293285697153,99
5289,-0.24349000000000001,7.09814180242136938,100
5290,-0.49893999999999999,7.07753884071757700,101
5291,-0.08579299999999999,7.04314143563393191,102
5292,-0.08916399999999999,7.05495144327773893,103
5293,-0.06707000000000000,7.52794113009042132,104
5294,-0.24873999999999999,7.96521094702179777,105
5295,-0.92110000000000003,8.32624144916996656,106
5296,-0.46999999999999997,8.60297383830405771,107
5297,-0.38045000000000001,8.85749809019995027,108
5298,-0.43458999999999998,9.07328486423292091,109
5299,-0.39062999999999998,9.22492167295254184,110
5300,-0.44220999999999999,9.37756394382405745,111
5301,-0.38514999999999999,9.41176587828930522,2006
5302,-0.03090400000000000,9.45526079826806765,113
5303,-0.20912000000000000,9.35632928661307162,114
5304,0.03016700000000000,9.30766246953739262,115
5305,-0.39235999999999999,9.26256898051628141,116
5306,-0.12767000000000001,9.26934843719514490,117
5307,-0.19536999999999999,9.27995103901128005,4105
5308,-0.20655000000000001,9.21580548251845499,4106
5309,-0.15664000000000000,9.21891698950271099,4107
5310,-0.14863999999999999,9.26521088439644913,4108
5311,-0.40949000000000002,9.33563702951552443,4109
5312,-0.17666000000000001,9.33380562745257869,4110
5313,-0.25296999999999997,9.37996707045706835,4111
5314,-0.79232000000000002,9.43837863766417584,4112
5315,-0.93413999999999997,9.41432378938356784,4113
5316,-0.59643000000000002,9.29403705997446394,5734
5317,-0.47992000000000001,9.26359265734198267,5735
5318,-0.53654000000000002,9.22016026408544143,4116
5319,-0.62150000000000005,9.87029647973279012,130
5320,-0.50387999999999999,9.91350170816568088,131
5321,-0.50661000000000000,10.04808477754223972,7158
5322,-0.62014000000000002,10.09400104287965050,7155
5323,-0.66081999999999996,9.99896545529048630,7156
5324,-0.75165999999999999,9.87985398688027594,7157
5325,-0.70076000000000005,9.86825443389473378,7158
5326,-0.67059999999999997,9.82532166416967812,7159
5327,-0.84965999999999997,9.82462822534947300,7160
5328,-0.93879000000000001,9.78308513037126026,7161
5329,-1.08170000000000011,9.78450182160840143,7162
5330,-1.09830000000000005,9.82885753558569952,7163
5331,-0.74417000000000000,9.84492280936847308,7164
5332,-1.01950000000000007,10.04031026816837624,7165
5333,-0.98680999999999996,10.05847011292145510,144
5334,-1.10430000000000006,9.99546566502348988,145
5335,-0.48392000000000002,10.01278076910745618,146
5336,-1.04390000000000005,9.91885336496942038,147
5337,-1.08660000000000001,9.91580503854735795,148
5338,-1.12509999999999999,9.90034326431911182,149
5339,-1.19789999999999996,9.91118474046469444,150
5340,-1.18060000000000009,9.92087000308821487,151
5341,-1.20280000000000009,9.94874497595664842,152
5342,-1.18769999999999998,9.99109737512818086,153
5343,-1.10870000000000002,9.98119690788899838,154
5344,-1.11600000000000010,9.96291255240982565,155
5345,-1.18389999999999995,9.94444038214380654,156
5346,-1.05800000000000005,9.97396758781711412,157
5347,-1.15819999999999990,9.95928015131533861,158
5348,-1.27039999999999997,9.99704335631279761,159
5349,-1.26380000000000003,10.02294576475790855,160
5350,-1.24399999999999999,10.05021803952590531,161
5351,-1.25629999999999997,10.07936828764104398,162
5352,-1.20809999999999995,10.12605682413148145,163
5353,-1.27849999999999997,10.26809849420855336,163
5354,-1.28780000000000006,10.40187680116217983,164
5355,-1.23170000000000002,10.59491615161855727,165
5356,-1.29570000000000007,10.66816993720835249,4798
5357,-1.20649999999999991,10.76463038248473758,4799
5358,-1.20770000000000000,10.85113208200530366,4800
5359,-1.20150000000000001,10.97285489663973834,4801
5360,-1.17260000000000009,11.12268232411572910,4802
5361,-1.07410000000000005,11.22061127524804469,4803
5362,-1.08570000000000011,11.16384460639138787,5201
5363,-1.22280000000000011,11.26359015429177113,173
5364,-1.27990000000000004,11.27774723625232589,174
5365,-0.83216000000000001,11.30096208890259213,175
5366,-0.51907000000000003,11.22825107836698066,105
5367,-0.74734999999999996,11.15614729670865302,177
5368,-0.89081999999999995,11.10444810712519725,178
5369,-0.94006999999999996,10.98739100110625166,179
5370,-0.81691999999999998,10.84937557072840697,263
5371,-0.42825000000000002,10.73246671634922755,264
5372,-0.55266000000000004,10.69608837677879265,265
5373,-1.04119999999999990,10.75986294772597418,266
5374,-0.10247000000000001,10.71928926134013693,267
5375,-0.02117800000000000,10.71579897346920163,268
5376,0.05308400000000000,10.72887315432421218,269
5377,-0.25766000000000000,10.74787176613084760,116
5378,-0.45491999999999999,10.75025660111240811,117
5379,-0.51978999999999997,10.72374413073607791,118
5380,-0.44586999999999999,10.69041640684652172,119
5381,-0.40944000000000003,10.66892893893938776,120
5382,-0.44374000000000002,10.64662838829377378,41
5383,-0.20640000000000000,10.59772884691974681,42
5384,-0.50712000000000002,10.59354023544813828,43
5385,-0.34733000000000003,10.55401206795944979,44
5386,-0.29420000000000002,10.53797923991048435,45
5387,-0.32336999999999999,10.42103834519006256,5893
5388,-0.35126000000000002,10.31585171284553049,5894
5389,-0.39561000000000002,10.29266418833553765,5895
5390,-0.44540999999999997,10.25923133541901144,5896
5391,-0.70816000000000001,10.21909886284891655,5897
5392,-0.53374999999999995,10.13999127363957875,5898
5393,-0.73194999999999999,10.13091173265327249,5899
5394,-0.77527999999999997,10.10349711300179898,5900
5395,-0.61936999999999998,10.02409610519642413,5901
5396,-0.54091000000000000,9.96552618528289536,5902
5397,-0.56655000000000000,9.92434429300570464,5903
5398,-0.68225999999999998,9.88784787866680936,5904
5399,-0.62070999999999998,9.88073099044860825,5905
5400,-0.61895000000000000,9.90661107887124714,5906
5401,-0.74333000000000005,9.97717543122266015,5907
5402,-0.42188999999999999,10.11748994047787420,5908
5403,-0.96748000000000001,10.18814195579525084,5906
5404,-1.02210000000000001,10.31881504717679121,5907
5405,-1.04889999999999994,10.33255158278848462,5244
5406,-1.07170000000000010,10.27526603903390523,5245
5407,-1.08509999999999995,10.24746546102469580,5246
5408,-1.06469999999999998,10.22860245113490940,5247
5409,-1.14020000000000010,10.16606582309333362,5248
5410,-1.15290000000000004,10.21969252735581080,5249
5411,-1.03190000000000004,10.27073639998837074,5250
5412,-0.14818999999999999,10.31422339363231622,5251
5413,-0.14208999999999999,10.17587954757741464,5252
5414,-0.18775000000000000,9.91287657308860481,5253
5415,-0.17982000000000001,9.87779059062267351,5254
5416,-0.27627000000000002,9.54585322831134597,5255
5417,-0.35013000000000000,9.32003702544914781,5256
5418,-0.38672000000000001,9.18522266630605699,5257
5419,-0.45945999999999998,8.98997651303940692,5258
5420,-0.48263000000000000,8.80357314179831718,5259
5421,-0.97519000000000000,8.63383858147260952,5260
5422,-1.11460000000000004,8.60915022503393779,5261
5423,-1.21280000000000010,8.62409283679732042,5262
5424,-1.20579999999999998,8.65654146420574833,5263
5425,-1.11250000000000004,8.73642106194950330,5264
5426,-1.23229999999999995,9.37565605763798082,5265
5427,-1.26010000000000000,9.70571415654401548,316
5428,-1.25000000000000000,9.61399127118908758,4158
5429,-1.26970000000000005,9.12609478125141926,4474
5430,-1.24320000000000008,8.55062389171005499,4474
5431,-1.21429999999999993,8.07201323835411344,4474
5432,-1.19789999999999996,7.68048479472875822,4474
5433,-1.13060000000000005,7.37621446096430500,4475
5434,-1.08860000000000001,7.39078346995668856,4475
5435,-1.09359999999999991,7.51996652405178967,4475
5436,-1.11779999999999990,7.51931311147722781,4476
5437,-1.01610000000000000,7.58947630288327346,4477
5438,0.87665999999999999,7.60725156103236078,4478
5439,0.86623000000000006,7.42146898822232348,4479
5440,-1.03130000000000011,7.24005391288794442,4480
5441,-1.15999999999999992,7.24129573344964950,4481
5442,0.50782000000000005,7.23578752436557426,4482
5443,-0.11631000000000000,7.11755486635872980,4483
5444,-0.63338000000000005,7.08561646624787134,4484
5445,-0.83055000000000001,7.08023774860857813,4485
5446,-1.01639999999999997,7.12497408323884684,4486
5447,-1.26649999999999996,7.15923610508470887,4487
5448,-0.92112000000000005,7.18842072318853909,4488
5449,-0.66127999999999998,7.22138883862179792,4489
5450,-0.92750999999999995,7.23836812395519758,4490
5451,0.05147000000000000,7.21546152470321633,5055
5452,-0.04760600000000000,7.21246238200176837,5056
5453,-0.12537999999999999,7.20444334795378438,5057
5454,-0.56333999999999995,7.18527994807113934,5058
5455,-0.63475999999999999,7.16877062070234405,5059
5456,-0.49386999999999998,7.21072334576574914,5060
5457,-0.36332999999999999,7.23085028906599181,5061
5458,-0.49210999999999999,7.25794212458382404,5062
5459,-0.42845000000000000,7.24601714928395246,5063
5460,-0.55755999999999994,7.24068871625056332,4500
5461,-0.58635999999999999,7.22790806094832128,4501
5462,-0.29649999999999999,7.19691653658211195,5066
5463,-0.24038000000000001,7.22298339427840475,5067
5464,-0.23727999999999999,7.23186399166900085,5068
5465,-0.47649000000000002,7.26091872371499925,5069
5466,-0.24348000000000000,7.27628447596687256,5070
5467,-0.50029999999999997,7.29438169865685726,5071
5468,-0.34709000000000001,7.27691395366372973,5072
5469,-0.30302000000000001,7.23172356676320582,3594
5470,-0.30403000000000002,7.27654579278450253,596
5471,-0.36875000000000002,7.23337029174461055,597
5472,-0.34178999999999998,7.23458638809090893,598
5473,-0.51768999999999998,7.22249782024532738,599
5474,-0.32113999999999998,7.20919150830273114,600
5475,-0.50339000000000000,7.16948400178555545,601
5476,-0.65569999999999995,7.14565424121432002,602
5477,-0.63476999999999995,7.12508551602120033,603
5478,-0.66374000000000000,7.10215737802679659,604
5479,-0.69791999999999998,7.07988597789394802,605
5480,-0.62573000000000001,7.06065410324073550,606
5481,-1.05719999999999992,7.03455823944668079,607
5482,-1.09180000000000010,7.03344166591711328,608
5483,-1.09709999999999996,7.03289568773215290,609
5484,-1.04740000000000011,7.03248842666987350,610
5485,-1.04360000000000008,6.93202237803135723,3610
5486,-1.03309999999999991,6.81200801978852954,3611
5487,-0.95652000000000004,6.53525303092032317,3692
5488,-1.09159999999999990,6.40169637328232533,3693
5489,-1.08980000000000010,6.37221127671279319,3694
5490,-1.17310000000000003,6.37532625994006796,3695
5491,-1.14339999999999997,6.38286002024263155,3696
5492,-0.45088000000000000,6.39035823684193272,3697
5493,-0.34278999999999998,6.34606844606492349,3698
5494,-1.26010000000000000,6.29566233491758798,3699
5495,-1.21419999999999995,6.30991944907207625,3700
5496,-1.20290000000000008,6.39015646316504160,3701
5497,-1.16880000000000006,6.39549369754855146,3702
5498,-1.11250000000000004,6.41009541649671721,3703
5499,-1.08060000000000000,6.55772658385634610,3704
5500,-1.11739999999999995,6.67063950858673138,3625
5501,-1.32879999999999998,6.72101978039143866,3626
5502,-1.12860000000000005,6.74092975431035502,3627
5503,-1.16440000000000010,6.74926092599972716,3628
5504,-1.22419999999999995,6.83739761048605299,3629
5505,-1.22120000000000006,6.93326419192422883,3630
5506,-1.26899999999999991,7.10455305235339285,3631
5507,-1.23790000000000000,7.22161717409480897,3309
5508,-1.24590000000000001,7.24915495258902087,3310
5509,-1.34119999999999995,7.30493409238197611,3311
5510,-1.32390000000000008,7.43589885168358400,3312
5511,-1.28469999999999995,7.64387063073848605,3313
5512,-1.26859999999999995,7.75579063309854799,3717
5513,-1.26699999999999990,7.79876451201156939,3718
5514,-1.31309999999999993,7.81105496340753458,3719
5515,-1.30780000000000007,7.81881784433986304,3720
5516,-1.31729999999999992,7.83684745104069247,3721
5517,-1.06410000000000005,7.85411516539089938,3722
5518,-1.07109999999999994,7.86787931147838382,3723
5519,-1.11460000000000004,7.88018588897063399,3724
5520,-1.04869999999999997,7.85482687516268552,1974
5521,-1.19769999999999999,7.83302898497939637,1974
5522,-1.23090000000000011,7.79234843065586791,1976
5523,-1.12880000000000003,7.73076220692859195,1977
5524,-1.10349999999999993,7.69612925821915006,1978
5525,-1.10410000000000008,7.64759141494267425,1979
5526,-0.98870000000000002,7.62050059539679303,1979
5527,-0.76920999999999995,7.63344395980387791,1981
5528,-0.58204000000000000,7.83690262454091080,1982
5529,-0.33067999999999997,7.96734290819747581,3734
5530,-0.43642999999999998,7.98684974888678578,3734
5531,-0.27065000000000000,8.09471008425150451,3735
5532,-0.92545999999999995,8.28986002744392358,3736
5533,-0.03428300000000000,8.29880530566430252,3335
5534,-0.01498800000000000,8.41761343882597224,3336
5535,-0.06159400000000000,8.54905595746176594,3337
5536,-0.42403999999999997,8.52536125881236018,3338
5537,-0.60750999999999999,8.50949646915517910,3339
5538,-0.54940999999999995,8.49334907227469671,3340
5539,-0.34414000000000000,8.47899173513479276,3341
5540,-0.16066000000000000,8.47027189978069828,3744
5541,-0.26195000000000002,8.42730592677957269,3745
5542,-0.61538999999999999,8.43090459319430074,3746
5543,-0.63056000000000001,8.44667748637283999,3747
5544,-0.73597000000000001,8.34250836449541566,3346
5545,1.64820000000000011,7.96569570669477489,3347
5546,1.77489999999999992,8.15785963870115616,3348
5547,1.84719999999999995,8.09836440028813520,7117
5548,1.64009999999999989,8.28396001261732806,7117
5549,1.79279999999999995,8.51893180431215136,7118
5550,2.47840000000000016,8.78850929694642602,7119
5551,2.50979999999999981,9.07808383481337522,6186
5552,2.48620000000000019,9.22751329561199007,6186
5553,2.46589999999999998,9.17314654596995105,4494
5554,1.88809999999999989,8.68037111186141530,4495
5555,-0.15754000000000001,8.27492087198231907,4496
5556,-0.24771000000000001,8.29601678700662504,4497
5557,-0.67020000000000002,8.30781531841783050,4498
5558,-0.72667999999999999,8.54292497965378850,4499
5559,-0.49936999999999998,8.82846748268674197,4500
5560,-0.64822000000000002,8.74541425250897042,4502
5561,-0.63129999999999997,8.52502713301895376,4503
5562,-0.54364000000000001,8.52306486081173986,4504
5563,-0.48880000000000001,8.51297460656297567,4505
5564,-0.93310000000000004,8.49511766660560319,4506
5565,-1.01619999999999999,8.51934072476520399,4507
5566,-0.96225000000000005,8.53933303071750771,4508
5567,-1.06899999999999995,8.51962154126697158,4509
5568,-1.05160000000000009,8.51609512881429254,4510
5569,-1.13809999999999989,8.51000503301862388,4511
5570,-1.23809999999999998,8.50697945643548259,4512
5571,-1.22130000000000005,8.52161778773451317,4513
5572,-1.20090000000000008,8.53111807500693864,4514
5573,-1.19979999999999998,8.55832749390572900,4515
5574,-1.17240000000000011,8.57719086206347292,4516
5575,-0.44302000000000002,8.61694060378054516,4517
5576,-0.50075000000000003,8.56834807058953807,4518
5577,-0.61390000000000000,8.54295195636925619,4519
5578,-0.76583999999999997,8.55139425668544284,4520
5579,-0.83286000000000004,8.57585582280706760,4521
5580,-0.80291999999999997,8.57169734129004901,4522
5581,-1.27580000000000005,8.52003269783731376,5737
5582,-1.27869999999999995,8.41148805668196076,5738
5583,-1.30309999999999993,8.34844807597588812,5739
5584,-1.23279999999999990,8.29111188925156384,5740
5585,-1.26849999999999996,8.30830439650163299,5741
5586,-1.19569999999999999,8.25226882046790422,5742
5587,-1.27330000000000010,8.26502376688597984,5743
5588,-1.26689999999999992,8.37331596974916970,5744
5589,0.49009999999999998,8.48332303633033469,5745
5590,0.61770999999999998,8.47298600427557780,5746
5591,0.47974000000000000,8.46381239980929934,5747
5592,-1.24710000000000010,8.33364312890989645,5748
5593,-1.12840000000000007,8.22307148982014269,5749
5594,-1.13749999999999996,8.13155163208087473,5750
5595,-1.11090000000000000,8.29165627119003013,5751
5596,-1.16230000000000011,8.50490077605456030,5752
5597,-1.00879999999999992,8.53876833886074849,383
5598,-0.98934999999999995,8.56011502836850546,384
5599,-0.99234999999999995,8.57992807840648375,385
5600,-1.00899999999999990,8.60188725534480270,386
5601,-1.11389999999999989,8.68054116309190071,387
5602,-1.13220000000000010,8.73915168078008975,4544
5603,-1.24279999999999990,8.77152801451627440,4545
5604,-1.33670000000000000,8.79234638267410595,4546
5605,-1.35139999999999993,8.81493597397457052,4547
5606,-1.35759999999999992,8.83709048269674291,4548
5607,-1.23530000000000006,8.92077024958015308,4549
5608,-1.14040000000000008,8.94207061447566076,4550
5609,-0.92981999999999998,8.88731727031728269,5688
5610,-1.13949999999999996,8.77495413610744812,5689
5611,-1.18280000000000007,8.67375206576518032,5767
5612,-1.22080000000000011,8.59040545346891093,5768
5613,-1.36850000000000005,8.54142245812650458,5769
5614,-1.63189999999999991,8.61930916937379621,640
5615,-1.60410000000000008,8.82980449847936555,641
5616,-1.55360000000000009,8.79918731288663203,560
5617,-1.52970000000000006,8.76722248128428738,561
5618,-1.44490000000000007,8.80695553544829046,562
5619,-1.26990000000000003,8.84443791147422687,563
5620,-0.15279000000000001,8.89092211371538710,564
5621,-0.77068999999999999,8.83832223067203770,565
5622,-0.82562999999999998,8.86909999084855194,566
5623,-0.95435999999999999,8.89891680206539171,567
5624,-0.73701000000000005,8.91845849133822277,568
5625,-0.58504999999999996,8.93195794518563702,569
5626,-0.49029000000000000,8.93203155223447176,570
5627,-0.72157000000000004,8.95653080506641430,571
5628,-0.43014999999999998,8.91614015760923451,572
5629,0.17055999999999999,8.87900868116277486,573
5630,0.46229999999999999,8.90979224909570533,574
5631,0.35560000000000003,8.96696363364426929,575
5632,0.34343000000000001,9.04096795265129138,576
5633,-0.32840000000000003,9.11422206433038440,577
5634,-0.14671999999999999,9.08462208233091317,578
5635,-0.07788000000000000,9.08139952212217949,579
5636,-0.09284100000000001,9.08203467303284206,580
5637,-0.10503999999999999,9.07868729200669122,581
5638,-0.26003999999999999,9.05695515726065992,582
5639,-0.44316000000000000,9.06450223620834628,583
5640,-0.61772000000000005,9.06337039711475612,584
5641,-0.72872000000000003,9.03964084664207057,585
5642,-0.70291000000000003,9.00931620496182184,586
5643,-0.72902000000000000,8.97621911991354260,587
5644,-0.67088000000000003,8.94580800961878353,588
5645,-0.72111999999999998,8.89126801948068213,589
5646,-0.50754999999999995,8.71474272925035542,590
5647,0.80879000000000001,8.51065012797947595,591
5648,1.02200000000000002,8.62226686917092167,592
5649,1.04919999999999991,8.79126755568917062,593
5650,1.10880000000000001,8.98264230289739452,594
5651,0.97894999999999999,9.18963097613980828,595
5652,1.00879999999999992,9.40327717902303029,596
5653,0.37737999999999999,9.63535224168368387,597
5654,0.36935000000000001,9.63828884104995609,599
5655,-1.21619999999999995,9.55062886858735993,600
5656,-1.06560000000000010,9.46613141920602708,5733
5657,-1.18419999999999992,9.12701277417878032,5734
5658,-1.06929999999999992,8.93973614711151754,5735
5659,-0.61051000000000000,8.60544596980966148,5737
5660,-0.62924999999999998,8.34616945440357227,5737
5661,-0.42570999999999998,8.26286527321894226,5738
5662,-0.39349000000000001,8.25355036245531082,5739
5663,-0.47893000000000002,8.25962535328704384,5740
5664,-0.45959000000000000,8.24797594108249221,5741
5665,-0.62446000000000002,8.24601821248375799,5742
5666,-0.57864000000000004,8.21825713658621204,5743
5667,-1.09230000000000005,8.31091828298594493,5744
5668,-1.05400000000000005,8.36895741138125437,5745
5669,-0.93213999999999997,8.40962362276877329,5746
5670,-0.93652999999999997,8.39234393413808100,5747
5671,-1.00940000000000007,8.35078375937374950,5748
5672,-0.93815999999999999,8.32156113047621915,5749
5673,-0.92117000000000004,8.33622116021674486,5750
5674,-0.92130999999999996,8.45020223192826592,5751
5675,-0.91195000000000004,8.59219560483151312,5752
5676,-0.93140999999999996,8.72943358369633238,5753
5677,0.80496000000000001,8.83267884777728263,5754
5678,0.78730999999999995,8.82390176977483520,5755
5679,0.77395000000000003,8.81227262875534478,5756
5680,0.80020999999999998,8.65514193597962311,71
5681,-0.77015000000000000,8.20781822796369021,72
5682,-0.75851000000000002,8.16116120843836157,73
5683,-0.67552000000000001,8.11399194182178540,74
5684,-0.41859000000000002,8.06036036216552532,75
5685,-1.02930000000000010,8.10903996083111345,76
5686,-1.06160000000000010,8.10624959719428873,77
5687,-0.96511999999999998,8.20278442184596379,78
5688,-1.06119999999999992,8.18037565509137821,79
5689,-1.31709999999999994,8.16463847465580272,80
5690,-1.33380000000000010,8.24075433928634737,81
5691,-1.25540000000000007,8.32715666924647202,82
5692,-1.46259999999999990,8.41803479646393349,83
5693,-1.33719999999999994,8.52596086900903138,84
5694,-1.62309999999999999,8.64749030804134833,85
5695,-1.40129999999999999,8.59992224044838593,4461
5696,-1.56810000000000005,8.59222893631347340,4462
5697,-1.60810000000000008,8.58122504642708606,4463
5698,-1.52909999999999990,8.56558602000883695,4464
5699,-1.29570000000000007,8.57487420424270042,4465
5700,-1.54620000000000002,8.59691455923202241,4466
5701,-1.60810000000000008,8.61853215955401630,4467
5702,-1.36539999999999995,8.74917525191507472,4467
5703,-1.19930000000000003,8.67298237776868142,334
5704,-1.03469999999999995,8.45115116857036597,335
5705,-0.56018000000000001,8.27058583450265061,336
5706,1.13310000000000000,8.19722765860178626,337
5707,0.08867899999999999,8.18070912162697539,338
5708,0.12371000000000000,8.20739526109137074,339
5709,0.18386000000000000,8.23249396316910342,340
5710,0.01146400000000000,8.27318825314568329,341
5711,0.38828000000000001,8.28968684598848782,342
5712,0.37589000000000000,8.33967196551127721,343
5713,0.27484999999999998,8.38271961772996654,344
5714,-0.47686000000000001,8.43651986520819364,345
5715,-0.62734999999999996,8.40386971000751259,346
5716,-0.66769000000000001,8.32621526629261766,347
5717,-0.64183999999999997,8.21607961774527773,348
5718,-0.70204999999999995,8.05083166229477598,349
5719,-0.67427000000000004,7.96814691569183253,350
5720,-0.68581999999999999,7.78855689028571252,351
5721,-0.63929999999999998,7.60508455531328398,352
5722,-0.62812000000000001,7.43397245887737235,353
5723,-0.57525000000000004,7.27285887180764234,354
5724,-0.52042999999999995,7.24645578487073116,355
5725,-0.43403999999999998,7.18404224195916807,356
5726,0.57323999999999997,7.11513048526365743,358
5727,0.87504000000000004,7.19182231667952365,358
5728,0.92476999999999998,7.28226595343355942,360
5729,0.82011000000000001,7.37424363984147302,360
5730,0.92613999999999996,7.49301628076602722,361
5731,0.66822999999999999,7.63558002751462261,362
5732,0.65495999999999999,7.77242082174422677,363
5733,0.81261000000000005,7.91495813092771971,364
5734,0.62734000000000001,8.06355012496612744,365
5735,0.72174000000000005,8.23113033210094436,366
5736,0.83757000000000004,8.40204534898035327,367
5737,-0.51039999999999996,8.11086833503462401,5483
5738,-0.55915000000000004,8.10436143569499379,5484
5739,-0.48929000000000000,8.08832083250425349,5485
5740,-0.48232000000000003,8.06373014001331079,5486
5741,-0.45873000000000003,8.14861765345806077,5487
5742,-0.49032999999999999,8.18598394851079192,5488
5743,-0.68389999999999995,8.21825713658621204,5666
5744,-0.61007999999999996,8.22684607723224914,615
5745,-0.63017000000000001,8.22720063798347567,5491
5746,-0.38479000000000002,8.21480051256233779,5492
5747,-0.54788999999999999,8.22721352321754118,5493
5748,-0.58947000000000005,8.33364312890989645,5592
5749,-0.56633000000000000,8.22307148982014269,5593
5750,-0.60994000000000004,8.12898360564580891,538
5751,-0.37622000000000000,7.96041231642882785,539
5752,-0.39962999999999999,7.83474766615950990,622
5753,-0.39760000000000001,7.73470992486503039,623
5754,-0.45595999999999998,7.62677195963596599,460
5755,-0.38485999999999998,7.48747715260948432,461
5756,-0.39205000000000001,7.34857769809557038,462
5757,-0.50748000000000004,7.30504591298929906,462
5758,-0.53537999999999997,7.32595021829851056,463
5759,-0.58287000000000000,7.30704414127374680,464
5760,-0.77737999999999996,7.30045798660202117,465
5761,-0.85214999999999996,7.30851903106151823,466
5762,-0.85519999999999996,7.36321840117428295,467
5763,-0.72380000000000000,7.41050867539390978,468
5764,-0.73270999999999997,7.34740284325561088,470
5765,-0.76549999999999996,7.26001076561616987,471
5766,-0.75853000000000004,7.16760238751794709,472
5767,-0.80681000000000003,7.07321680525653207,473
5768,-1.42829999999999990,6.99129280347756499,474
5769,-1.63579999999999992,6.91882421628247535,475
5770,-1.53489999999999993,7.04324900129121367,476
5771,-1.71589999999999998,7.20871043748840723,641
5772,-1.55489999999999995,7.21122125223363231,642
5773,-1.51590000000000003,7.23572449914397886,643
5774,-1.53649999999999998,7.26701216369097214,644
5775,-1.37359999999999993,7.62014553665591166,645
5776,-0.98441000000000001,7.86742649126223448,240
5777,-0.45128000000000001,7.82384136397232233,241
5778,-0.72409999999999997,7.71469287447150975,242
5779,-1.28029999999999999,7.64641584723727075,243
5780,-1.57519999999999993,7.63146742000883105,244
5781,-1.13420000000000010,7.62862295777532751,245
5782,-0.62892999999999999,7.61151059612633318,246
5783,-0.19023999999999999,7.56632703048205979,247
5784,0.00676840000000000,7.82924896893637801,248
5785,0.00493480000000000,8.05989931218769051,250
5786,0.00378810000000000,8.22006369841347428,251
5787,-0.08848800000000000,8.18880729695342069,252
5788,0.02796900000000000,8.13903982988583863,253
5789,-0.08124400000000000,8.10255800201225895,254
5790,-0.05738000000000000,8.07002288323424288,255
5791,-0.03724200000000000,8.03953850904543366,256
5792,-0.16943000000000000,8.00641689910593968,257
5793,-0.23727999999999999,7.97067280548058932,258
5794,-0.32696999999999998,7.93770032971484785,259
5795,-0.35597000000000001,7.90589155496997442,260
5796,-0.39966000000000002,7.83980960442354391,261
5797,-0.40784999999999999,7.76412258075143225,262
5798,-0.40484999999999999,7.68666652625154079,263
5799,0.15906999999999999,7.92187290369471953,264
5800,0.42423000000000000,8.21538914145550692,265
5801,0.51349000000000000,8.51234047898703494,267
5802,0.49691999999999997,8.80051345862129253,268
5803,0.63338000000000005,9.06666922824355304,269
5804,0.73675000000000002,9.30801627149089406,270
5805,1.08390000000000009,9.35244361579463401,271
5806,0.90571999999999997,9.37368955370136270,272
5807,0.95933999999999997,9.42628170819372713,273
5808,0.91554999999999997,9.48697938187367562,273
5809,-0.38112000000000001,9.54641550052261323,40
5810,-0.44785999999999998,9.48362350010707544,276
5811,-0.43376999999999999,9.37734794948805472,276
5812,-0.45749000000000001,9.28092573390930298,277
5813,-0.44645000000000001,9.17487499000142570,279
5814,-0.39550999999999997,9.07070041869779509,280
5815,-0.40154000000000001,8.98098477697052111,280
5816,-0.36014000000000002,8.90661067054796796,281
5817,-0.43056000000000000,8.83618864172522223,282
5818,-0.47486000000000000,8.77587840966326915,283
5819,-0.49131999999999998,8.75336655794581908,284
5820,-0.47913000000000000,8.71494205656669685,51
5821,-0.54964000000000002,8.66111323001967470,52
5822,-0.63510999999999995,8.62801507083092645,53
5823,-0.61875999999999998,8.64605981884006880,54
5824,-0.61855000000000004,8.65384472346315547,55
5825,-0.60535000000000005,8.68360584137702674,56
5826,-0.58055000000000001,8.73770800645715973,57
5827,-0.55118999999999996,8.77610393924110177,207
5828,-0.57482999999999995,8.62306825886308914,208
5829,-0.52451000000000003,8.50132865555902306,209
5830,-0.53652999999999995,8.35851950992216608,210
5831,-0.55386999999999997,8.23163722063351955,211
5832,-0.58957000000000004,8.12770792672265330,212
5833,-0.46988999999999997,7.97758457183825076,213
5834,-0.37441999999999998,7.83251488654320482,214
5835,-0.39750000000000002,7.74609936268810362,215
5836,-0.39107999999999998,7.65574008348511637,216
5837,-1.00520000000000009,7.55461713929860412,217
5838,-1.01530000000000009,7.49456472627440284,218
5839,-1.01160000000000005,7.43740646190074983,219
5840,-1.01760000000000006,7.38406250065188186,220
5841,-1.01150000000000007,7.34280339238132385,221
5842,-1.25009999999999999,7.34026509074651656,222
5843,-0.69755000000000000,7.35956599852330751,223
5844,-0.98404999999999998,7.35052386903046795,224
5845,-0.98182000000000003,7.36131265614580510,225
5846,-1.34729999999999994,7.37871991195459653,226
5847,-1.33479999999999999,7.39988701608257227,227
5848,-1.35990000000000011,7.42976012236585337,228
5849,-1.45710000000000006,7.42033563667949725,229
5850,-1.49629999999999996,7.46151167073040877,230
5851,-1.50819999999999999,7.44826563681890530,231
5852,-1.61359999999999992,7.43762511557423878,232
5853,-1.64680000000000004,7.42918829582310458,233
5854,-1.68510000000000004,7.42361505492921836,234
5855,-1.60880000000000001,7.46543091594621444,235
5856,-1.59440000000000004,7.49326120809872709,236
5857,-1.62709999999999999,7.51718958062608156,237
5858,-1.62379999999999991,7.55204259974688519,238
5859,-0.84909000000000001,7.61029206275651227,239
5860,-0.22564999999999999,7.65671125520644669,240
5861,-0.37341999999999997,7.64198888986084590,241
5862,-0.10788000000000000,7.65851948334150912,242
5863,-0.93186999999999998,7.57510169536787803,243
5864,-0.97219999999999995,7.57270980163100038,244
5865,-0.78546000000000005,7.57914131001350810,245
5866,-0.67168000000000005,7.59037216483921640,246
5867,0.00221900000000000,7.59267265140545522,247
5868,0.35394999999999999,7.56079596246678598,248
5869,0.47720000000000001,7.53222910760712239,249
5870,0.89578999999999998,7.51955836023812729,250
5871,1.04770000000000008,7.73013726768776710,251
5872,1.03170000000000006,7.70906832177266121,252
5873,0.87758000000000003,7.69746781693392634,253
5874,0.72175999999999996,7.68705341369061657,254
5875,0.66449000000000003,7.64888797323781855,255
5876,0.49191000000000001,7.61495963150181687,256
5877,0.36202000000000001,7.57740699925824579,257
5878,-0.45845000000000002,7.53370777079557552,258
5879,-0.57516999999999996,7.48888183487458114,259
5880,-0.58586000000000005,7.44188229890151920,260
5881,0.46089999999999998,7.31184239800706148,261
5882,0.42730000000000001,7.29437497645234956,262
5883,0.62358999999999998,7.27171377629104931,263
5884,0.68594999999999995,7.25900219174402750,264
5885,0.80240999999999996,7.25189932271624027,265
5886,0.82657999999999998,7.25130496664749913,266
5887,0.80013999999999996,7.25378111106617673,267
5888,0.83701999999999999,7.25377135870370804,268
5889,-0.34283999999999998,7.25958287942619940,269
5890,-0.62963000000000002,7.14868973514924555,270
5891,-0.58248999999999995,6.99488186075202556,271
5892,-0.52868000000000004,6.88832174499471162,272
5893,-0.50824000000000003,6.73701064274709882,273
5894,0.73060000000000003,6.54586858164879981,274
5895,0.92505999999999999,6.56215775670162671,275
5896,0.94388000000000005,6.59440338926785952,276
5897,0.88082000000000005,6.62758875542821535,277
5898,0.87792999999999999,6.65591233435747576,278
5899,0.90076000000000001,6.69756030639162070,279
5900,0.83918999999999999,6.76711565845274787,280
5901,0.92635999999999996,6.80237282400373644,281
5902,0.83216000000000001,6.84289036037746534,282
5903,-0.99780999999999997,6.84128880435891862,284
5904,-0.99695999999999996,6.87220732048177929,285
5905,-1.07230000000000003,6.92125423352592328,286
5906,-1.01110000000000011,7.03654435807688028,287
5907,-1.06089999999999995,7.25083145940593443,288
5908,-1.06099999999999994,7.46030511899454929,132
5909,-1.02639999999999998,7.17303396876860333,133
5910,-1.01079999999999992,6.90247722281451015,134
5911,-1.09030000000000005,6.89206411336923797,135
5912,-1.09200000000000008,6.87667427646947882,136
5913,-1.04329999999999989,6.87963379667883146,137
5914,-1.04540000000000011,6.90981639277879189,138
5915,-1.06539999999999990,6.97552201121936299,139
5916,-1.05820000000000003,7.04810751721377393,140
5917,-1.01839999999999997,7.02401923073586332,141
5918,0.66020999999999996,7.02512420542343730,142
5919,0.70721000000000001,7.08419876818724070,143
5920,0.73524000000000000,7.07114280984181409,144
5921,0.74995000000000001,7.11158837617576012,145
5922,0.71013000000000004,7.13823142594352422,146
5923,0.59941000000000000,7.16036146085304459,147
5924,-0.69694999999999996,7.16905583218003528,148
5925,-0.71453999999999995,7.41047160550059214,149
5926,-0.81333000000000000,7.64792743159869381,150
5927,-0.79754999999999998,7.86900095735186422,151
5928,-0.78554000000000002,8.01706373035017528,152
5929,-0.98870000000000002,8.22654860269139121,153
5930,-1.21639999999999993,8.47100398095690466,154
5931,-1.38949999999999996,8.69047814897209747,155
5932,-1.58600000000000008,8.92614807788480036,156
5933,-1.68340000000000001,9.09776027230594053,157
5934,-1.70219999999999994,9.30665659467469908,158
5935,-1.71649999999999991,9.53593803373280835,159
5936,-1.59680000000000000,9.74279876962452995,6092
5937,-1.59000000000000008,9.69860684879897583,6093
5938,-1.63959999999999995,9.73764676761399883,6094
5939,-1.70249999999999990,9.78181841422020426,6095
5940,-1.43759999999999999,9.83265652901481779,6096
5941,-0.91488999999999998,9.85902913123134716,6097
5942,-0.33650999999999998,9.85028343615195290,6098
5943,-0.22284000000000001,9.78876741876978151,6099
5944,-0.14540000000000000,9.72988026899382064,6099
5945,0.04933400000000000,9.66810242608145742,6100
5946,-0.84555999999999998,9.65012447635164961,6101
5947,-1.33959999999999990,9.60795551817790816,6102
5948,-1.31250000000000000,9.50999708299685054,6103
5949,-1.50659999999999994,9.53235556441445731,6104
5950,-0.73338000000000003,9.50464450333607047,6106
5951,-0.19836000000000001,9.43880440764365325,6107
5952,0.27622000000000002,9.41463499416810556,6108
5953,0.91361000000000003,9.41804076819928149,6109
5954,1.12599999999999989,9.46153191676098437,6110
5955,1.30190000000000006,9.51980854694024892,6110
5956,1.33200000000000007,9.51101111838754676,180
5957,1.32200000000000006,9.49789776903071292,181
5958,1.20760000000000001,9.49157921031523877,182
5959,1.07980000000000009,9.48998586525257437,183
5960,0.83335000000000004,9.46587961366347841,3009
5961,0.48583999999999999,9.25417917154236314,3010
5962,0.30937999999999999,9.07395438625369266,3011
5963,0.30875000000000002,8.93153748136302994,3012
5964,0.26138000000000000,8.99270950573845695,3013
5965,0.21745000000000000,8.86608238336767407,3014
5966,0.28499999999999998,8.77284292834757196,3014
5967,0.27396999999999999,8.69059425853092726,3015
5968,0.72907999999999995,8.66716872927809590,3016
5969,0.83943000000000001,8.70886203886215604,3017
5970,0.87492000000000003,8.62580581867239182,3019
5971,0.90300999999999998,8.53578938319710012,3020
5972,0.90429999999999999,8.47266987876073330,3020
5973,0.85048999999999997,8.37516029848506705,3022
5974,0.30062000000000000,8.29034448867615126,3023
5975,0.36584000000000000,8.22198079014285810,3024
5976,0.59152000000000005,8.15168012132493658,3025
5977,0.48346000000000000,8.06468877083674585,3026
5978,0.33320000000000000,8.10138588366056922,3026
5979,0.31069000000000002,8.15687900124289911,3027
5980,0.34261000000000003,8.22284260061637973,3028
5981,0.32962999999999998,8.32403500679459718,3029
5982,0.79098000000000002,8.41097462458067469,3030
5983,0.82747999999999999,8.46806846530460255,2825
5984,0.76797000000000004,8.65842658705528834,2824
5985,0.61343000000000003,8.73398024434154863,2825
5986,0.62726999999999999,8.56457659873797894,2826
5987,0.78439000000000003,8.35533739705893375,3710
5988,0.86070999999999998,7.97503098722312220,3711
5989,0.74461999999999995,7.59791362516085833,3712
5990,-1.07759999999999989,7.22563007198011320,6147
5991,-1.12850000000000006,7.07356983203998801,6148
5992,-1.18429999999999991,6.95509215258453306,6149
5993,-1.19730000000000003,6.94479968187855690,6150
5994,-1.08000000000000007,6.95408894498676489,6151
5995,-1.18969999999999998,6.95961816320366555,6152
5996,-1.17340000000000000,6.97745123142225232,6153
5997,-1.13090000000000002,7.02448607037086514,6154
5998,-1.10690000000000000,7.13773925536635456,6155
5999,-1.09339999999999993,7.15921414732821226,3642
6000,-1.05750000000000011,7.17623414852939945,3643
6001,-1.07559999999999989,7.19018253344225666,3644
6002,-1.22259999999999991,7.20177476602337041,3645
6003,-1.37470000000000003,7.22619286532081784,3646
6004,-1.44130000000000003,7.27374915602080385,3647
6005,-1.45169999999999999,7.27890373570146387,6162
6006,-1.46389999999999998,7.23842765541241828,6163
6007,-1.47480000000000011,7.17272111598990048,6165
6008,-1.46669999999999989,7.04319183116774727,6166
6009,-1.49930000000000008,7.22658659090727529,6166
6010,-1.54180000000000006,7.39795123642781416,6168
6011,-1.61270000000000002,7.55140893308377592,6169
6012,-1.59369999999999989,7.58696250365699676,6170
6013,-1.58180000000000009,7.62167708555085888,6171
6014,-1.63030000000000008,7.65673814460988478,6172
6015,-1.59260000000000002,7.68554283755801748,6173
6016,-1.63850000000000007,7.72014438274115111,6174
6017,-1.36979999999999991,7.75864707218927663,6175
6018,-1.00269999999999992,7.78519326102274523,6176
6019,-0.63065000000000004,7.77081408614575864,6177
6020,-1.15149999999999997,8.08487303862129281,6178
6021,-1.41640000000000010,8.46361945243197944,6179
6022,-1.53750000000000009,8.48684676240433156,6180
6023,-0.54052000000000000,8.30505087540735509,3506
6024,-0.36968000000000001,8.25268397980228485,3507
6025,0.12198000000000001,8.15818089316178785,3508
6026,0.65081999999999995,8.15015986441229145,3509
6027,0.70840999999999998,8.25689755647060153,3510
6028,1.20239999999999991,8.37543868611912501,3511
6029,1.15310000000000001,8.59802032019602969,3672
6030,0.87729000000000001,8.76381580234787272,3673
6031,0.80296000000000001,8.91272789225915574,3674
6032,0.90083999999999997,9.10804282554932776,3675
6033,0.92393000000000003,9.32303194772920030,3516
6034,1.09380000000000011,9.40913308220306277,3517
6035,1.11589999999999989,9.49042886803689889,3518
6036,0.99283999999999994,9.50401990910567740,6195
6037,0.49553000000000003,9.29768615521175157,6196
6038,-1.15129999999999999,9.17010859078975749,6197
6039,-0.98301000000000005,9.15214542093180583,6198
6040,-1.19880000000000009,9.14091553339910412,6199
6041,-1.21239999999999992,8.95249190572785558,6202
6042,-1.24590000000000001,8.68115617625793945,6203
6043,-1.22970000000000002,8.46079760197165776,6204
6044,-1.28540000000000010,8.40912034078578330,6204
6045,-1.25920000000000010,8.26772315343759701,6204
6046,-1.29540000000000011,8.35292544469435150,6205
6047,-1.24910000000000010,8.36100924966522996,6289
6048,-1.27279999999999993,8.26076638064959923,3531
6049,-1.20900000000000007,8.21997832037210152,3532
6050,-1.22970000000000002,8.22166381392562684,3533
6051,-1.22510000000000008,8.25613318465754276,3534
6052,-0.97990999999999995,8.23305340437612365,6128
6053,-1.20789999999999997,8.20705510623722034,6129
6054,-1.21029999999999993,8.18221929039182960,6130
6055,-1.23520000000000008,8.15524396987732736,6131
6056,-1.21500000000000008,8.15198762873905736,6132
6057,-1.19760000000000000,8.34612290349078734,6133
6058,-1.18829999999999991,8.38884661694275913,3541
6059,-1.16940000000000000,8.38863668170611376,3542
6060,-1.21150000000000002,8.39053512758695419,6136
6061,-1.20490000000000008,8.50954284358982171,6137
6062,-1.19439999999999991,8.40363902366066107,3545
6063,-1.19219999999999993,8.22459734548354682,3546
6064,-1.15100000000000002,8.05880418355923922,3547
6065,-1.17920000000000003,7.86040285365789160,3548
6066,-1.18900000000000006,7.80151639376967410,3549
6067,-1.16890000000000005,7.95252262691650103,3549
6068,-1.16310000000000002,7.91043781230308163,3551
6069,-1.21799999999999997,7.68144672359523728,3552
6070,-1.18510000000000004,7.47336692405307090,3553
6071,-1.24950000000000006,7.31398000030926188,3554
6072,-1.23209999999999997,7.21449957960842081,3555
6073,-1.14630000000000010,7.29579023794009096,3556
6074,-1.13589999999999991,7.38545201058717460,3557
6075,-1.13549999999999995,7.74118185641898826,3558
6076,-1.13910000000000000,7.92865720920431283,3559
6077,-1.13369999999999993,8.04182888168614340,3561
6078,-1.15490000000000004,8.05801935576240957,3562
6079,-1.15470000000000006,8.07451290795983212,3563
6080,-1.12579999999999991,8.09030878245746798,3564
6081,-1.19029999999999991,8.11497618669860543,3565
6082,-1.15470000000000006,8.32948056041352736,3566
6083,0.51332999999999995,8.52842243965589830,3567
6084,-1.10840000000000005,8.32771526608557622,471
6085,-1.31549999999999989,8.48132133659975196,3568
6086,-1.19359999999999999,8.51182895981827237,3569
6087,-1.11789999999999989,8.57868511330276640,3570
6088,-1.07820000000000005,8.75657885733694563,3571
6089,-0.85189999999999999,8.93229115316096944,3572
6090,-0.78998999999999997,8.95163942585359784,4399
6091,-0.67861000000000005,8.92854048740059447,4400
6092,-0.72279000000000004,8.91775809051456037,4401
6093,-1.52780000000000005,8.90482263952683084,4402
6094,-1.58990000000000009,8.86441102496022104,4403
6095,-1.66270000000000007,8.79142938502625881,4404
6096,-1.45409999999999995,8.73942214392872607,4405
6097,-1.66060000000000008,8.70653018721359473,4406
6098,-1.45670000000000011,8.63944310309827479,4329
6099,-1.21120000000000005,8.52049976941043141,3665
6100,-0.35194999999999999,8.26304861009333536,3666
6101,-0.35085000000000000,8.21842683532391227,3667
6102,-0.21706000000000000,8.15282133324132907,3668
6103,-1.60759999999999992,8.14143818401736219,3669
6104,-1.15640000000000009,8.00533440634898419,3670
6105,0.04148400000000000,7.83271142285122579,3671
6106,-0.01540300000000000,7.79756725604129741,3511
6107,0.00625530000000000,7.61981443757572130,3512
6108,0.16486000000000001,7.45631869533418179,3513
6109,0.34266000000000002,7.40858005230237548,3514
6110,0.77932999999999997,7.42565642833616302,3515
6111,0.57701999999999998,7.50320354859377314,3516
6112,0.22300000000000000,7.56176924363722502,3517
6113,0.08187999999999999,7.42274348602487510,3439
6114,-0.01054300000000000,7.29696891598230035,3440
6115,-0.18561000000000000,7.28679293487504776,3441
6116,-0.39998000000000000,7.28207936996017313,3442
6117,-0.54164999999999996,7.27770185440329609,3443
6118,-0.58470000000000000,7.26827606726997910,3444
6119,-0.54961000000000004,7.25856548970239590,3445
6120,-0.54376999999999998,7.24721285654722447,3446
6121,-0.53464000000000000,7.22859385808317700,3447
6122,-0.51690000000000003,7.21110478550253831,3448
6123,-0.42525000000000002,7.20317735974218998,3449
6124,0.63653000000000004,7.20126386562455867,3450
6125,0.97792000000000001,7.25041955262175453,3451
6126,0.88065000000000004,7.17471505454323211,3695
6127,0.46205000000000002,6.71014739778218416,3534
6128,-1.00619999999999998,6.35865976001617828,3535
6129,-1.04010000000000002,6.38655949470328732,3536
6130,-1.15510000000000002,6.37958592789900436,3537
6131,-1.09719999999999995,6.37780120992089472,3538
6132,-1.11749999999999994,6.37709935219818824,3539
6133,-1.11379999999999990,6.38216780577843679,3540
6134,-1.16920000000000002,6.40142138603169286,3541
6135,-1.03970000000000007,6.40071466021265945,3542
6136,-1.08170000000000011,6.55716487784189450,3543
6137,-0.95757999999999999,6.70434515712075108,6220
6138,-1.00899999999999990,6.74663754884976896,6221
6139,0.54188000000000003,6.75180799703338597,6222
6140,0.81557000000000002,6.42917432258966492,6223
6141,-1.08079999999999998,5.94751541415489626,6224
6142,-1.09610000000000007,5.93087600486465494,6225
6143,-1.09830000000000005,5.97288262308834916,6226
6144,-1.16399999999999992,6.00245757093718879,6227
6145,-1.22069999999999990,5.97229050422307761,6228
6146,-1.05970000000000009,5.92920409521339575,6229
6147,-1.14339999999999997,5.86117145930716887,6230
6148,-1.15230000000000010,5.78370276167989950,6231
6149,-1.15999999999999992,5.66001753439402311,6232
6150,-1.15219999999999989,5.56425854765458716,6233
6151,-1.16460000000000008,5.56670275870363529,6234
6152,-1.15910000000000002,5.46861027702706171,6235
6153,-1.14870000000000005,5.39210555551567605,6236
6154,-1.13959999999999995,5.33411801683183473,6237
6155,-1.14339999999999997,5.28631113483321258,6238
6156,-1.16559999999999997,5.24943518046269286,6239
6157,-1.07780000000000009,5.22719830498587523,6240
6158,-1.09919999999999995,5.20613502087299551,6241
6159,-1.12890000000000001,5.18739387553910536,6242
6160,-1.10959999999999992,5.16793297796784223,6243
6161,-1.01150000000000007,5.15167744827161034,6244
6162,-0.92127000000000003,5.15306946097606833,6245
6163,-0.85897999999999997,5.13794510489453771,6246
6164,-0.48835000000000001,5.09057965247083288,6247
6165,-0.40998000000000001,4.97185809549099034,6248
6166,-1.39500000000000002,4.83784353859233285,6249
6167,-1.36109999999999998,5.19092460164776970,6250
6168,-1.51940000000000008,5.45066615902894025,6251
6169,-1.63250000000000006,5.66141902099247130,6252
6170,-1.69940000000000002,5.68514962944620539,6253
6171,-1.75590000000000002,5.69921686711963282,6254
6172,-1.51859999999999995,5.69998084613332168,6255
6173,-1.45649999999999991,5.70640876055833690,6256
6174,-1.57129999999999992,5.70622707089999448,6257
6175,-1.23130000000000006,5.72054532525500559,6258
6176,-0.40282000000000001,5.68037818232822023,6259
6177,-0.72650999999999999,5.65605326361578253,6260
6178,-1.27109999999999990,5.63317987540880249,6261
6179,-1.45290000000000008,5.63071885119164950,6262
6180,-0.27160000000000001,5.61448889212496471,6263
6181,0.57152000000000003,5.59103669621940114,6264
6182,0.56801999999999997,5.57803661821556851,6265
6183,0.80135000000000001,5.56613235573395304,6266
6184,0.89356999999999998,5.56941780746170245,6267
6185,1.10830000000000006,5.60969679864122295,6268
6186,1.35549999999999993,5.66224659941601693,6269
6187,1.30309999999999993,5.75497482671499050,6270
6188,1.45280000000000009,5.84553996518369789,6271
6189,1.28259999999999996,5.93176247721457184,6272
6190,1.11769999999999992,5.98921093072763888,6273
6191,0.92059000000000002,6.03848464455687139,6274
6192,0.35450999999999999,6.11607851439786643,6275
6193,0.30296000000000001,6.14518496121920776,6276
6194,-0.49508000000000002,6.17232493026333806,6277
6195,-0.43994000000000000,6.10537964450396320,6278
6196,-0.52832000000000001,6.05858001811964897,6279
6197,-0.67583000000000004,5.95742851913935567,6280
6198,-0.67262999999999995,5.81415712562105202,6281
6199,-0.64649000000000001,5.61089521256719159,6282
6200,-0.41854999999999998,5.42166529047942092,6283
6201,0.95609999999999995,5.29645695283003182,6284
6202,0.76482000000000006,5.36674987668686310,6285
6203,0.43884000000000001,5.45107744993638565,6286
6204,-1.24790000000000001,5.49132432304344942,6287
6205,-1.24429999999999996,5.06752520898329095,6288
6206,-1.23370000000000002,4.71037767188250456,6289
6207,-1.26720000000000010,4.66452170113002484,6289
6208,-1.22140000000000004,4.70263834024625371,6290
6209,-1.24350000000000005,4.70373651757620603,6291
6210,-1.16850000000000009,4.72461962398427815,6292
6211,-1.10460000000000003,4.76405080949635451,6293
6212,-1.07319999999999993,4.79977395792904460,6294
6213,-1.05010000000000003,4.79621662228088042,6295
6214,-1.08119999999999994,4.82297898834432548,6296
6215,-1.12709999999999999,4.81001841715620504,441
6216,-1.10509999999999997,4.79439619127576933,442
6217,-1.10860000000000003,4.79221065646136513,443
6218,-1.12139999999999995,4.82860100225504940,444
6219,-1.12400000000000011,4.82419213259537738,445
6220,-1.12300000000000000,4.83347075991027886,446
6221,-1.12040000000000006,4.84963404192937464,447
6222,-1.11559999999999993,4.94891156229597673,448
6223,-1.12030000000000007,4.98641517597175543,449
6224,-1.11830000000000007,4.99918096698470293,450
6225,-1.14149999999999996,5.03142337208631929,451
6226,-1.13339999999999996,5.39213235129932134,6308
6227,-1.12680000000000002,5.48492881456059234,6309
6228,-1.13250000000000006,5.60701281160444953,454
6229,-1.13650000000000007,5.56623353173160851,455
6230,-1.05830000000000002,5.49974983392094341,456
6231,-1.04230000000000000,5.42351569991545013,457
6232,-1.05909999999999993,5.36048574088508989,458
6233,-1.04449999999999998,5.29602712097970851,459
6234,-1.04230000000000000,5.25364477065291080,460
6235,-1.06089999999999995,5.17860691628676761,461
6236,-1.04269999999999996,5.10885310753480049,462
6237,-1.14119999999999999,5.07259658623500176,462
6238,-1.14240000000000008,5.21822022036963773,463
6239,-1.13789999999999991,5.13565894143116974,2836
6240,-1.12210000000000010,5.05242971950983755,2837
6241,-1.13389999999999991,4.99434809103225774,2838
6242,-1.09670000000000001,4.98497025963479512,2839
6243,-0.89412000000000003,4.93203084774912703,2840
6244,-1.02180000000000004,4.99384725366370130,2841
6245,-1.37280000000000002,5.05107782210573841,2842
6246,-1.41409999999999991,5.13794510489453771,6163
6247,-1.40050000000000008,5.09057965247083288,6164
6248,-1.41660000000000008,4.97185809549099034,6165
6249,-1.46819999999999995,4.83784353859233285,6166
6250,-1.52659999999999996,5.19092460164776970,6167
6251,-1.64769999999999994,5.45066615902894025,6168
6252,-1.68450000000000011,5.53252429482933294,2848
6253,-1.46829999999999994,5.51916101386476754,2849
6254,-1.30729999999999991,5.51903749604877270,2850
6255,-1.28140000000000009,5.51690802824804560,2851
6256,-1.25160000000000005,5.51766576056315472,2852
6257,-1.56869999999999998,5.51755317271998624,2853
6258,-0.67052000000000000,5.50526935356264069,2854
6259,-0.65346000000000004,5.47780270105145828,2855
6260,-1.01350000000000007,5.45069625149052328,2856
6261,-1.59769999999999990,5.44616285019234692,2857
6262,-1.05950000000000011,5.43517496388794985,2858
6263,0.05595000000000000,5.43351330022750201,2859
6264,0.18883000000000000,5.30244506450470432,2860
6265,0.20246000000000000,5.17207955730761526,2861
6266,0.45490999999999998,5.02260673270863922,2862
6267,0.97080000000000000,5.02917857650154687,2863
6268,1.02279999999999993,5.04375881352568722,2864
6269,1.46720000000000006,5.10079159348334343,2864
6270,1.33990000000000009,5.40019032707246804,2866
6271,1.17759999999999998,5.40386653842547826,2867
6272,0.89549999999999996,5.44365422808843569,2868
6273,0.76426000000000005,5.48104948153151295,2869
6274,1.01059999999999994,5.52470011971089559,2870
6275,0.71523000000000003,5.56693142298408450,2871
6276,0.39544000000000001,5.61322606369004440,2872
6277,0.43583000000000000,5.65487812447043581,2873
6278,0.37347000000000002,5.74577418779008742,2874
6279,0.53471000000000002,5.82680644886115218,2875
6280,0.53385000000000005,5.91592267183102649,2876
6281,0.69840999999999998,5.81415712562105202,6198
6282,0.63065000000000004,5.61089521256719159,6199
6283,0.64883999999999997,5.42166529047942092,6200
6284,0.57238999999999995,5.29645695283003182,6201
6285,0.91034000000000004,5.36674987668686310,6202
6286,0.88177000000000005,5.45107744993638565,6203
6287,0.41778999999999999,5.39605607574720825,6205
6288,0.35864000000000001,5.05404512392389016,6206
6289,-1.24900000000000011,4.66452170113002484,6207
6290,-1.22730000000000006,4.70263834024625371,6208
6291,-1.18029999999999990,4.70373651757620603,6209
6292,-1.15490000000000004,4.72461962398427815,6210
6293,-1.26770000000000005,4.76405080949635451,6211
6294,-1.27390000000000003,4.79977395792904460,6212
6295,-1.28079999999999994,4.79621662228088042,6213
6296,-1.25409999999999999,4.82297898834432548,6214
6297,-1.29679999999999995,4.83487016544119808,6215
6298,-1.24409999999999998,4.85218210240379388,6216
6299,-1.31010000000000004,4.87163140217765545,6217
6300,-1.28929999999999989,5.01167323996544667,6217
6301,-1.28820000000000001,5.14118206800107735,6219
6302,-1.27839999999999998,5.20107215296382641,6220
6303,-1.27069999999999994,5.26964898299351692,6221
6304,-1.24380000000000002,5.32092444990071822,6222
6305,-1.23520000000000008,5.41955300884317914,6223
6306,-1.24869999999999992,5.41582978463687148,6224
6307,-1.25150000000000006,5.40520228029062100,6225
6308,-1.25039999999999996,5.39213235129932134,6226
6309,-1.25170000000000003,5.48492881456059234,6227
6310,-1.26120000000000010,5.74247540900607500,6228
6311,-1.25790000000000002,6.07738519975118763,6228
6312,-1.29529999999999990,6.39051191221858161,6229
6313,-1.25810000000000000,6.41295757168074854,2668
6314,-1.24469999999999992,6.42519537753863634,2669
6315,-1.27639999999999998,6.43440357510436645,2670
6316,-1.24809999999999999,6.44355790578181686,2671
6317,-1.21829999999999994,6.45837954668135339,2672
6318,-1.19649999999999990,6.46624402611443561,2673
6319,-1.20750000000000002,6.46987625381018994,2674
6320,-1.22160000000000002,6.49121811423736261,2675
6321,-1.20209999999999995,6.51166513708649841,2676
6322,-1.13290000000000002,6.53015219956716297,2677
6323,-0.96667000000000003,6.55367272479663754,2678
6324,-1.14939999999999998,6.55071814910804484,2679
6325,-0.39971000000000001,6.79414639258785691,2679
6326,-0.55266000000000004,6.81673530373224779,2680
6327,-0.72531000000000001,6.90829449269670182,2681
6328,-1.16139999999999999,6.99011699149813204,2682
6329,-1.47970000000000002,7.07331153449580707,2683
6330,-1.61650000000000005,7.23423422163611374,2684
6331,-1.62070000000000003,7.35337252253126028,2685
6332,-1.31190000000000007,7.59106415585077254,2686
6333,-1.28849999999999998,7.59851498116932422,2687
6334,-1.04960000000000009,7.60510018338425642,2688
6335,-1.08260000000000001,7.59841434535797955,2689
6336,-1.07709999999999995,7.59302803487608724,2690
6337,-1.72760000000000002,7.58589268081706880,2691
6338,-1.30669999999999997,7.57344366263162350,2692
6339,-0.93113999999999997,7.57604495388771682,2693
6340,-0.86492000000000002,7.56538555663626600,2694
6341,-0.33337000000000000,7.54614590255191064,2695
6342,-0.60484000000000004,7.47122385640365305,2696
6343,-1.29509999999999992,7.44597742466768242,2697
6344,-1.46799999999999997,7.45460362404380650,2698
6345,-1.67070000000000007,7.44240189826076826,2699
6346,-0.41422999999999999,7.42783624893952776,2700
6347,0.15211000000000000,7.42214000622038927,2701
6348,0.44230000000000003,7.35843882184010312,2702
6349,0.69440000000000002,7.48278407845286875,2703
6350,0.77546000000000004,7.55651149304520331,2704
6351,1.31519999999999992,7.61599449161317121,2705
6352,1.12630000000000008,7.69100471867895141,2706
6353,0.61114000000000002,8.19798716858812959,2706
6354,1.17779999999999996,8.59323471690658458,2707
6355,1.22490000000000010,8.53707755943901603,746
6356,0.95760999999999996,8.47101345881333323,747
6357,0.82808000000000004,8.38817489835290786,748
6358,0.69244000000000006,8.31754472615165952,749
6359,0.55683000000000005,8.22902667938337551,750
6360,0.45785999999999999,8.16846604463466797,751
6361,0.47391000000000000,8.23780932116490128,752
6362,0.49049999999999999,8.55050119484778648,753
6363,0.36875000000000002,8.94043384279928510,754
6364,0.31512000000000001,9.27693556924113061,2559
6365,0.24457000000000001,8.81351250322866875,2560
6366,0.47011999999999998,9.14791896462908305,2561
6367,0.63085999999999998,9.55139604582855029,2562
6368,0.60606000000000004,9.45213634427059368,5075
6369,-0.88280999999999998,9.05453579848327372,7415
6370,-1.12830000000000008,8.96697734898150145,7416
6371,-1.01950000000000007,9.00576528497230555,7417
6372,-1.11699999999999999,8.98741024294702662,7418
6373,-1.26810000000000000,9.07448509351910992,7419
6374,-1.32610000000000006,9.12646324744105009,5081
6375,-1.31749999999999989,9.21355472132784215,5082
6376,-1.34830000000000005,9.34914070022599653,5083
6377,-1.35630000000000006,9.43196173876099841,5084
6378,-1.37400000000000011,9.55617367653150040,5085
6379,-1.36359999999999992,9.58416450334731174,5086
6380,-1.34929999999999994,9.61348373072790530,5087
6381,-1.31020000000000003,9.67258357023531623,5088
6382,-1.34050000000000002,9.69410285360199175,5089
6383,-1.30780000000000007,9.72416866773117228,5090
6384,-1.25750000000000006,9.78260919294357301,5091
6385,-1.33400000000000007,9.81948037998992618,5092
6386,-1.28439999999999999,9.84669916557417579,5093
6387,-1.28079999999999994,9.91777598360377510,5094
6388,-1.31749999999999989,9.99488172349786907,5095
6389,-1.35680000000000001,10.07685067670827550,5096
6390,-1.34909999999999997,10.05782966775783294,5097
6391,-1.30790000000000006,10.06570175876818851,5098
6392,-1.33810000000000007,10.09708082864793965,5099
6393,-1.27750000000000008,10.10823071524743000,3537
6394,-1.25740000000000007,10.09795497336695469,3538
6395,-1.32739999999999991,9.96707264410716043,7442
6396,-1.25009999999999999,9.80654650814980933,7443
6397,-1.01600000000000001,9.71349426499780932,7444
6398,-1.00839999999999996,9.68771954077163144,7445
6399,-1.06879999999999997,9.66564176442869005,7446
6400,-0.97575000000000001,9.63259352980965211,7447
6401,-1.04039999999999999,9.63462271230597622,7448
6402,-1.02970000000000006,9.63141841846485747,7449
6403,-0.94437000000000004,9.64582612433342490,7450
6404,-0.96158999999999994,9.65036551156904032,7451
6405,-1.03210000000000002,9.64010094565898790,7452
6406,-1.05640000000000001,9.62490560171786314,7453
6407,-1.19490000000000007,9.62346241957954796,7454
6408,-1.17860000000000009,9.41457923231737936,7455
6409,-1.23679999999999990,9.56822536104277610,7456
6410,-1.18350000000000000,9.35187905034311306,7457
6411,-1.13339999999999996,9.40399566339027970,7458
6412,-1.12650000000000006,9.45112767175024970,7459
6413,-1.13480000000000003,9.50645446720921683,7460
6414,-1.21239999999999992,9.56084851190834684,7461
6415,-0.88859999999999995,9.46570538660703065,7462
6416,-0.82691999999999999,9.44785266708178817,7463
6417,-0.80747000000000002,9.43311288236101753,7464
6418,-0.78256999999999999,9.41910744888249774,7465
6419,-0.71919999999999995,9.45322021797978174,7466
6420,-0.47216999999999998,9.57477899926450426,7467
6421,-0.33393000000000000,9.77263499216586418,7468
6422,-0.21262000000000000,9.92628193831221139,5129
6423,-0.94871000000000005,9.74881452449171348,3964
6424,-1.43559999999999999,9.64616039197527364,3965
6425,-1.47819999999999996,9.58038296973230707,5132
6426,-1.37339999999999995,10.21727680260374349,3967
6427,-1.45720000000000005,10.16427428489913787,5134
6428,-1.23550000000000004,10.03017890384559330,5135
6429,-1.27810000000000001,9.97282824842664439,5136
6430,-1.28919999999999990,9.87864170356753668,5137
6431,-1.26259999999999994,9.83933308480153102,5138
6432,-1.30950000000000011,9.78523518791319802,5139
6433,-1.25350000000000006,9.71239424786683436,5140
6434,-1.25000000000000000,9.63961678685976864,5141
6435,-1.30560000000000009,9.56358319810456159,5142
6436,-1.31610000000000005,9.47873383064720443,5143
6437,-1.30820000000000003,9.40802465684320666,5144
6438,-1.33800000000000008,9.38369441627640910,5145
6439,-1.36270000000000002,9.40227792032457721,5146
6440,-1.32329999999999992,9.42852428063974202,5147
6441,-1.36989999999999990,9.42666908411487903,5148
6442,-1.33220000000000005,9.40226458007335175,5149
6443,-1.31299999999999994,9.91734395863342932,5150
6444,-1.31770000000000009,9.95406070243226360,6914
6445,-0.51473999999999998,10.05620368907923101,6915
6446,-0.10759000000000001,10.16305693921970743,4922
6447,-0.08334600000000000,10.21641979042589732,4923
6448,0.18881999999999999,10.30057707427816638,6918
6449,0.17990999999999999,10.64632464880450335,6918
6450,-0.04059300000000000,11.07346474537751924,6919
6451,0.47112999999999999,10.76692575353002113,4302
6452,-1.20229999999999992,10.22951381966572981,7008
6453,-1.15430000000000010,10.28665655641380461,7009
6454,-1.22219999999999995,10.25588663222553798,7010
6455,-1.20039999999999991,10.23125209838531191,7011
6456,-1.22490000000000010,10.22888379232520251,7012
6457,-1.20019999999999993,10.30012579989076649,7013
6458,-1.16930000000000001,10.41221893093960915,7014
6459,-1.16169999999999995,10.52657779463705978,7015
6460,-1.22160000000000002,10.64594696844900668,7016
6461,-1.10870000000000002,10.74358115518367107,7017
6462,-1.04089999999999994,10.81880952667657603,7018
6463,-0.95982999999999996,10.76405338201900896,7019
6464,-0.88524000000000003,10.68077823565506002,7020
6465,-1.08959999999999990,10.58408559162131723,7021
6466,-0.88200000000000001,10.54425693641221429,7022
6467,-1.06689999999999996,10.45525312041597843,7023
6468,-1.06099999999999994,10.40810154187067660,7024
6469,-0.98112999999999995,10.37070245166018267,7025
6470,-0.94920000000000004,10.31227438535482044,7026
6471,-0.91769999999999996,10.24443020577114360,7027
6472,-1.14969999999999994,10.16061091281882511,7028
6473,-0.80232000000000003,10.12314002721348416,7029
6474,-0.80839000000000005,10.00981241289439971,7030
6475,-0.88073999999999997,9.90052146446923764,7031
6476,-0.85616999999999999,9.88197104838167206,7032
6477,-1.18510000000000004,9.85228915250124615,7033
6478,-1.16330000000000000,9.79359217905315660,7034
6479,-1.13529999999999998,9.72714902729166297,7035
6480,-1.21799999999999997,9.68504226152373349,7036
6481,-1.16159999999999997,9.68957793785707544,7037
6482,-1.09559999999999991,9.70021221660005217,7038
6483,-1.13660000000000005,9.67055819265956451,7039
6484,-1.10990000000000011,9.86649945558797015,7040
6485,-1.13260000000000005,10.07568508593929302,7041
6486,-1.12949999999999995,10.14268182665096774,7042
6487,-1.15939999999999999,10.16483092150251899,7043
6488,-1.16330000000000000,10.15517973851846278,7044
6489,-1.05780000000000007,10.15029915904336733,7045
6490,-1.02479999999999993,10.13609201689900097,7046
6491,-1.04630000000000001,10.12539393353613448,7047
6492,-0.92637000000000003,10.11632047542670776,7048
6493,-1.01629999999999998,10.22535219424224806,7049
6494,-0.79122000000000003,10.12174041007794401,7050
6495,-0.71043999999999996,10.13834692416058481,7051
6496,-0.61722999999999995,10.20229155845355606,7052
6497,-0.55518999999999996,10.30121634037928402,7053
6498,-0.44194000000000000,10.39808309682932652,7054
6499,-0.58316000000000001,10.47676854491185594,7055
6500,-0.49959999999999999,10.44784665323041040,6658
6501,-0.91049999999999998,10.25778678799698085,6659
6502,-1.02299999999999991,10.17928133859867579,6660
6503,-1.06299999999999994,10.11976978778458225,6661
6504,-1.05420000000000003,10.05627904435197273,6662
6505,-0.97121000000000002,9.99339276004265997,6663
6506,-1.15830000000000011,9.91748100287994028,6664
6507,-1.20859999999999990,9.89049359117618110,6665
6508,-1.16460000000000008,9.86207077732616888,6666
6509,-1.19140000000000001,9.86060699324968404,6667
6510,-1.27010000000000001,9.87885088658321386,6668
6511,-1.15450000000000008,9.89319483134296718,6669
6512,-1.30059999999999998,9.89261164225934841,6670
6513,-1.26210000000000000,9.90485729423021510,6671
6514,-1.27879999999999994,9.91338486964816390,6672
6515,-1.28469999999999995,9.91837910247437726,6673
6516,-1.29279999999999995,9.92681223879450769,6674
6517,-1.13210000000000011,9.95509792247139913,6675
6518,-0.96745000000000003,9.97392210834449600,6676
6519,-0.93367999999999995,9.98726635215828651,6677
6520,-0.97021000000000002,9.97987646472643952,6678
6521,-0.98448999999999998,9.96571035206448741,6679
6522,-1.02879999999999994,9.93825794575058374,6680
6523,-0.95186999999999999,10.02034673472185666,6682
6524,-0.91422000000000003,9.45032008442826132,6683
6525,-0.99600999999999995,9.15105729319102146,6684
6526,-0.94291000000000003,9.27508671951186336,6685
6527,-0.85187000000000002,9.27254307227878094,6686
6528,-0.74350000000000005,9.25580726198038306,6687
6529,-0.86492999999999998,9.25462896781199440,6688
6530,-0.76580000000000004,9.26601396754379536,6689
6531,-0.79556000000000004,9.27624665037962437,6690
6532,-0.78930999999999996,9.29449128664222357,6691
6533,-0.79849000000000003,9.27194825425186231,6692
6534,-0.77903999999999995,9.17556013799519121,1894
6535,-1.17639999999999989,9.15538241153179122,1895
6536,-1.25279999999999991,9.18522439083896280,1896
6537,-1.27170000000000005,9.15633711146743146,1897
6538,-1.29909999999999992,9.17550745924294375,1898
6539,-1.29020000000000001,9.15892093041906818,1899
6540,-1.29489999999999994,9.15071189528483409,1900
6541,-1.24510000000000010,9.13497997396956940,1901
6542,-1.23550000000000004,9.09064738447245624,1902
6543,-1.31210000000000004,9.08665231203957546,1903
6544,-1.32040000000000002,9.06135872452088087,1904
6545,0.03143800000000000,9.02882839421111072,1905
6546,-1.34870000000000001,8.76804864814478080,1906
6547,-1.32180000000000009,8.77363140544220244,1906
6548,-1.27600000000000002,8.78676676498793618,1907
6549,-1.30519999999999992,8.81415897281968874,1908
6550,-1.34329999999999994,8.82333197468690145,1909
6551,-1.45259999999999989,8.81347391104869793,1910
6552,-1.53600000000000003,8.83024782742498537,1911
6553,-1.50960000000000005,8.85430191964269397,1912
6554,-1.54849999999999999,8.90105722896029761,1914
6555,-1.53420000000000001,8.87846607671149002,1914
6556,-1.55739999999999990,8.87370927118836761,1916
6557,-1.04950000000000010,8.77981817314869595,1917
6558,-0.89183999999999997,8.92369709700816216,1918
6559,-0.83714000000000000,9.12090497858642202,1919
6560,-0.81040000000000001,9.24297961998985151,1920
6561,-0.94152000000000002,9.27725610563101455,6720
6562,0.05473300000000000,8.96973556859968824,6721
6563,0.08134200000000000,9.31008913965401952,6722
6564,-1.09840000000000004,9.01104410732291150,6724
6565,-1.22090000000000010,9.02221291185351149,6725
6566,-0.56213999999999997,9.01839375604472870,6726
6567,-0.62028000000000005,8.96488123088206557,6727
6568,-0.56557000000000002,8.93488213399673903,6728
6569,-0.64195000000000002,8.88672882342722836,6729
6570,-0.52081999999999995,8.91414086080856194,6729
6571,-0.72121000000000002,8.93116426474342084,6731
6572,-0.91761000000000004,8.96787764485124050,6731
6573,-0.77200000000000002,8.92366140027139565,6733
6574,-0.73355000000000004,8.86382168845104168,6734
6575,-0.80972000000000000,8.89536401770112661,6735
6576,-1.07800000000000007,8.89716427194320048,6736
6577,-1.24560000000000004,8.76144766693563426,6736
6578,-1.33099999999999996,8.54305791677894000,6737
6579,-1.32889999999999997,8.26656634052155681,6738
6580,-1.24629999999999996,8.03659450637380957,6739
6581,-1.29150000000000009,7.85102016048109874,6740
6582,-1.31059999999999999,7.68110853814203853,6741
6583,-1.30299999999999994,7.66140804895118777,6742
6584,-1.34319999999999995,7.63924654455813279,6743
6585,-1.31549999999999989,7.62853472143072509,6744
6586,-1.28689999999999993,7.61060440060770294,6745
6587,-1.34630000000000005,7.59888280618190226,6746
6588,-1.28980000000000006,7.59012331044805766,6747
6589,-1.32109999999999994,7.57893773786107694,6748
6590,-1.33610000000000007,7.72142368111305633,6749
6591,-1.35450000000000004,7.85259362747834100,6750
6592,-1.42789999999999995,7.84699356611695009,6751
6593,-1.36099999999999999,7.85651886159654200,6752
6594,-1.35810000000000008,7.87366680643741468,6753
6595,-1.38789999999999991,7.88746425447676458,6754
6596,-1.39230000000000009,7.93665044085368443,6755
6597,-1.38280000000000003,8.14505570762839604,6756
6598,-1.34769999999999990,8.19849395624936506,6757
6599,-1.24209999999999998,7.75790001768760362,6758
6600,-1.17080000000000006,8.33391471782808857,6759
6601,-0.95404999999999995,8.93105241571657338,6760
6602,-0.77434000000000003,9.16894597771139708,3037
6603,-0.03045700000000000,9.06711192044812542,3038
6604,-0.09407100000000000,9.15195844302029293,1887
6605,-0.70974999999999999,8.79660217874370076,1888
6606,-0.89871999999999996,8.81474122562304352,1889
6607,-1.22469999999999990,8.81533411511003884,1890
6608,-1.20300000000000007,8.81910227452072704,1891
6609,-1.22320000000000007,8.75821230403643014,1892
6610,-1.17890000000000006,8.72968079365847416,1893
6611,-1.17369999999999997,8.73967767908499482,1894
6612,-0.67817000000000005,8.86331710595371725,1895
6613,-1.18290000000000006,9.16511420205208971,6772
6614,-1.13759999999999994,9.28420298258336096,6773
6615,-1.09660000000000002,9.20527471316360568,6774
6616,-1.06089999999999995,9.16460865746732267,6775
6617,-1.23039999999999994,9.10108002449086406,6776
6618,-1.39670000000000005,9.05248585285077567,6777
6619,-1.44219999999999993,9.03615068589772719,6778
6620,-1.47049999999999992,9.03587431297236954,6779
6621,-1.53929999999999989,9.14583548823990355,6780
6622,-1.56069999999999998,9.17670866180217892,6781
6623,-1.59450000000000003,9.21451394068027696,6782
6624,-1.65539999999999998,9.25389529069086159,6783
6625,-1.55950000000000011,9.30201513158564985,6784
6626,-1.49419999999999997,9.32966409748430792,6785
6627,-1.43130000000000002,9.35843259393630511,6786
6628,-1.28919999999999990,9.36187659409986139,6787
6629,-1.11569999999999991,9.41482127827771720,6788
6630,-1.06529999999999991,9.45445558969973554,6789
6631,-1.12250000000000005,9.50086428590693188,6790
6632,-1.03909999999999991,9.53244852627607919,6791
6633,-1.20770000000000000,9.54658426806651761,6792
6634,-1.26740000000000008,9.43713650890592248,6183
6635,-1.25469999999999993,9.26919101454212679,6184
6636,-1.30689999999999995,9.08544367112175877,6185
6637,-0.85307999999999995,8.82287856831777795,6186
6638,-0.90930999999999995,8.72135054782761543,6187
6639,-0.90858000000000005,8.59980373727093728,6188
6640,-0.86919999999999997,8.44352295699749433,6189
6641,-0.82089999999999996,8.32880902995366057,6190
6642,0.40808000000000000,8.55348396465667093,6191
6643,0.39007999999999998,8.98883452484629508,6192
6644,-0.03340000000000000,9.09466994294475661,6193
6645,-0.96699000000000002,9.05103892594587478,6195
6646,-0.98633000000000004,9.05877430881853662,6196
6647,-0.99016000000000004,9.05936340867347489,6197
6648,-0.83145000000000002,9.05656941857518483,6198
6649,-0.65073000000000003,9.03990639350034719,6199
6650,-0.61045000000000005,9.01288444917159381,6200
6651,-0.52536000000000005,9.01217749568806425,6201
6652,-0.33714000000000000,9.08780959615147665,6202
6653,-1.39189999999999992,9.26949490033219270,6203
6654,-1.45179999999999998,9.04836322573452279,6203
6655,-1.09850000000000003,8.79282641754219263,6204
6656,-1.45209999999999995,8.77273076236287785,6205
6657,-1.17130000000000001,8.84412985118957273,6206
6658,-1.27509999999999990,8.88585939398929092,6207
6659,-1.30719999999999992,8.92412706901494523,6208
6660,-1.30850000000000000,8.77082213654131948,680
6661,-1.32370000000000010,8.56108283710746321,681
6662,-1.28530000000000011,8.40710255964814479,681
6663,-1.30410000000000004,8.49322076122286340,682
6664,-1.32190000000000007,8.57682650646780331,683
6665,-1.28620000000000001,8.63725763308861971,684
6666,-1.29489999999999994,8.66975261163325150,441
6667,-1.29299999999999993,8.51694962513272280,441
6668,-1.34709999999999996,8.50158454514978246,442
6669,-1.36610000000000009,8.50225765704760583,443
6670,-1.37850000000000006,8.53052167588131205,444
6671,-1.39139999999999997,8.55470796600628702,445
6672,-1.37309999999999999,8.55194242374505365,446
6673,-1.35919999999999996,8.55554872632177066,447
6674,-1.34640000000000004,8.56227070821029734,448
6675,-1.28430000000000000,8.58247901233305299,449
6676,-0.98170000000000002,8.59072101612596661,450
6677,-0.90051000000000003,8.56036480748897866,451
6678,-0.80772999999999995,8.47958383159031825,452
6679,-0.84448000000000001,8.38310436877025289,453
6680,-0.88192999999999999,8.27129701066383483,454
6681,-0.86597999999999997,8.19398592218451149,455
6682,-0.85668000000000000,7.98215329488702086,456
6683,-0.71797999999999995,7.78497641329266532,457
6684,-0.82684000000000002,7.61170725175063190,458
6685,-1.01990000000000003,7.43921568489659357,459
6686,-1.13620000000000010,7.55423546285327063,460
6687,-1.13260000000000005,7.72690495821566348,461
6688,-1.16179999999999994,7.94579784543233369,462
6689,-1.15480000000000005,7.94306672211374387,463
6690,-1.21090000000000009,7.94355385374834988,464
6691,-1.12670000000000003,7.94910545518676503,465
6692,-1.27879999999999994,7.94174608341637800,466
6693,-1.26099999999999990,7.96049954408253502,467
6694,-1.26140000000000008,7.97577589467452697,468
6695,-1.31309999999999993,7.99195891022500771,469
6696,-1.39389999999999992,8.34390486737599169,470
6697,-1.40860000000000007,8.54747704456640278,471
6698,-1.42460000000000009,8.66656355088481156,472
6699,-1.46629999999999994,8.76738469545201049,473
6700,-1.50479999999999992,8.93776964248470129,474
6701,-1.51229999999999998,9.08469096199474180,3807
6702,-1.50669999999999993,9.09407768948169526,3808
6703,-1.50200000000000000,9.13479576252986725,3809
6704,-1.52699999999999991,9.16870764315687481,6254
6705,-1.55309999999999993,8.94424120714696969,6546
6706,-1.54679999999999995,8.95216976389566454,6547
6707,-1.55800000000000005,9.00225681189693994,6548
6708,-1.55279999999999996,9.05380701000800236,6549
6709,-1.52689999999999992,9.08661146279730403,6550
6710,-1.52439999999999998,9.13203859324675804,6551
6711,-1.51669999999999994,9.26373424883610674,6552
6712,-1.34099999999999997,9.30326614305481314,6553
6713,-1.09749999999999992,9.34044245861422873,6554
6714,-1.20740000000000003,9.28636758497160031,3505
6715,-1.44409999999999994,9.18865317485112065,3506
6716,-1.19730000000000003,8.98529295735132649,3507
6717,-0.85628000000000004,8.77826824392577620,3508
6718,0.20018000000000000,8.66629316591778753,3509
6719,0.20140000000000000,8.88706149194544182,3510
6720,0.58020000000000005,9.12819788957132161,3511
6721,0.32056000000000001,8.96973556859968824,6562
6722,-0.95618999999999998,9.31008913965401952,6563
6723,-1.10240000000000005,9.04114237216470684,6564
6724,-1.17759999999999998,9.01104410732291150,6564
6725,-0.97748999999999997,9.02221291185351149,6565
6726,-0.96238999999999997,9.01839375604472870,6566
6727,-0.95330999999999999,8.96488123088206557,6567
6728,-0.93654000000000004,8.93488213399673903,6568
6729,-0.68611000000000000,8.88672882342722836,6569
6730,-0.70574999999999999,8.91629514768594866,6570
6731,-0.65812000000000004,8.93116426474342084,6571
6732,-0.17168000000000000,8.97126738955546799,6573
6733,-1.11529999999999996,8.92366140027139565,6573
6734,-0.12243000000000000,8.86382168845104168,6574
6735,-0.22039000000000000,8.89536401770112661,6575
6736,-0.36559999999999998,8.76144766693563426,6577
6737,-0.40053000000000000,8.54305791677894000,6578
6738,-0.52612000000000003,8.26656634052155681,6579
6739,-0.54388000000000003,8.03659450637380957,6580
6740,-0.64537000000000000,7.85102016048109874,6581
6741,-1.28620000000000001,7.68110853814203853,6582
6742,-1.28770000000000007,7.66140804895118777,6583
6743,-1.29669999999999996,7.63924654455813279,6584
6744,-1.27950000000000008,7.62853472143072509,6585
6745,-1.27550000000000008,7.61060440060770294,6586
6746,-1.31109999999999993,7.59888280618190226,6587
6747,-1.33030000000000004,7.59012331044805766,6588
6748,-1.37919999999999998,7.57893773786107694,6589
6749,-1.36190000000000011,7.72142368111305633,6590
6750,-1.39749999999999996,7.85259362747834100,6591
6751,-1.36490000000000000,7.84699356611695009,6592
6752,-1.35099999999999998,7.85651886159654200,6593
6753,-1.38539999999999996,7.87366680643741468,6594
6754,-1.37010000000000010,7.88746425447676458,6595
6755,-1.35800000000000010,7.93665044085368443,6596
6756,-1.37799999999999989,8.14505570762839604,6597
6757,-1.45320000000000005,8.19849395624936506,6598
6758,-1.34109999999999996,7.75790001768760362,6599
6759,-1.33309999999999995,8.33391471782808857,6600
6760,-1.26669999999999994,8.93105241571657338,6601
6761,-0.23905000000000001,9.30284192494553253,6602
6762,-0.23225000000000001,9.31072034794704351,6603
6763,-0.74004999999999999,9.49838994673115522,6604
6764,-0.82003999999999999,9.50469102719003800,6605
6765,-1.14910000000000001,9.49585504436076455,3717
6766,-1.18989999999999996,9.49165926691044781,3718
6767,-1.19819999999999993,9.49268133308951256,3719
6768,-1.27800000000000002,9.50112551288594709,6609
6769,-1.19530000000000003,9.46545390924805652,6610
6770,-1.16330000000000000,9.42641197315488633,6611
6771,-1.28820000000000001,9.37640147361269705,6612
6772,-0.82865999999999995,9.16511420205208971,6613
6773,-1.27960000000000007,9.28420298258336096,6614
6774,-1.30719999999999992,9.20527471316360568,6615
6775,-1.29069999999999996,9.16460865746732267,6616
6776,-1.35800000000000010,9.10108002449086406,6617
6777,-1.39640000000000009,9.05248585285077567,6618
6778,-1.44409999999999994,9.03615068589772719,6619
6779,-1.45599999999999996,9.03587431297236954,6620
6780,-1.47090000000000010,9.14583548823990355,6621
6781,-1.51239999999999997,9.17670866180217892,6622
6782,-1.51770000000000005,9.21451394068027696,6623
6783,-1.51869999999999994,9.25389529069086159,6624
6784,-1.40910000000000002,9.30201513158564985,6625
6785,-1.48370000000000002,9.32966409748430792,6626
6786,-1.20890000000000009,9.35843259393630511,6627
6787,-1.43140000000000001,9.36187659409986139,6628
6788,-1.20160000000000000,9.41482127827771720,6629
6789,-1.01619999999999999,9.45445558969973554,6630
6790,-1.00000000000000000,9.50086428590693188,6631
6791,-1.44080000000000008,9.53244852627607919,6632
6792,-1.27449999999999997,9.54658426806651761,6633
6793,-1.22140000000000004,9.59040515803097193,6634
6794,-1.06519999999999992,9.64034779428913779,6635
6795,-1.13610000000000011,9.67551679926529928,6636
6796,-1.10390000000000010,9.71068741645098932,6637
6797,-0.74882000000000004,9.77806673844407648,6638
6798,-0.75087999999999999,9.84089857757519582,6639
6799,-0.63714999999999999,10.11081573285902557,7117
6800,-0.69523999999999997,10.25391192794356776,7118
6801,0.61065000000000003,10.30452190653136135,7120
6802,0.67584000000000000,10.28246430765270603,5038
6803,0.52569999999999995,10.47940126553032592,6646
6804,0.10370000000000000,10.15508219829410130,4477
6805,-0.96264000000000005,9.52802007674685925,4811
6806,-1.09180000000000010,9.49768942960327323,4812
6807,-1.21459999999999990,9.49472344871786689,4813
6808,-1.03859999999999997,9.46950025189406652,4814
6809,-1.06659999999999999,9.46580283219912921,4815
6810,-1.04879999999999995,9.45141379915729551,4816
6811,-0.73868000000000000,9.43271712930298634,4817
6812,-0.54683000000000004,9.42988099436528415,4818
6813,-0.56105000000000005,9.36360789274145766,4819
6814,-0.96018999999999999,9.29427083329247594,4820
6815,-1.58800000000000008,9.32705493377179984,4821
6816,-1.11519999999999997,9.28074060850320848,4822
6817,-0.93384000000000000,9.21068973525548707,4823
6818,-0.85092000000000001,9.13292392991730928,4824
6819,-1.03489999999999993,9.07967709042598692,4825
6820,-1.28750000000000009,9.01554068288557353,4826
6821,-1.31810000000000005,8.96185675482454869,4827
6822,-1.33099999999999996,8.93330182678632490,4828
6823,-1.32079999999999997,8.96055322802335219,4829
6824,-1.29899999999999993,8.94536604339581309,4830
6825,-1.31440000000000001,8.89511643164821031,4831
6826,-0.82259000000000004,8.86712290528150326,4832
6827,-0.81428999999999996,8.89649635863647070,4833
6828,-0.96528999999999998,8.99115570164978628,6671
6829,-0.94123000000000001,9.01568382403697655,6672
6830,-0.63154999999999994,8.99984028532153957,6673
6831,-1.16910000000000003,8.88160491225077209,6674
6832,-1.01400000000000001,8.89158887308310319,6675
6833,-1.12939999999999996,8.88141106622419230,6676
6834,-1.22280000000000011,8.87557654564392351,6677
6835,-1.14119999999999999,8.88951442805890935,6678
6836,-0.93767000000000000,8.89044636649085263,6679
6837,-1.02560000000000007,8.83861909820351777,6680
6838,-0.92154999999999998,8.84892586284842864,6681
6839,-0.89302999999999999,9.30327595746469704,6682
6840,-0.94472000000000000,9.73949525728261811,6683
6841,-0.99034000000000000,9.28365671527172864,6684
6842,-0.93391999999999997,9.48892913664208670,6685
6843,-1.16809999999999992,9.50027217498426779,6686
6844,-1.00289999999999990,9.50476694058174054,6687
6845,-1.08460000000000001,9.51626638850433260,6688
6846,-1.09909999999999997,9.51847590607433602,6689
6847,-1.30449999999999999,9.52160996753845090,6690
6848,-1.15349999999999997,9.53911923760134961,6691
6849,-1.21429999999999993,9.52242892116185402,6692
6850,-1.26720000000000010,9.48735007627781357,6693
6851,-1.31960000000000011,9.45753169143051409,6694
6852,-1.32869999999999999,9.48646157482289887,6695
6853,-1.24199999999999999,9.47248893437315687,6696
6854,-1.33030000000000004,9.49159726254812242,6697
6855,-1.37789999999999990,9.54087859513207626,6698
6856,-1.47849999999999993,9.60776343832312563,6699
6857,-1.52299999999999991,9.65684411368859585,6700
6858,-1.49160000000000004,9.68601865568396292,6701
6859,-1.50299999999999989,9.71180887057699849,6702
6860,-1.47150000000000003,9.73684563294196970,6703
6861,-1.44730000000000003,9.75959539489359429,6704
6862,-1.47160000000000002,9.78590149216582184,6705
6863,-1.39809999999999990,9.81514819860349164,6706
6864,-1.43589999999999995,9.92714540010629953,6707
6865,-1.39450000000000007,10.02527515132847569,6708
6866,-1.39979999999999993,10.08431649661562446,6709
6867,-1.39579999999999993,10.14377918648073162,6710
6868,-0.90258000000000005,10.22706211649592589,6711
6869,-0.91549000000000003,10.20311598618503446,6712
6870,-1.37400000000000011,10.18327331291768090,6713
6871,-1.25980000000000003,10.22754466127327255,6714
6872,-1.18100000000000005,10.29474372195836729,6715
6873,-1.08939999999999992,10.30184370826273899,6716
6874,-1.07879999999999998,10.31419295873381259,6717
6875,-0.34157999999999999,10.30549529854361346,6718
6876,-1.13900000000000001,10.43883038404946895,6719
6877,0.57020000000000004,10.18889048794578400,6720
6878,-1.15559999999999996,10.06658776975435465,6408
6879,-1.04370000000000007,10.04733344182384869,6409
6880,-1.11800000000000010,10.09848512000448473,6410
6881,-1.14890000000000003,10.17611930772186035,6411
6882,-1.17260000000000009,10.25596368034781136,6412
6883,-1.23869999999999991,10.33666686911929489,5120
6884,-1.04580000000000006,10.28808373081668037,5121
6885,-0.97824000000000000,10.27051996866384087,5122
6886,-0.97506999999999999,10.24529122803941306,5123
6887,-0.71379000000000004,10.20514699318614582,5124
6888,-0.65976999999999997,10.20680174546753527,5125
6889,-0.37196000000000001,10.19834491216402483,5126
6890,-0.40600000000000003,10.15107020855304221,5127
6891,-0.40173999999999999,10.13510219715399252,5128
6892,-0.22425999999999999,10.06932520524261143,5129
6893,-0.51005999999999996,9.94249861748330410,5130
6894,-0.65600000000000003,9.88839900392783555,5131
6895,-0.59669000000000005,9.85163636432294965,5132
6896,-0.56813000000000002,9.76982777131652291,5133
6897,-0.61728000000000005,9.69385603636719040,5134
6898,-0.66949999999999998,9.75198528330086312,5135
6899,-1.21189999999999998,9.69588860252349427,5136
6900,-1.27340000000000009,9.64249656600898675,5137
6901,-1.25479999999999992,9.64817391798681889,5138
6902,-1.33830000000000005,9.65275930716109265,5139
6903,-1.28590000000000004,9.65945603838632039,5140
6904,-1.28519999999999990,9.66902023365705787,5141
6905,-1.26980000000000004,9.71143739409606788,5142
6906,-1.17199999999999993,9.74101089213184501,5143
6907,-0.91386000000000001,9.77190456064569801,5144
6908,-0.88739000000000001,9.77166432904188476,3067
6909,-0.87688999999999995,9.70765409884003638,3068
6910,-0.91091000000000000,9.66255460022166268,3069
6911,-0.81206999999999996,9.60814053348668651,3070
6912,-0.89029000000000003,9.75574468180771603,3071
6913,-0.86538999999999999,9.88940523366737523,3072
6914,-0.87853999999999999,9.94475217980017412,3073
6915,-0.91757000000000000,10.05620368907923101,6445
6916,-0.72592000000000001,10.19284913028338480,3075
6917,-0.73526999999999998,10.22265761923248739,3076
6918,0.18754999999999999,10.26041085282299115,3077
6919,0.10630000000000001,10.31894985390014341,6761
6920,0.68008999999999997,10.51651599791410163,5758
6921,0.21548999999999999,9.92659482820089423,5758
6922,-1.12759999999999994,9.52509745784432305,5759
6923,-1.02519999999999989,9.57850915686627324,5760
6924,-1.13850000000000007,9.57534896603118213,5762
6925,-1.23419999999999996,9.55939455431568774,5763
6926,-0.97065000000000001,9.58858105796193705,5763
6927,-0.92376000000000003,9.55727751021895600,5764
6928,-1.31099999999999994,9.52401247963049435,5765
6929,-1.35230000000000006,9.40209823566775782,5766
6930,-1.28659999999999997,9.35671122109240727,5767
6931,-1.28479999999999994,9.18392858698237724,4472
6932,-1.29699999999999993,8.72084138256302666,4474
6933,-1.33020000000000005,8.44414146505121543,4475
6934,-1.46249999999999991,8.17385719503697139,4475
6935,-1.51489999999999991,8.22492371239092712,4475
6936,-1.50039999999999996,8.35935021888949237,4476
6937,-1.52130000000000010,8.49562801840121651,5434
6938,-1.47340000000000004,8.42308276065951844,5435
6939,-1.49710000000000010,8.46892723557128946,5436
6940,-1.48429999999999995,8.50355244059887916,5437
6941,-1.38820000000000010,8.54760473959289691,5438
6942,-1.20500000000000007,8.25287266741525727,5439
6943,-1.28940000000000010,8.05124424282189111,5440
6944,-1.32190000000000007,8.07427658725218578,5441
6945,-1.18900000000000006,8.11181766450721575,5442
6946,-1.19720000000000004,7.99017369160779811,5443
6947,-0.92057000000000000,7.98276848901505964,5444
6948,-0.90246999999999999,7.97371177796760211,5445
6949,-0.94950000000000001,7.95068994627411652,5446
6950,-1.28420000000000001,7.92522662591082483,5447
6951,-1.15670000000000006,7.92673522116077489,5448
6952,-1.14389999999999992,7.91949343101078718,5449
6953,-1.20160000000000000,7.90439698846799121,5450
6954,-1.15090000000000003,7.89895992834333427,5451
6955,-1.10210000000000008,7.82398905483757368,5452
6956,-0.29743999999999998,7.76818685969141676,5453
6957,-0.97487999999999997,7.73965426756148389,5454
6958,-0.95465999999999995,7.72392900657105930,5455
6959,-1.01120000000000010,7.75972810088167542,5456
6960,0.48470999999999997,7.77518033398949004,5457
6961,-1.08519999999999994,7.44155654685064682,5458
6962,-1.17989999999999995,7.45133830058337665,5459
6963,-1.22589999999999999,7.45750375237858787,5460
6964,-0.92125000000000001,7.49239569463495325,5461
6965,-0.91446000000000005,7.93408066157701697,5462
6966,-0.93818999999999997,8.35923694076304535,5463
6967,-0.73965000000000003,8.84451700975490951,5464
6968,-0.49854999999999999,9.42038729380048068,5465
6969,-0.50739000000000001,9.81760843602223510,5466
6970,-0.53039000000000003,9.88790540870735768,4766
6971,-1.24960000000000004,9.75678453428668568,2749
6972,-1.33679999999999999,9.90479474921366432,4768
6973,-1.31230000000000002,9.90810710036392983,4769
6974,-1.29529999999999990,9.90858349327910126,4770
6975,-1.29679999999999995,9.88731691119017597,4771
6976,-1.30919999999999992,9.92642456739119439,4772
6977,-1.31909999999999994,9.94098844167529805,600
6978,-1.33099999999999996,9.93671383471902381,601
6979,-1.33479999999999999,9.93185958093803478,602
6980,-1.36600000000000010,9.93491902196763199,603
6981,-1.32360000000000011,9.94136635027011373,604
6982,-1.34610000000000007,9.95075458624192954,605
6983,-1.43399999999999994,9.95665274287751600,606
6984,-1.33899999999999997,9.96113924893822400,607
6985,-1.28639999999999999,9.96559743714282220,608
6986,-1.26469999999999994,9.96793176806882109,609
6987,-1.13830000000000009,9.96989380416027160,610
6988,-0.76314000000000004,9.96626251331233881,611
6989,-0.80247999999999997,9.92862917571039638,612
6990,-0.62773000000000001,9.90092285942896311,613
6991,-0.67291999999999996,9.85816845169586742,614
6992,-1.15599999999999992,9.82658486045657220,615
6993,-1.16660000000000008,9.85013993077665617,5494
6994,-1.10769999999999991,9.82550447206701527,5495
6995,-0.98841000000000001,9.81954372837943623,5496
6996,-1.14890000000000003,9.81676839736572759,5497
6997,-0.19314999999999999,9.82444554421821792,5498
6998,-0.61304999999999998,10.21420572908404800,5499
6999,-1.33040000000000003,10.07213666200988733,621
7000,-1.28069999999999995,9.89056524580267649,622
7001,-1.33309999999999995,9.79719264437507675,623
7002,-1.36769999999999992,9.70990541855490896,623
7003,-1.43959999999999999,9.75099228382123684,623
7004,-1.48550000000000004,9.72328007213599399,461
7005,-1.50370000000000004,9.60670377840841105,462
7006,-1.50069999999999992,9.65329836449279810,463
7007,-1.50720000000000010,9.70171223902171143,464
7008,-1.51760000000000006,9.75888441698641529,465
7009,-1.56240000000000001,9.81034659407441545,466
7010,-1.57269999999999999,9.87546054586239919,467
7011,-1.58210000000000006,9.92474245300525126,468
7012,-1.41890000000000005,9.87803887597496022,5764
7013,-1.39339999999999997,9.83725285867413746,5765
7014,-1.51560000000000006,9.82175446516195727,5766
7015,-1.50540000000000007,9.82520141547592729,5767
7016,-1.23780000000000001,9.82167001682725882,5768
7017,-1.01219999999999999,9.84107241740029437,5769
7018,-1.49039999999999995,9.83465664327261280,5770
7019,-1.42440000000000011,9.89893868132482169,5771
7020,-1.25259999999999994,9.96371294135629171,5772
7021,-1.24800000000000000,10.00687138369480067,5773
7022,-1.21160000000000001,10.05222136828588120,5774
7023,-1.13070000000000004,10.14150246645110620,5774
7024,-1.03420000000000001,10.21317520096858722,646
7025,-1.06600000000000006,10.18881923033657522,647
7026,-1.09289999999999998,10.16530580158723041,648
7027,-1.14549999999999996,10.14427333111328089,649
7028,-1.15559999999999996,10.12680148672254532,650
7029,-1.14549999999999996,10.11249301988634564,651
7030,-1.12519999999999998,10.00981241289439971,6474
7031,-0.18539000000000000,9.90052146446923764,6475
7032,-0.43730000000000002,9.88197104838167206,6476
7033,-0.40168999999999999,9.85228915250124615,6477
7034,-0.24768999999999999,9.79359217905315660,6478
7035,-0.30062000000000000,9.72714902729166297,6479
7036,-1.11010000000000009,9.68504226152373349,6480
7037,-0.72080000000000000,9.68957793785707544,6481
7038,-0.74136000000000002,9.70021221660005217,6482
7039,-0.83692999999999995,9.67055819265956451,6483
7040,-0.60904999999999998,9.85509830568105727,662
7041,-0.80130999999999997,9.87294017858640238,6273
7042,-0.69635000000000002,9.77708031952702861,6274
7043,-0.88056000000000001,9.67025318118398047,6275
7044,-0.90683999999999998,9.54384649006202679,6276
7045,-0.99007000000000001,9.43994152574408929,6276
7046,-0.88353000000000004,9.32536887073452903,6277
7047,-0.89871000000000001,9.23411599416047046,6278
7048,0.20483000000000001,9.13658030061066029,6280
7049,0.63648000000000005,9.21004813741519612,6281
7050,0.58987999999999996,9.31747631884292993,6281
7051,0.45123000000000002,9.44240405306464758,6282
7052,0.22242999999999999,9.55905476905516416,6283
7053,0.42749999999999999,9.66938288096505971,6284
7054,0.19703999999999999,9.62989694279397845,3526
7055,-0.05030200000000000,9.62957653153090831,3526
7056,-0.33400999999999997,9.65949040874181364,3527
7057,-0.20139000000000001,9.68452463764478821,3528
7058,-0.22367999999999999,9.73572148092925538,3529
7059,-0.41764000000000001,9.76724247065783580,3694
7060,-0.63599000000000006,9.71333773917457499,3695
7061,-1.17979999999999996,9.68512537940114271,3696
7062,-1.24449999999999994,9.69282911413227488,3697
7063,-1.29940000000000011,9.70031606992709783,3698
7064,-1.37719999999999998,9.70822087231329967,3699
7065,-1.31220000000000003,9.71011441525009644,3700
7066,-1.40999999999999992,9.70243227796983732,6586
7067,-1.36890000000000001,9.67509750658818746,6587
7068,-1.34000000000000008,9.66267709976116329,6588
7069,-1.33860000000000001,9.69162173554330408,6589
7070,-1.31319999999999992,9.72751253677174255,6590
7071,-1.28899999999999992,9.74424009856369722,6591
7072,-1.29740000000000011,9.76079729134927554,6592
7073,-1.25459999999999994,9.71021520273297334,1956
7074,-1.29899999999999993,9.68735048525526032,1957
7075,-1.33060000000000000,9.69498564578739597,1958
7076,-1.34990000000000010,9.68830455225437603,1959
7077,-1.33739999999999992,9.67673119927880165,1960
7078,-1.33610000000000007,9.69190860501831430,1961
7079,-1.23540000000000005,9.72763827779358436,1962
7080,-1.07980000000000009,9.80460780176744606,1963
7081,-0.86460999999999999,9.92781227395855481,1964
7082,-0.83006999999999997,10.00565066700114691,1965
7083,-0.66474999999999995,9.91080282621893893,2828
7084,0.04393700000000000,9.88502164989477095,2829
7085,0.10228000000000000,9.96360503805577125,1967
7086,0.30708000000000002,9.97940286793217801,1967
7087,0.65952999999999995,9.87711864129492412,2833
7088,0.43636000000000003,9.47025429780875605,2834
7089,0.54500000000000004,9.25585085396713048,2834
7090,0.63341999999999998,8.93030250028570194,6240
7091,-1.03519999999999990,8.53284581089022787,6241
7092,-0.55254000000000003,8.54869818880420951,6242
7093,-0.54227000000000003,8.43811732187186436,6243
7094,-0.63488000000000000,8.35426734923537495,6244
7095,-0.65193000000000001,8.27144370915155491,6245
7096,-0.80689999999999995,8.16166492697097468,6246
7097,-1.24619999999999997,8.07373181700505782,6247
7098,-1.23540000000000005,8.06781430501372121,6248
7099,-1.17860000000000009,8.04849619289750251,6249
7100,-1.16009999999999991,8.12698907925950209,6249
7101,-1.11779999999999990,8.21046980342902266,6167
7102,-1.21639999999999993,8.17317753107380973,6168
7103,-1.30119999999999991,8.15459218287919896,6169
7104,-1.32840000000000003,8.34748151243381642,6170
7105,-1.30089999999999995,8.51358171264230812,6171
7106,-1.37620000000000009,8.66543574113550363,6172
7107,-1.38389999999999991,8.81312885977875560,5537
7108,-1.47419999999999995,8.89030910835044175,5538
7109,-1.51899999999999991,8.93157939413837099,5539
7110,-1.53960000000000008,8.91009083507335653,5540
7111,-1.51760000000000006,8.85910451107313790,5541
7112,-1.49760000000000004,8.80829988522437901,5542
7113,-1.41660000000000008,8.79502703388127216,5543
7114,-1.20449999999999990,8.79488757684392652,5544
7115,-1.10070000000000001,8.81383778543527185,5545
7116,-1.09689999999999999,8.48709705485593702,5546
7117,0.83565000000000000,8.09836440028813520,5547
7118,0.81579999999999997,8.34750630227141777,5548
7119,0.81203999999999998,8.58840052706848844,5549
7120,0.76341000000000003,8.95668424149488906,5550
7121,0.67969999999999997,9.33525774398992070,5551
7122,0.52722000000000002,9.46542171604657234,4733
7123,0.56337999999999999,9.25285011835248383,4733
7124,0.55169999999999997,9.03548519913315928,4734
7125,-1.18399999999999994,9.01546667197071017,4100
7126,-1.13220000000000010,9.28213326250984316,4101
7127,-1.21530000000000005,9.47494719924849882,4738
7128,-1.21629999999999994,9.47072213320057621,4739
7129,0.43207000000000001,9.44003056859128087,4740
7130,0.31140000000000001,9.28843822957477272,3903
7131,-0.04561800000000000,9.18106327701768699,3904
7132,-0.11172000000000000,8.98298076258185141,3905
7133,-0.20932999999999999,9.06363837460656185,3905
7134,-0.32127000000000000,9.04647856077207102,4746
7135,-0.25609999999999999,8.71931598038429456,4746
7136,-0.24043000000000000,8.58757177436690711,4747
7137,-0.34693000000000002,8.56512044060130506,4748
7138,-1.21150000000000002,8.55033499886418902,4749
7139,-1.27479999999999993,8.55045449887394504,4750
7140,-1.28929999999999989,8.59752206933413277,4749
7141,-1.31960000000000011,8.60527541146338493,4750
7142,-1.31699999999999995,8.65424503009907653,4751
7143,-1.36119999999999997,8.69533144284140214,4752
7144,-1.37030000000000007,8.73770495249439350,4755
7145,-1.40759999999999996,8.70708182587062218,4756
7146,-1.38799999999999990,8.65519840350175507,4757
7147,-1.40280000000000005,8.61447178539864922,4758
7148,-1.33850000000000002,8.63205729612272066,4759
7149,-1.29740000000000011,8.66272319038452920,4760
7150,-1.29869999999999997,8.73179362075740428,4759
7151,-1.29410000000000003,8.80116692092489927,4760
7152,-1.34870000000000001,8.92704207442961284,4761
7153,-1.27289999999999992,8.99686860649143227,4762
7154,-1.28360000000000007,9.03060932762761226,4763
7155,-1.23700000000000010,9.11969476481409558,4764
7156,-1.04780000000000006,8.94676931220131522,130
7157,-0.91451000000000005,8.70522276267462480,131
7158,-0.16258000000000000,8.60800688826694405,132
7159,-0.47126000000000001,8.47392964858825870,760
7160,-0.67701000000000000,8.02012634574495387,760
7161,-1.00499999999999989,7.75079546004526776,760
7162,-1.02869999999999995,7.55101757084712322,760
7163,-1.11280000000000001,7.58475428916707095,761
7164,-1.02940000000000009,7.59588873292250000,762
7165,-1.14529999999999998,7.61975385617826984,763
7166,-1.35280000000000000,7.64720699644213919,764
7167,-1.30689999999999995,7.72184651579349968,765
7168,-1.26439999999999997,7.81551880131029986,766
7169,-1.36339999999999995,7.98794684077300321,767
7170,-1.33939999999999992,8.15636558179022408,768
7171,-1.38789999999999991,8.24713446411422169,769
7172,-1.43589999999999995,8.33759457055240283,770
7173,-1.50459999999999994,8.44343411179917958,771
7174,-1.50740000000000007,8.55296394683944072,772
7175,-1.50530000000000008,8.66408500581540331,773
7176,-1.55640000000000001,8.77445830374901448,774
7177,-1.55529999999999990,8.94654497968321749,775
7178,-1.50750000000000006,9.16184325167381886,776
7179,-1.50130000000000008,9.30426082314778213,5250
7180,-1.52540000000000009,9.28396887345985000,5251
7181,-1.51610000000000000,9.37193218025577401,5252
7182,-1.52140000000000009,9.51410600120303229,5253
7183,-1.44609999999999994,9.52043869265998666,5254
7184,-1.30780000000000007,9.85417997955665648,5255
7185,-1.46290000000000009,9.88142284739285337,3311
7186,-1.50110000000000010,9.76735887251067858,3312
7187,-1.40660000000000007,9.68447546038001761,3313
7188,-1.02740000000000009,9.58502113019442525,3314
7189,-0.96636999999999995,9.60145475090139833,3315
7190,-1.10420000000000007,9.59267024932230328,3316
7191,-1.10020000000000007,9.66854676788640610,3317
7192,-1.05269999999999997,9.75037400233911811,3318
7193,-1.01600000000000001,9.80410766804148892,3319
7194,-0.96038999999999997,9.74064975823791102,6328
7195,-0.98051999999999995,9.79063975871985193,6329
7196,-0.98348000000000002,9.85305165156205476,6330
7197,-1.05459999999999998,9.90406719882210673,3323
7198,-1.01120000000000010,9.91425552185732606,3324
7199,-0.99267000000000005,9.94967088407803679,3325
7200,-1.02659999999999996,9.95620004140890735,3326
7201,-1.02829999999999999,10.11337539592853396,3327
7202,-0.39166000000000001,10.13124170131480462,3333
7203,-0.32074000000000003,10.16995991412524170,3329
7204,-0.66710000000000003,10.09517384753452873,3330
7205,-0.35844999999999999,10.10536649597180592,6339
7206,-0.32134000000000001,10.02097493609513101,6340
7207,-0.30589000000000000,9.91786087594860888,6341
7208,-0.33787000000000000,9.92746515916198646,6342
7209,-0.70316999999999996,9.72689918071052340,3013
7210,-0.89554000000000000,9.67619170815756036,3014
7211,-0.80335000000000001,9.64928151164181536,3015
7212,-0.33929999999999999,9.60318120350047089,3016
7213,-0.35510999999999998,9.62144660896836612,3017
7214,-0.27812999999999999,9.47606978857514193,3019
7215,-0.54969999999999997,9.33874581915981139,3020
7216,-0.47999000000000003,9.31373451350947512,3021
7217,-0.52781000000000000,9.28219560608098782,3021
7218,-0.42416999999999999,9.34141698852362090,3022
7219,-0.40673999999999999,9.41695385134316076,3024
7220,-0.33545999999999998,9.41051743201827939,3025
7221,-0.21027999999999999,9.42068915825243813,3026
7222,-0.39156999999999997,9.38980520206568947,3026
7223,-0.23533999999999999,9.48426529344411051,3027
7224,-0.30759999999999998,9.63273332143883287,3028
7225,-0.29831999999999997,9.86027132251441607,3029
7226,-0.29310000000000003,10.10477399933835763,3030
7227,-0.45804000000000000,9.96471678257093707,4409
7228,-0.48068000000000000,9.82259253673962185,4410
7229,-0.34659000000000001,9.73758215477933042,4411
7230,-0.32524999999999998,10.08391547819589462,4411
7231,-0.27417999999999998,10.52300837263316247,4412
7232,-0.34401999999999999,10.88986934262423034,4413
7233,-0.36974000000000001,10.91867474263281146,6486
7234,-0.37125000000000002,10.83472575471063770,6487
7235,-0.80569999999999997,10.67716021721363795,7789
7236,-0.53978999999999999,10.62916634588416898,7790
7237,-0.77324999999999999,10.67071647113734656,7791
7238,-0.78547999999999996,10.81492702117492577,7792
7239,-0.23619999999999999,10.90653033843593001,7793
7240,-0.82701000000000002,11.02682770626193687,6493
7241,-0.80386000000000002,11.08136173651903889,7795
7242,-0.80332000000000003,11.13107838710038244,7796
7243,-0.87595999999999996,11.04768483160545678,6157
7244,-0.97280000000000000,10.98911479873783215,6158
7245,-0.48100999999999999,10.93788694704286790,6159
7246,-0.49334000000000000,10.73164553177413794,2760
7247,-0.48807000000000000,10.53912212065800702,2760
7248,-0.54740000000000000,10.44096267195933692,6162
7249,-0.44413000000000002,10.35459096386662203,6163
7250,-0.53776000000000002,10.22617600733821952,6164
7251,-0.53632999999999997,10.09918608565924103,2760
7252,-0.76766999999999996,10.08403743150121734,2760
7253,-0.86099000000000003,10.09014289455835112,2761
7254,-0.76544999999999996,10.10598426951508522,2762
7255,-0.89875000000000005,10.18889420936671009,6624
7256,-0.89842999999999995,10.14964629122273543,6625
7257,-0.77085999999999999,10.12424062616005394,6626
7258,-0.94901999999999997,10.07592377014444729,6627
7259,-0.80115000000000003,10.09054948789003880,6628
7260,-0.81928000000000001,10.07228390963237530,6175
7261,-0.85221999999999998,10.04496353051217028,6176
7262,-0.85155000000000003,10.02883307155022763,6176
7263,-1.00849999999999995,10.02731895723882793,6177
7264,-0.94452000000000003,10.02230095426228473,6178
7265,-0.53383000000000003,10.01687731584076957,6179
7266,-0.88904000000000005,9.79702906859364298,6180
7267,-0.99043999999999999,9.76545698990577549,6181
7268,-0.82948000000000000,9.63462346331199626,6182
7269,-0.72931999999999997,9.59100969433673356,6183
7270,-0.61511000000000005,9.76170177382570259,6184
7271,-0.58420000000000005,9.94344813030074981,6185
7272,-0.53564999999999996,10.12665882487799074,6186
7273,-0.48697000000000001,10.10632963452202127,6643
7274,-0.61926000000000003,10.15533937799528452,6643
7275,-0.41877999999999999,10.10401388246333987,6644
7276,-0.28533999999999998,10.17820466826334957,6646
7277,-0.66757000000000000,10.11095793301801926,6647
7278,-0.76754999999999995,10.10397346563059529,6648
7279,-0.89344999999999997,10.10431228071991860,6649
7280,-1.14359999999999995,10.08409488422905831,6650
7281,-1.01340000000000008,9.92674214339035998,6651
7282,-1.02960000000000007,9.79749104073450106,6652
7283,-1.01049999999999995,9.78794820870319171,6653
7284,-1.01269999999999993,9.83767265273359115,6654
7285,-1.05259999999999998,9.87245612195139444,6655
7286,-0.92425000000000002,9.85528214061826446,6656
7287,-0.91293000000000002,9.82495062815459441,6657
7288,-0.92705000000000004,9.89728137626218718,6658
7289,-0.89071999999999996,9.99393632916406816,6659
7290,-0.86395999999999995,10.09969739729434757,6660
7291,-0.83160000000000001,10.24854964047987416,6661
7292,-0.88375000000000004,10.41141336218814040,6662
7293,-0.91125999999999996,10.57775758813321154,6663
7294,-0.90944000000000003,10.56107111022876310,6664
7295,-0.90727000000000002,10.52803973218808942,2647
7296,-0.87946000000000002,10.50762795543718120,6666
7297,-0.95638000000000001,10.49942927561564510,6667
7298,-0.97114999999999996,10.47777972883215902,6668
7299,-0.96309000000000000,10.48045053072707056,6669
7300,-0.93606000000000000,10.48420185279439920,6670
7301,-1.02370000000000005,10.48359317298010218,6671
7302,-0.97004000000000001,10.49596844537570206,6672
7303,-1.05180000000000007,10.49236779967592348,6673
7304,-1.09889999999999999,10.49781407552525536,2817
7305,-1.12949999999999995,10.51463468168148374,2818
7306,-1.09169999999999989,10.43430862259511649,5974
7307,-1.09210000000000007,10.28791545400269314,5975
7308,-1.00679999999999992,10.12131381711971834,5977
7309,-0.98907999999999996,9.96461080840052027,5977
7310,-0.46415000000000001,9.81677314392330480,5978
7311,-0.53137000000000001,9.88556668994407417,5979
7312,-0.57498000000000005,9.94675959744259686,5980
7313,-0.57899999999999996,10.08228305734670727,5981
7314,-0.68335999999999997,10.21232327978837695,5982
7315,-0.65656999999999999,10.30874649389413733,5984
7316,-0.76110999999999995,10.37395111217710308,5985
7317,-0.79083000000000003,10.37710838464158769,5245
7318,-0.88966000000000001,10.36668973192368881,5986
7319,-0.86021000000000003,10.20981977533052465,5987
7320,-0.24965000000000001,10.04202870496548350,5988
7321,-0.26321000000000000,10.18396943833965551,5989
7322,-0.93540999999999996,9.84747874353040942,2912
7323,-0.98311999999999999,9.73640906711231580,3636
7324,-1.12440000000000007,9.67635270920007251,2914
7325,-1.10000000000000009,9.61677801308308666,3638
7326,-0.99616000000000005,9.54638100795220446,3639
7327,-1.10050000000000003,9.48405196553551377,3640
7328,-1.10250000000000004,9.39274724980151987,2918
7329,-1.10410000000000008,9.38654299738863251,2919
7330,-1.06519999999999992,9.39142094453686660,2920
7331,-1.09580000000000011,9.41598838741614053,2921
7332,-1.07719999999999994,9.42896332423966044,2922
7333,-1.09580000000000011,9.44422805900562778,2923
7334,-1.06210000000000004,9.47851778025559888,2924
7335,-1.04390000000000005,9.61508241907759498,6161
7336,-1.09800000000000009,9.66231175138080012,6162
7337,-1.10070000000000001,9.58482166593312712,6163
7338,-1.39230000000000009,9.66669218874599423,6164
7339,-1.37339999999999995,9.65948179055185285,6165
7340,-1.35680000000000001,9.72006156220733430,6166
7341,-1.36080000000000001,9.94149126399394767,6167
7342,-1.34129999999999994,9.94082677203020459,6168
7343,-1.31869999999999998,9.96514496067713296,6169
7344,-1.27069999999999994,10.20487384546383680,6170
7345,-1.20070000000000010,10.42959327540769010,6171
7346,-1.17349999999999999,10.64642609537904150,6172
7347,-1.16090000000000004,10.86266603646151196,6173
7348,-1.08400000000000007,10.97472999077471378,1990
7349,-0.41193000000000002,11.10518034196261716,1990
7350,-0.37947999999999998,10.82973688711981275,90
7351,-0.40343000000000001,10.54422971903954220,91
7352,-0.99897999999999998,10.48260000564500949,92
7353,-1.04830000000000001,10.54982866571497979,93
7354,-0.49691999999999997,10.59008380414839934,7119
7355,-0.55457000000000001,10.43378892276554559,95
7356,-0.54840000000000000,10.40733323900976259,96
7357,-0.48157000000000000,10.40757215584260642,97
7358,-0.46521000000000001,10.39407389662533632,98
7359,-0.46311999999999998,10.37663623682330361,99
7360,-0.42921999999999999,10.36012161360782713,100
7361,-0.48691000000000001,10.36378498632284462,101
7362,-0.51080999999999999,10.37210346718911147,102
7363,-0.55762000000000000,10.38738660686427373,103
7364,-0.49525000000000002,10.40330513247607769,104
7365,-0.43617000000000000,10.42581839382822295,105
7366,-0.49926999999999999,10.45541491834961079,106
7367,-0.72921999999999998,10.41019668903361151,107
7368,-0.71701000000000004,10.39814622735123528,108
7369,-0.69930000000000003,10.39431580424691681,109
7370,-0.60528000000000004,10.38029074788807371,110
7371,-0.81442999999999999,10.50451093190992324,5059
7372,-0.88775999999999999,10.65130246195499808,5060
7373,-1.07860000000000000,10.80276160975567379,5457
7374,-0.95065999999999995,10.89772860860929882,5558
7375,-0.97875000000000001,10.68108700857735904,5559
7376,-0.94257999999999997,10.45561743045513481,5560
7377,-0.83565000000000000,10.25437769671661314,5561
7378,-0.86692999999999998,10.20039105046893724,5561
7379,-0.90127000000000002,10.26618631222421918,5562
7380,-0.91493000000000002,10.30910673343105799,5563
7381,-0.94906999999999997,10.31225394606647150,5564
7382,-0.93650000000000000,10.36676166389675124,5565
7383,-0.96997999999999995,10.35804996860269611,5566
7384,-0.96619999999999995,10.34922533067645745,5567
7385,-0.98634999999999995,10.34775904096674104,5568
7386,-1.07400000000000007,10.34252624231736917,5569
7387,-1.10640000000000005,10.33537774158952871,5570
7388,-1.02839999999999998,10.33480697751960165,5571
7389,-0.54469999999999996,10.32696658266208978,5572
7390,-0.58098000000000005,10.19291770988896317,5573
7391,-0.59314999999999996,10.11063309309457203,5574
7392,-0.53405000000000002,10.09770668407318972,5575
7393,-0.60260000000000002,10.16075018406867692,5576
7394,-0.58387999999999995,10.32477006021800925,5577
7395,-0.70208000000000004,10.33182545970481669,1589
7396,-0.70840000000000003,10.40530028893562431,1590
7397,-0.96662999999999999,10.55023416813570059,1591
7398,-1.16070000000000007,10.77525612046959402,4523
7399,-1.20100000000000007,10.81391151244076276,4524
7400,-1.18629999999999991,10.85456725942234080,1594
7401,-1.24069999999999991,10.74505524300835901,1595
7402,-1.31479999999999997,10.72728266349001736,1596
7403,-1.40979999999999994,10.83116818407270010,1597
7404,-1.41320000000000001,10.93483368488958973,1598
7405,-1.20870000000000011,10.90762623518421925,2393
7406,-1.24849999999999994,10.95896662262772736,2394
7407,-0.71779999999999999,10.89592509279438559,5591
7408,-0.68393999999999999,10.87171250266832168,2086
7409,-0.65112000000000003,10.86029430751344016,2087
7410,-0.55830999999999997,10.83250916472085379,2088
7411,-0.53683999999999998,10.78642804540097622,2089
7412,-0.54318999999999995,10.72791971346610573,5597
7413,-1.02360000000000007,10.67095259725810763,5598
7414,-1.08679999999999999,9.93448089307917748,6369
7415,-1.10080000000000000,9.05453579848327372,6369
7416,-1.03479999999999994,8.96697734898150145,6370
7417,-1.11179999999999990,9.00576528497230555,6371
7418,-0.98687999999999998,8.98741024294702662,6372
7419,-0.86565000000000003,9.07448509351910992,6373
7420,-0.86775000000000002,9.17345149449815978,6374
7421,-0.95496000000000003,9.32048559908384355,6374
7422,-1.04469999999999996,9.50129915384530577,6375
7423,-1.03560000000000008,9.57714708441887907,6376
7424,-1.03760000000000008,9.65479725080946949,6377
7425,-0.96936999999999995,9.77031692903718607,6378
7426,-0.99802000000000002,9.91119499954852579,6379
7427,-0.99046000000000001,9.97644918914068413,6380
7428,-1.01760000000000006,10.08175406353067594,6381
7429,-1.04879999999999995,10.11137486043741163,6382
7430,-1.03000000000000003,10.14486284933922633,6383
7431,-1.04000000000000004,10.18241957096454087,6384
7432,-1.10850000000000004,10.22188158242826006,6385
7433,-1.09299999999999997,10.28081586165165007,6386
7434,-1.40129999999999999,10.37654100990205919,6387
7435,-1.39789999999999992,10.46735941523337843,6388
7436,-1.32810000000000006,10.55173306010141410,6389
7437,-0.53868000000000005,10.62173914272747055,6390
7438,-0.50031000000000003,10.48898555148842604,6391
7439,-0.51907999999999999,10.36830949367866772,6392
7440,-0.50475999999999999,10.22813632990712129,6393
7441,-0.45254000000000000,10.10205486985035073,6394
7442,-0.50829999999999997,9.96707264410716043,6395
7443,-0.59418000000000004,9.80654650814980933,6396
7444,-0.53108999999999995,9.71349426499780932,6397
7445,-0.51995999999999998,9.68771954077163144,6398
7446,-0.55864999999999998,9.66564176442869005,6399
7447,-0.63156000000000001,9.63259352980965211,6400
7448,-0.65264000000000000,9.63462271230597622,6401
7449,-0.70460000000000000,9.63141841846485747,6402
7450,-0.71326000000000001,9.64582612433342490,6403
7451,-0.86516000000000004,9.65036551156904032,6404
7452,-1.04750000000000010,9.64010094565898790,6405
7453,-0.78486000000000000,9.62490560171786314,6406
7454,-0.24854999999999999,9.62346241957954796,6407
7455,-0.81735999999999998,9.41457923231737936,6408
7456,-0.29121000000000002,9.56822536104277610,6409
7457,-0.91756000000000004,9.35187905034311306,6410
7458,-0.99070000000000003,9.40399566339027970,6411
7459,-1.03830000000000000,9.45112767175024970,6412
7460,-1.04659999999999997,9.50645446720921683,6413
7461,-0.51361999999999997,9.56084851190834684,6414
7462,-0.48361999999999999,9.46570538660703065,6415
7463,-0.48224000000000000,9.44785266708178817,6416
7464,-0.50131000000000003,9.43311288236101753,6417
7465,-0.48068000000000000,9.41910744888249774,6418
7466,-0.42253000000000002,9.45322021797978174,6419
7467,-0.37323000000000001,9.57477899926450426,6420
7468,-0.34199000000000002,9.77263499216586418,6421
7469,-0.31716000000000000,9.98585634135847755,6422
7470,-0.47738999999999998,10.12105008739187895,3729
7471,-1.16949999999999998,9.96892700588300684,3730
7472,-0.89709000000000005,9.98225210792124606,3731
7473,-1.00530000000000008,10.10158498230123847,3732
7474,-1.39470000000000005,10.10696499266577497,3733
7475,-1.04780000000000006,10.16626229763313916,3734
7476,-1.00120000000000009,10.20736569875503896,3735
7477,-1.06079999999999997,10.09535596670538560,5713
7478,-1.06749999999999989,9.96335367143507433,5714
7479,-1.08519999999999994,9.95854845353291651,5715
7480,-1.05739999999999990,9.99764952806506102,5716
7481,-1.08279999999999998,10.02653656034607366,5717
7482,-1.08450000000000002,10.09538197573418650,5717
7483,-1.09000000000000008,10.20137963505926848,5718
7484,-1.09569999999999990,10.29930780703298154,5719
7485,-1.07050000000000001,10.39217107145548802,5720
7486,-1.06349999999999989,10.46724244005984694,5721
7487,-1.05659999999999998,10.52451776708896602,5722
7488,-1.04020000000000001,10.58338614113992904,5724
7489,-1.00380000000000003,10.58448358088538654,5725
7490,-0.65207999999999999,10.59370836883461742,5726
7491,-0.52705000000000002,10.51924877494830568,5727
7492,-0.17643000000000000,10.60655192389550194,5728
7493,-0.07580099999999999,10.83957592682804716,5729
7494,-0.23541999999999999,11.13689979460528434,7389
7495,-0.20726000000000000,11.20993606487633443,7390
7496,-0.20204000000000000,11.25027737550760953,7391
7497,-0.17820000000000000,11.26478576939853404,7392
7498,-0.42103000000000002,11.30873376891646309,7393
7499,-0.47209000000000001,11.18025287222571151,7339
7500,-0.59853999999999996,10.75903076993828833,7340
7501,-1.07630000000000003,10.45565014756577149,7341
7502,-1.05259999999999998,10.71666873846028167,7342
7503,-1.05119999999999991,10.93866343864203650,7343
7504,-1.09200000000000008,10.99695405675263871,7344
7505,-1.05129999999999990,11.07619484429157097,7345
7506,-1.07069999999999999,11.11186017483260358,7346
7507,-1.07929999999999993,11.11018770118401910,7347
7508,-1.07790000000000008,11.15546193645311845,7348
7509,-1.05339999999999989,11.18258469953839729,7349
7510,-0.88570000000000004,10.92441073183567291,7350
7511,-0.79442000000000002,10.77818670562921177,7351
7512,-0.75595999999999997,10.92161311785035771,7352
7513,-0.58352000000000004,10.85321528238244326,2507
7514,-0.51858000000000004,10.96753518410675809,7354
7515,-0.61612000000000000,10.87212378575584282,6411
7516,-0.59428999999999998,10.79464117943435397,6412
7517,-0.45194000000000001,10.71457831306331343,6413
7518,-0.71399000000000001,10.57820681943400665,6414
7519,-0.55003999999999997,10.61566862265642897,6415
7520,-0.51776000000000000,10.58813719341167214,6416
7521,-0.55898999999999999,10.81436200640733425,6417
7522,-0.68508000000000002,11.06114018041736280,6418
7523,-0.69410000000000005,11.28403120620563094,6419
7524,-0.66100000000000003,11.33063836290535420,4713
7525,-0.62075999999999998,11.09353402417695911,4714
7526,-0.66961999999999999,10.90856183893645870,4715
7527,-0.69394999999999996,10.70095492641697099,4716
7528,-0.83679999999999999,10.49513983903184844,4717
7529,-0.87275999999999998,10.55238559663469644,4718
7530,-0.91390000000000005,10.59310992373714733,4719
7531,-0.94259000000000004,10.61331322623996165,4720
7532,-0.96491000000000005,10.69129469521410414,4721
7533,-0.96157999999999999,10.74028539597888177,5693
7534,-0.99156999999999995,10.78246118636554662,5694
7535,-1.01940000000000008,10.84595765442914228,5695
7536,-1.07980000000000009,11.00744885911537096,5696
7537,-1.08129999999999993,11.03009766424937688,4725
7538,-1.10299999999999998,11.36709723118523208,5698
7539,-1.22280000000000011,11.36625251374785783,2614
7540,-1.22500000000000009,11.28719043684473178,2615
7541,-1.16189999999999993,11.27644172149635260,2616
7542,-0.85663999999999996,11.13151573399831840,4825
7543,-0.80461000000000005,10.96800005006114631,4826
7544,-0.85133999999999999,10.97349267429854081,4827
7545,-0.85799000000000003,10.96272810858897806,4828
7546,-0.78230000000000000,10.93056581823211104,4829
7547,-0.83342000000000005,10.81804058408416935,4830
7548,-0.81308000000000002,10.74018979770681526,4831
7549,-0.71816999999999998,10.70176014908082962,4832
7550,-0.66198000000000001,10.82424143213716405,4833
7551,-0.60414999999999996,10.86605549395646264,1670
7552,-0.46054000000000000,10.90828060989725223,1671
7553,-0.50053000000000003,10.78032545847114321,1672
7554,-0.52092000000000005,10.66104531219810347,1673
7555,-0.55554999999999999,10.50416880487299842,1674
7556,-1.32840000000000003,10.37769000771433348,1675
7557,-1.35089999999999999,10.53739709625245524,1676
7558,-0.85697999999999996,10.78275809089049453,1677
7559,-0.92930000000000001,10.74418155966453270,1678
7560,-0.93081999999999998,10.78061355568101121,1679
7561,-0.87122999999999995,10.79156829048842248,1680
7562,-0.97731999999999997,10.82710884094959347,1681
7563,-0.95628999999999997,10.82647429803274619,1682
7564,-1.09410000000000007,10.84678223442644018,1683
7565,-0.60640000000000005,10.52177117625322111,1846
7566,-0.57072000000000001,10.57339056206017958,1847
7567,-0.60143999999999997,10.63868621396951930,1848
7568,-0.60348000000000002,10.67896145563085675,1849
7569,-0.59250999999999998,10.78666119712678118,1850
7570,-0.60831999999999997,10.79563841036413052,1689
7571,-0.65085999999999999,10.78893871827453133,1690
7572,-0.66061000000000003,10.77741918564566248,1691
7573,-0.64668000000000003,10.75083826312096669,1692
7574,-0.86690999999999996,10.65823443602801390,1693
7575,-1.12999999999999989,10.61730843014444581,2379
7576,-0.91886000000000001,10.65168324972520608,2380
7577,-0.89659000000000000,10.65880773373826074,2381
7578,-0.90658000000000005,10.65915057861306892,2382
7579,-0.93683000000000005,10.63020034931267688,2383
7580,-0.93823999999999996,10.59676649813176041,2384
7581,-0.83521999999999996,10.58199934616044580,2385
7582,-0.89141999999999999,10.57995042572350641,2386
7583,-1.29689999999999994,10.58737629804292624,2387
7584,-1.30240000000000000,10.47950839617620034,4049
7585,-0.83950000000000002,10.18365641075963168,4050
7586,-0.64224999999999999,10.17576098991197497,4051
7587,-0.61767000000000005,10.12991671397358573,4052
7588,-0.63100999999999996,10.15262469095354980,4053
7589,-0.65197000000000005,10.15756894220122852,4054
7590,-0.75863999999999998,10.10892211001775287,4055
7591,-0.88058000000000003,10.02726405397216070,4056
7592,-0.99109999999999998,9.92611382203127413,4057
7593,-0.64802000000000004,9.80252650549448923,4058
7594,-0.99053999999999998,9.92754222065900294,4059
7595,-1.05550000000000010,10.02060203700786367,4059
7596,-1.12860000000000005,10.25955229133679225,4060
7597,-0.67488000000000004,10.40132903277892318,4062
7598,-0.70194000000000001,10.36894895953162532,4063
7599,-0.56076999999999999,10.39901454904376621,4309
7600,-0.63680999999999999,10.27841385539026398,4310
7601,-0.68203000000000003,10.20835544769609449,4311
7602,-0.65702000000000005,10.12054267839481270,4312
7603,-0.68371999999999999,10.02045283708849510,4313
7604,-0.67703000000000002,10.06935193672781637,4314
7605,-0.71575000000000000,10.17134319231515072,4315
7606,-0.73560999999999999,10.13722733545422017,4316
7607,-0.77105000000000001,10.11317996693796140,4317
7608,-0.82974999999999999,10.12917722004241838,4318
7609,-0.78029000000000004,10.33799587501748540,4319
7610,-1.10800000000000010,10.52176119498472673,4320
7611,-0.84923999999999999,10.56251730121252841,4076
7612,-0.90744999999999998,10.53612782725395824,4076
7613,-0.80469999999999997,10.53517540453094981,4077
7614,-0.75693999999999995,10.49639303756266351,4078
7615,-0.68262999999999996,10.40272377912362423,4079
7616,-0.72402999999999995,10.31503246978559218,4080
7617,-0.71721999999999997,10.28584291552003371,4081
7618,-0.85480000000000000,10.27105657834201580,4082
7619,-0.92349000000000003,10.25508999579005120,4083
7620,-0.94188000000000005,10.42781964867699074,4085
7621,-1.04150000000000009,10.44769517964124717,4086
7622,-0.99407999999999996,10.37923645080214463,4087
7623,-0.71516000000000002,10.27929244923777574,255
7624,-0.72592999999999996,10.20421028904507033,256
7625,-0.67386000000000001,10.14751578089544992,257
7626,-0.57330000000000003,10.10791960992731120,258
7627,-0.67728999999999995,10.03915334657751401,259
7628,-0.67242999999999997,9.97422966418896451,260
7629,-0.66747000000000001,9.92127090173175219,261
7630,-0.64859999999999995,9.96350282345095728,262
7631,-0.59870999999999996,10.01402112064986838,263
7632,-0.68994999999999995,10.06553779679988558,264
7633,-0.47883999999999999,10.05449608412509654,265
7634,-0.58367999999999998,10.05713522466899512,266
7635,-0.62533000000000005,10.04958331939131533,267
7636,-0.46711999999999998,10.08749355754349430,268
7637,-0.38013999999999998,10.17779605060798254,269
7638,-0.98109000000000002,11.16111141739353130,4183
7639,-1.04230000000000000,11.14484131037192327,4184
7640,-0.43868000000000001,11.08332705244207439,4185
7641,-0.42333999999999999,11.07962441423760325,4186
7642,-0.45334999999999998,11.12047105032382532,4187
7643,-0.38873000000000002,11.15291540478319554,7758
7644,-0.37833000000000000,11.16006601041820190,4189
7645,-0.45894000000000001,11.19409912508259275,4190
7646,-0.41191000000000000,11.24169390733546336,4191
7647,-0.35510999999999998,11.23587343739967714,7762
7648,-0.74707999999999997,11.13826459388287304,7763
7649,-0.70421000000000000,11.13491354733607253,7764
7650,-0.70262999999999998,11.14023973990071603,7765
7651,-0.82435999999999998,11.12077412713396463,5600
7652,-0.81755000000000000,11.12189120181054669,5601
7653,-0.85197999999999996,11.13468477904468301,7768
7654,-0.86670999999999998,11.17135681738275643,7769
7655,-0.34721999999999997,11.14466866259940225,4200
7656,-0.45144000000000001,10.99147007771731310,5605
7657,-1.29719999999999991,10.82357170752865194,5606
7658,-1.28530000000000011,11.06440154235155759,4203
7659,-1.29000000000000004,10.93599188486971485,4204
7660,-1.22500000000000009,10.85954385664476440,4205
7661,-1.18179999999999996,10.87207562879014588,4206
7662,-1.20300000000000007,10.92650845747721711,4207
7663,-0.87722999999999995,10.96338560388233496,4208
7664,-0.90952000000000000,10.91849990236566903,4209
7665,-0.94837000000000005,10.90529896789958819,4210
7666,-1.17040000000000011,10.89897423657764897,4211
7667,-1.05519999999999992,10.82437821779890186,4212
7668,-0.95118000000000003,10.75421494542449530,4213
7669,-0.67093000000000003,10.60865039073765281,4214
7670,-0.61595999999999995,10.66466833137332948,4215
7671,-0.63046999999999997,10.67442915219755761,4216
7672,-0.66025999999999996,10.68511485092715141,4217
7673,-0.66320999999999997,10.61863906962545023,4218
7674,-0.77381000000000000,10.58382218315820111,4219
7675,-0.72977999999999998,10.55710583560778915,4220
7676,-0.70262999999999998,10.49638153920836636,4221
7677,-0.68344000000000005,10.44011525711360555,4222
7678,-0.70443999999999996,10.39130220216450873,4223
7679,-0.65797000000000005,10.40426058884451166,4224
7680,-0.64873999999999998,10.48691029735844182,4225
7681,-0.70926999999999996,10.44795786071957977,4226
7682,-0.74712999999999996,10.36608191437056803,4227
7683,-0.78686000000000000,10.30925239073159538,4228
7684,-0.72504000000000002,10.30089743659259760,4229
7685,-0.77790000000000004,10.28427517695524074,4230
7686,-0.77924000000000004,10.26908361677624093,4231
7687,-0.70974000000000004,10.26254096376591995,4232
7688,-0.96609999999999996,10.22153484297258430,4233
7689,-0.95223000000000002,10.25836847077717451,4234
7690,-0.89807999999999999,10.29340337502339331,4235
7691,-0.87397999999999998,10.64273775718831416,4236
7692,-0.85867000000000004,10.98928676802383997,4237
7693,-1.04089999999999994,11.00526738835077545,4238
7694,-1.03350000000000009,11.06156716651205407,4239
7695,-1.01469999999999994,11.22850997328396794,4240
7696,-1.18940000000000001,11.31648448856306999,5860
7697,-0.92639000000000005,11.26674034565499660,5861
7698,-0.59843999999999997,11.26293415124719566,5862
7699,-0.57415000000000005,11.20208882267118078,5863
7700,-0.60707999999999995,11.07512045948124424,5864
7701,-0.67157999999999995,10.96331088112076202,5865
7702,-0.67086000000000001,10.90672624426384374,5866
7703,-0.73512999999999995,10.86569732560508506,5867
7704,-0.75627999999999995,10.84075313244435534,5868
7705,-0.69301999999999997,10.79845003439188211,5869
7706,-0.56669000000000003,10.77411285593376000,5870
7707,-0.71591000000000005,10.79007426594599650,4084
7708,-0.65905000000000002,10.99226937647978097,1633
7709,-0.57081999999999999,10.92675651594021247,1634
7710,-0.51241000000000003,10.89900283960096949,1635
7711,-0.41610000000000003,10.87266130821646293,1636
7712,-0.34595999999999999,10.89386771853081548,1637
7713,-0.76863000000000004,10.87980742346007190,1638
7714,-0.74814000000000003,10.88078635428375485,1639
7715,-0.86999000000000004,10.85050279706608656,1640
7716,-0.77300999999999997,11.00950760963189801,1641
7717,-0.74714000000000003,10.97561174496490644,4093
7718,-0.80301000000000000,10.89528240419464744,4094
7719,-0.81415000000000004,10.88614581521838076,4095
7720,-0.80606000000000000,10.86822601519541642,4096
7721,-0.78317000000000003,10.87751352436761287,4097
7722,-0.82601999999999998,10.89064924164921067,4098
7723,-0.80020999999999998,10.59521429458412101,7124
7724,-0.77927999999999997,10.24728632113807869,7125
7725,-0.78863000000000005,10.28248484210993574,7126
7726,-0.83980999999999995,10.29072737829645412,7127
7727,-0.81986999999999999,10.30845176914707118,7128
7728,-0.59362000000000004,10.32406645755153640,7129
7729,-0.60385999999999995,10.20263097637752558,7130
7730,-0.59670999999999996,10.11834703287490989,7131
7731,-0.58386000000000005,10.11299622880193638,7132
7732,-0.60314999999999996,10.08996905782162479,7133
7733,-0.57184999999999997,10.06142381719695678,7134
7734,-0.43898999999999999,10.05786582872954504,7135
7735,-0.53485000000000005,10.09566369850363365,7136
7736,-0.58381000000000005,10.09757977090611725,7137
7737,-0.63826000000000005,10.16717061451244319,7138
7738,-0.64124999999999999,10.17452161906168584,7139
7739,-1.21009999999999995,10.23466588932263299,7140
7740,-1.16270000000000007,10.32085623288221043,7141
7741,-1.15730000000000000,10.38496051105627593,7142
7742,-1.13030000000000008,10.45171715976196580,7143
7743,-1.11739999999999995,10.53549465602189450,7144
7744,-1.02099999999999991,10.61556918473389999,7145
7745,-0.95382000000000000,10.68687153968995140,7146
7746,-1.00180000000000002,10.75317948586537220,7147
7747,-1.06790000000000007,10.83537059053323404,7148
7748,-1.07889999999999997,10.91472597048769799,7149
7749,-0.76744999999999997,10.98123218679709190,7150
7750,-0.75719999999999998,10.96823131627559178,7151
7751,-0.77920000000000000,10.94774862032707041,7152
7752,-0.87953999999999999,10.92270008983167351,7153
7753,-1.06250000000000000,10.91505962071757274,7154
7754,-1.01760000000000006,10.97513885787355115,7155
7755,-0.81083000000000005,11.08299981242156740,7156
7756,-0.76436999999999999,11.20815124950624586,7157
7757,0.92834000000000005,11.08116183012383438,6920
7758,-0.51607000000000003,10.82525128307602635,3221
7759,-0.63324999999999998,10.77764696275095524,3222
7760,-0.77181000000000000,10.84457110694176585,3223
7761,-0.67486000000000002,10.90350761042964223,7166
7762,-0.71655000000000002,10.87025171403391433,7167
7763,-0.70055999999999996,10.89025762393749197,7168
7764,-0.63444999999999996,10.87939758543262947,7169
7765,-0.73640000000000005,10.84528834169690015,7170
7766,-0.74822000000000000,10.85993434439978245,7171
7767,-0.74192000000000002,10.85650609801651889,7172
7768,-0.76283000000000001,10.83992685056830219,7173
7769,-0.76912000000000003,10.83103817288764503,7174
7770,-0.79578000000000004,10.89824843152368672,3971
7771,-0.77810000000000001,10.91889309269493147,7176
7772,-1.07390000000000008,10.91197593845217639,7177
7773,-1.11640000000000006,11.14167171279107293,7178
7774,-1.03630000000000000,11.12828212311744380,2985
7775,-1.00390000000000001,11.09048320447931779,2985
7776,-0.98238999999999999,11.15644945149670697,2986
7777,-0.96377999999999997,11.19916053616815432,2987
7778,-0.99139999999999995,11.23369924938542042,2988
7779,-1.05360000000000009,11.28831431590374201,2989
7780,-1.20920000000000005,11.32538922219517019,6314
7781,-1.02210000000000001,10.95822058758830053,7229
7782,-0.62660000000000005,11.00199600043864301,7230
7783,-0.63510000000000000,10.99409793945233460,7228
7784,-0.53786000000000000,10.95493069300140121,7230
7785,-0.66666999999999998,11.01520413168342927,7231
7786,-0.64012999999999998,11.00608759849686535,7232
7787,-0.62246999999999997,10.92510112462460725,7233
7788,-0.58991000000000005,10.84834713251115446,7234
7789,-0.51324999999999998,10.67716021721363795,7235
7790,-0.44352999999999998,10.62916634588416898,7236
7791,-0.33448000000000000,10.67071647113734656,7237
7792,-0.38191000000000003,10.81492702117492577,7238
7793,-0.31362000000000001,10.90653033843593001,7239
7794,-0.44473000000000001,11.05007827814407939,7240
7795,-0.37420999999999999,11.08136173651903889,7241
7796,-0.70162000000000002,11.04879911503339152,7201
7797,-0.71360999999999997,11.11599047862910261,7202
7798,-0.79276000000000002,11.11586438126889398,7203
7799,-0.92574000000000001,11.08618042407128002,7204
7800,-0.66835999999999995,11.01567801532674373,7246
7801,-0.49925999999999998,10.95172356001115510,7247
7802,-0.48232999999999998,10.95995001213148257,7248
7803,-0.43962000000000001,10.97429831833027869,7249
7804,-0.39177000000000001,11.02421570893343805,7250
7805,-0.64692000000000005,11.09968857933520425,7251
7806,-0.63465000000000005,11.08001676773423760,7252
7807,-0.62322999999999995,11.08355135141637504,7253
7808,-0.68125999999999998,11.03537430288529464,2113
7809,-0.70337000000000005,10.99608377557308891,2114
7810,-1.16460000000000008,10.95261160759132224,2115
7811,-1.24720000000000009,10.88814510785650036,2116
7812,-0.72877999999999998,10.70371497483957945,2117
7813,-0.33912999999999999,10.64539206388152692,2118
7814,-0.33293000000000000,10.82925298132136582,2119
7815,-0.30806000000000000,10.96183079856521125,7219
7816,-0.31118000000000001,10.91894744698073438,7220
7817,-0.34923999999999999,10.82034066884784984,7219
7818,-0.36251000000000000,10.69131537666577181,7220
7819,-0.35102000000000000,10.66215808257107867,7221
7820,-0.34943000000000002,10.91655105418456451,7266
7821,-0.43384000000000000,10.89975887342881755,7267
7822,-0.52964999999999995,10.89520806272452980,7268
7823,-0.52395999999999998,10.91307796106498529,7269
7824,-0.49889000000000000,10.93719257125523470,7270
7825,-0.54579999999999995,11.00074551682318003,7271
7826,-0.57604000000000000,11.03586384106394114,7272
7827,0.51153000000000004,11.04466618864088368,7273
7828,-0.44029000000000001,11.02254258657279706,6639
7829,-0.60995999999999995,11.06763728134221836,6640
7830,-0.68393999999999999,11.10326347064531305,4881
7831,-0.55420000000000003,11.00087753057139039,6643
7832,-0.69847000000000004,10.92343655477921160,6644
7833,-0.61856999999999995,10.79509707991131862,6645
7834,-0.62673000000000001,10.81169848679916967,6646
7835,-0.63476999999999995,10.84810305967101485,6647
7836,-0.62017999999999995,10.90893537341700892,6647
7837,-0.40056000000000003,11.01527586539296522,6648
7838,-0.55120999999999998,11.16145702333581546,6649
7839,-0.57167999999999997,11.18754737043855840,6650
7840,-0.61733000000000005,11.26161186782656110,6651
7841,-0.72169000000000005,11.28640876093164280,6653
7842,-0.79361999999999999,11.24723794792370946,6653
7843,-0.74753999999999998,11.24080487265494988,4068
7844,-0.71179000000000003,11.25234969873318924,7248
7845,-0.60470000000000002,11.27996923119521888,7249
7846,-0.60699000000000003,11.23980089159217854,6657
7847,-0.62067000000000005,11.21474529321428015,6658
7848,-0.64949999999999997,11.22254292619831872,6659
7849,-0.77851999999999999,11.20494871927287761,6660
7850,-0.77681999999999995,11.19642050577624737,6661
7851,-0.76014999999999999,11.18751002315868170,6662
7852,-0.73448000000000002,11.16566364996526772,6663
7853,-0.67630000000000001,11.11047369744290414,6664
7854,-0.68955000000000000,11.06623989761843241,6665
7855,-0.66190000000000004,11.01433718042417631,6666
7856,-1.03439999999999999,11.04935948874387286,6667
7857,-1.08909999999999996,11.15673402889353305,6668
7858,-1.14589999999999992,11.17461645496080003,6669
7859,-0.93840000000000001,11.21593826708945230,6670
7860,-0.72404000000000002,11.24612570076006257,6671
7861,-0.54651000000000005,11.27818997345393193,6672
7862,-0.62388999999999994,11.25526868423429683,6673
7863,-0.65227000000000002,11.24575422433205851,6674
7864,-0.60853999999999997,11.23232064417062759,6675
7865,-0.50848000000000004,11.23655190091599287,6676
7866,-0.59352000000000005,11.27493665874984430,6677
7867,-0.52156999999999998,11.23516968555561668,6678
7868,-0.45721000000000001,11.33730913697238130,6679
7869,-0.36388999999999999,11.30222432178289260,6680
7870,-0.33667999999999998,11.27251262137088084,6681
7871,-0.27822000000000002,11.54478996349549469,6681
7872,-0.22803000000000001,11.89670588192585043,2139
7873,-0.31348999999999999,11.90577748526698265,2049
7874,-0.68583000000000005,11.93584742930198672,3953
7875,-0.77490999999999999,11.88441728252977114,6685
7876,-0.75956000000000001,11.76053978695193791,2052
7877,-0.94250000000000000,11.72698969454517481,2053
