# Time (s)
0.045397
# Mem(KB) tseries,means,norms,df,dg,profile,profileIndex,Total(MB)
158.08,156.52,156.52,156.52,156.52,156.52,156.52,1.07
# Profile Length
20035
# i,tseries,profile,index
0,-34.86800000000000210,8.78750770741548060,6400
1,-39.25699999999999790,8.77790524576755793,6401
2,-40.31900000000000261,8.71490999409349598,6402
3,-38.40699999999999648,8.68200027020604459,6403
4,-38.58200000000000074,8.62648930475211451,6404
5,-39.48599999999999710,8.58989721347222890,6405
6,-39.04800000000000182,8.55831581135914377,6406
7,-39.79800000000000182,8.51785726225864792,6407
8,-39.78399999999999892,8.45582953730150066,6408
9,-38.80700000000000216,8.38893974232676953,6409
10,-41.34100000000000108,8.34914952520920295,6410
11,-40.51599999999999824,8.26159630872552775,6411
12,-41.28900000000000148,8.19192199999086057,6412
13,-38.25999999999999801,8.13090199650648593,6413
14,-38.43800000000000239,8.08630135647138104,6414
15,-40.10000000000000142,8.04803738041363026,6415
16,-37.24000000000000199,7.99775167922657015,6416
17,-36.63900000000000290,7.98374328749140627,6417
18,-37.31000000000000227,8.00158413637660182,6418
19,-38.66499999999999915,8.06960618293320309,6419
20,-37.81000000000000227,8.12448970553759509,6420
21,-38.14999999999999858,8.13922279850756603,6421
22,-42.57800000000000296,8.17710825937028751,6422
23,-40.06799999999999784,8.17718966892812205,6423
24,-37.90999999999999659,8.21607962401836645,6424
25,-38.55499999999999972,8.22373384268045271,6425
26,-37.83299999999999841,8.25489624253233423,6426
27,-37.64399999999999835,8.24866052802570593,6427
28,-38.53499999999999659,8.31193495894163092,6427
29,-43.25399999999999778,8.30503337022508248,6429
30,-41.53900000000000148,8.30948075083350979,6429
31,-43.21500000000000341,8.34025111724130319,6430
32,-40.80199999999999960,8.33097828458461898,6432
33,-39.74399999999999977,8.34737182473444328,6432
34,-39.45900000000000318,8.37668300460021165,6433
35,-39.55899999999999750,8.40920266821335360,6434
36,-39.14500000000000313,8.42924897825084685,6436
37,-38.38900000000000290,8.44359343303687027,6436
38,-38.36399999999999721,8.47179895471762912,6437
39,-40.37400000000000233,8.49846170625131059,6438
40,-41.77499999999999858,8.50587483167752012,6439
41,-40.07699999999999818,8.55594222353809286,6440
42,-41.05299999999999727,8.65497324444730154,6441
43,-39.97599999999999909,8.80670097121952189,6442
44,-38.81499999999999773,8.98663784351511374,12715
45,-38.19400000000000261,8.77691445113715041,12716
46,-40.86599999999999966,8.63170544373955195,12717
47,-41.58700000000000330,8.49608403625596686,12717
48,-39.63700000000000045,8.32474713730989357,12719
49,-37.68200000000000216,8.16187172410507067,12719
50,-39.62500000000000000,8.06890592342269031,12720
51,-40.08200000000000074,7.90407234314304752,12721
52,-39.42699999999999960,7.75480945937351951,12722
53,-38.27300000000000324,7.47624161356796879,12724
54,-37.89800000000000324,7.21431649337734537,12725
55,-27.49899999999999878,6.89204494736835205,12726
56,-25.64300000000000068,6.80769270143133198,12727
57,-27.58500000000000085,6.69208709743311836,12728
58,-14.38599999999999923,6.62342701208294393,12729
59,-9.68609999999999971,6.61468251629401305,12730
60,-8.72910000000000075,6.63705143290042088,12731
61,-6.00720000000000010,6.67738169337152421,12732
62,-2.74849999999999994,6.66097893514779837,12733
63,-2.49909999999999988,6.66670173595680016,12733
64,-0.15823999999999999,6.61679015915574276,12734
65,0.59897000000000000,6.55423194042122148,12735
66,2.40720000000000001,6.50633649211926990,12736
67,2.61819999999999986,6.50939181378565923,12737
68,4.42879999999999985,6.45266060656065044,12738
69,4.62460000000000004,6.40208174020680421,12739
70,5.90840000000000032,6.37353707403304437,12740
71,6.69259999999999966,6.33783043214514663,12741
72,5.64630000000000010,6.31125566929624249,12742
73,0.78861000000000003,6.30170556608641430,12743
74,-5.76890000000000036,6.30737841322977832,12744
75,-7.82770000000000010,6.30320889241820570,12745
76,-8.30020000000000024,6.32630969805112819,12746
77,-7.42189999999999994,6.32211078310414720,12747
78,-7.89860000000000007,6.31741440850738556,12748
79,-8.66649999999999920,6.32668825482051655,12749
80,-8.04570000000000007,6.34475962622105971,12750
81,-8.03560000000000052,6.45223441632320505,12751
82,-6.07699999999999996,6.50782905616402729,12753
83,-4.79399999999999959,6.62102255647366000,12753
84,-1.65169999999999995,6.79947673610932668,12754
85,-1.40959999999999996,7.17242760455768291,12755
86,-1.47659999999999991,7.60937139703673893,12756
87,0.00660230000000000,7.96592596250372864,12757
88,-1.80899999999999994,8.32393124262697803,12758
89,-5.53209999999999980,8.65445879097260296,12759
90,-7.20509999999999984,8.94390586826304634,12760
91,-11.89899999999999913,9.22992917877038010,12761
92,-13.92399999999999949,9.52772124174725121,12762
93,-12.62100000000000044,9.78618466727350977,12763
94,-11.61500000000000021,10.00581141140151509,12764
95,-12.65700000000000003,10.18159720837260629,12765
96,-13.73099999999999987,10.37995165674999143,12766
97,-13.38000000000000078,10.52395326259410702,34
98,-14.19899999999999984,10.58238496958878905,35
99,-14.02399999999999913,10.65249240759244032,36
100,-15.19699999999999918,10.72130559104220104,37
101,-15.08099999999999952,10.79519132066261911,38
102,-13.85100000000000087,10.91105344587882442,38
103,-15.04400000000000048,11.04506462994856797,39
104,-16.66900000000000048,11.16436552546664451,12774
105,-18.52899999999999991,11.17773485569563441,12775
106,-20.23699999999999832,11.15538131132715627,43
107,-20.57300000000000040,11.18474029423526872,43
108,-25.42299999999999827,11.25516228654270989,45
109,-24.65099999999999980,11.45631305166578251,45
110,-23.56400000000000006,11.63252625595173839,47
111,-26.76399999999999935,11.72526888694402381,8218
112,-24.43199999999999861,11.75533080665461583,8219
113,-25.69000000000000128,11.74631579802932890,8220
114,-27.39300000000000068,11.73184365735537149,8221
115,-26.55999999999999872,11.69458884896792128,8222
116,-26.90700000000000003,11.64591095506172103,8223
117,-26.85800000000000054,11.67160824297393695,8223
118,-25.68199999999999861,11.78363939821684703,8224
119,-25.48900000000000077,11.88848165587620898,8225
120,-27.25600000000000023,11.95750959254624490,8226
121,-16.45700000000000074,12.04605834960149302,8227
122,-9.13760000000000083,12.10678284469361010,8229
123,-3.40099999999999980,12.14175367820668860,8230
124,-4.30839999999999979,12.16035841852641042,8231
125,-3.94760000000000000,12.14229762676924196,18302
126,-2.06360000000000010,12.11969547296346583,18303
127,0.15825000000000000,12.10625949720599337,18304
128,2.22409999999999997,12.10745599196918754,18305
129,4.01480000000000015,12.13998887251773162,18305
130,2.79579999999999984,12.17705098293246024,8236
131,3.55410000000000004,12.17720858914996818,8237
132,3.48609999999999998,12.17417855568645457,8238
133,2.24160000000000004,12.13835536736081622,18310
134,2.96919999999999984,12.10667638332360951,18311
135,4.51790000000000003,12.06773382125401639,8242
136,1.79410000000000003,11.97480259594290608,8243
137,-3.19919999999999982,11.94673350736161055,8243
138,-2.29950000000000010,11.94664975504137772,8245
139,-3.66719999999999979,11.93380858007521184,8245
140,-1.78550000000000009,11.92389877684952459,8247
141,-1.02000000000000002,11.89028107008397228,8248
142,-1.12480000000000002,11.85919932585727921,8249
143,0.29672999999999999,11.83563505453285281,8249
144,-0.76707000000000003,11.80929119263000970,8250
145,-0.84118000000000004,11.79147473393197210,8251
146,-0.98080000000000001,11.79619174523184810,8252
147,-1.38579999999999992,11.81432266161300326,8253
148,-0.61175000000000002,11.85475606815732519,8254
149,-0.90063000000000004,11.89201123300527918,8255
150,0.15859999999999999,11.94539191398662403,8256
151,1.44779999999999998,11.99917566613596343,8257
152,-3.15799999999999992,12.07408797494817776,8259
153,-11.36800000000000033,12.10370328597358380,8259
154,-13.70700000000000074,12.12363048210187699,8260
155,-13.76800000000000068,12.12471427387793987,8261
156,-16.10600000000000165,12.13242224112956436,8263
157,-14.82600000000000051,12.07771674224622238,8264
158,-15.84500000000000064,12.04750842046705195,8265
159,-17.10999999999999943,12.16221815160293218,8266
160,-14.14300000000000068,12.29530451445369543,8268
161,-16.35500000000000043,12.29637361897176362,8269
162,-18.03800000000000026,12.36105366088784940,8269
163,-16.62399999999999878,12.43009040014295508,8271
164,-15.12299999999999933,12.36543291236370479,8272
165,-18.14799999999999969,12.32358752882604946,8272
166,-16.84199999999999875,12.26038818595310076,8274
167,-16.61100000000000065,12.17786489496449853,8275
168,-17.13599999999999923,12.12647962513418243,8275
169,-17.24200000000000088,12.08859381679719824,8276
170,-18.54400000000000048,12.08115179313692700,8277
171,-20.42000000000000171,12.09732612860810441,8278
172,-20.78800000000000026,12.12096218426404093,8279
173,-18.99800000000000111,12.21587042345585949,8279
174,-19.82999999999999829,12.33449924384816576,8280
175,-20.97200000000000131,12.38916037923788238,8281
176,-23.01399999999999935,12.42094432328242348,8282
177,-24.45100000000000051,12.49342876882316133,8283
178,-23.68799999999999883,12.54489506637898977,12890
179,-20.98100000000000165,12.44754944383321416,12891
180,-22.40599999999999881,12.33835681669819806,12892
181,-22.72400000000000020,12.24941844636454569,12893
182,-22.73199999999999932,12.26842966101303389,12894
183,-20.67599999999999838,12.21549458933627541,12895
184,-19.42200000000000060,12.17450188545041811,12896
185,-14.51999999999999957,12.11704918231633066,12897
186,-6.25969999999999960,12.10977185534238210,12898
187,-6.42520000000000024,12.15123279321294270,12899
188,-4.55830000000000002,12.19189402566887814,12900
189,-1.45690000000000008,12.22368476426074579,12901
190,-1.22239999999999993,12.22449839859476661,12902
191,0.20977999999999999,12.19994486391763644,12903
192,1.77879999999999994,12.16440000454460346,12904
193,3.13120000000000021,12.14383282188336644,12905
194,4.01360000000000028,12.19818951898953507,6572
195,5.39609999999999967,12.07344345377121719,6573
196,4.55820000000000025,11.93520956601168415,6574
197,4.57920000000000016,11.87790056259227356,6575
198,4.44760000000000044,11.88313051604489523,6576
199,3.37500000000000000,11.92269285861172889,6577
200,-1.85489999999999999,11.94459094706466651,6578
201,-4.76349999999999962,11.96993319522474053,6579
202,-6.38229999999999986,11.99753516415387367,6580
203,-7.47630000000000017,12.09488051962483546,6581
204,-7.03859999999999975,12.27799664608969543,6582
205,-5.51769999999999960,12.54302124573228738,6583
206,-5.79600000000000026,12.99803617267922107,6584
207,-5.21239999999999970,13.17595059155863702,1034
208,-2.87089999999999979,13.12119209088735694,17931
209,-3.43210000000000015,12.85096982625172579,17931
210,-1.68130000000000002,12.64355573758827411,17932
211,-0.29332999999999998,12.50440027770468809,17933
212,-0.02582900000000000,12.41416603961589971,17935
213,0.15772000000000000,12.32746723592240201,17936
214,-0.36370000000000002,12.26012054597320322,17937
215,-0.52198999999999995,12.17464999572961659,17938
216,-3.99630000000000019,12.11461033940735810,17939
217,-9.29049999999999976,12.07459777405689572,17940
218,-15.19699999999999918,12.07642542629678850,17941
219,-15.02500000000000036,12.07324823949733883,17942
220,-13.37800000000000011,12.08244931287215707,17943
221,-13.47000000000000064,12.08682816835909613,17944
222,-12.32900000000000063,12.11097254323186334,17945
223,-11.90000000000000036,12.14423805323013639,17946
224,-11.73000000000000043,12.17770211406086212,17947
225,-12.40399999999999991,12.21367520750971458,17948
226,-10.38400000000000034,12.15758436804900633,17949
227,-10.10500000000000043,12.10728160376357287,17950
228,-8.44100000000000072,12.12143094629024986,17951
229,-8.39460000000000051,12.21754777486106924,17952
230,-7.73360000000000003,12.31713533117567039,17953
231,-7.96300000000000008,12.44186389153332506,17954
232,-9.17910000000000004,12.55528645140264565,19907
233,-8.87390000000000079,12.41161528157656413,19908
234,-8.28190000000000026,12.26972497049153787,19909
235,-8.12139999999999951,12.20539971103387167,19910
236,-7.83520000000000039,12.25086206852952664,19911
237,-7.90779999999999994,12.37012930864832860,19912
238,-6.72630000000000017,12.46358126708846825,19913
239,-4.83230000000000004,12.60067735774202724,19914
240,-4.63900000000000023,12.75252212146475372,19915
241,-5.36770000000000014,12.88953367907203074,19916
242,-5.00229999999999997,12.87003318335194457,19917
243,-2.62130000000000019,13.06249041662663402,19918
244,-3.20509999999999984,12.93473085449921456,121
245,-2.76259999999999994,12.85388235327983075,122
246,-2.38090000000000002,12.78475802154744301,122
247,-4.25070000000000014,12.76610106366937103,123
248,-9.16670000000000051,12.80975444377116368,124
249,-8.62909999999999933,12.85474251900805243,125
250,-10.22000000000000064,12.89664710437859441,126
251,-6.04089999999999971,12.93246862507475470,127
252,-4.91420000000000012,12.98655832615291494,128
253,-1.19920000000000004,13.04268333615570086,129
254,-1.37820000000000009,13.12025136117435054,760
255,-1.23100000000000009,13.07291648501144721,761
256,1.27709999999999990,13.04869754890355615,762
257,2.26100000000000012,12.95697549742133781,763
258,4.66629999999999967,12.82845371843149174,764
259,3.27130000000000010,12.68767762179967740,765
260,5.62769999999999992,12.51862538078462528,766
261,4.65409999999999968,12.29943515970150614,767
262,6.13590000000000035,12.12019279363483015,768
263,-0.34736000000000000,11.90875301031469569,769
264,-6.27799999999999958,11.79044416415317720,770
265,-5.60379999999999967,11.73676218224374779,771
266,-6.58110000000000017,11.66459715885257431,772
267,-6.06510000000000016,11.60648577284307770,773
268,-6.78420000000000023,11.54288784735808093,774
269,-5.06669999999999998,11.48485450370798766,775
270,-5.24490000000000034,11.43187705020321765,776
271,-2.02870000000000017,11.40279864189984949,777
272,-3.68159999999999998,11.32746161968168153,778
273,-0.39685999999999999,11.27223977883676298,779
274,-2.26109999999999989,11.21267300964295544,780
275,0.40011000000000002,11.22581829103573092,781
276,-3.20759999999999978,11.26455086764733693,782
277,-3.61050000000000004,11.35398463101115496,783
278,-7.66030000000000033,11.41956376155862429,784
279,-9.92549999999999955,11.45715864800089889,785
280,-16.31599999999999895,11.48271899662274009,786
281,-20.21999999999999886,11.49028587351336306,787
282,-25.41100000000000136,11.47874935465872959,788
283,-24.54899999999999949,11.41493517863204055,789
284,-24.57199999999999918,11.37490737527249784,790
285,-25.02400000000000091,11.33729113882486139,791
286,-25.41900000000000048,11.31066018090537639,792
287,-25.18700000000000117,11.29466043027425748,793
288,-25.87099999999999866,11.27726198382320533,794
289,-24.32600000000000051,11.26274551695451720,795
290,-25.01999999999999957,11.24678564799062030,796
291,-25.16900000000000048,11.24209073802863834,797
292,-24.53600000000000136,11.22304916376632278,798
293,-23.71900000000000119,11.22691422405714867,799
294,-23.95599999999999952,11.21561553430207958,800
295,-25.23300000000000054,11.19800241031410337,801
296,-25.60200000000000031,11.18392781494103261,802
297,-25.58099999999999952,11.15980195517300189,803
298,-25.91700000000000159,11.16403243247911092,804
299,-26.18400000000000105,11.20324112802924077,805
300,-25.36199999999999832,11.27344251197211911,806
301,-27.87900000000000134,11.43073389767561032,807
302,-30.69399999999999906,11.43161501644789091,809
303,-30.63299999999999912,11.15438478660216326,810
304,-16.26000000000000156,10.96016814433493636,811
305,-11.76699999999999946,10.97165606416601236,812
306,-12.83099999999999952,10.99069474103226263,813
307,-16.76200000000000045,11.00844390918440929,814
308,-21.73900000000000077,11.02162918026374783,815
309,-20.46999999999999886,11.02379744643305237,816
310,-16.95899999999999963,11.02323256780899818,817
311,-19.65299999999999869,11.01337948362884056,818
312,-14.71299999999999919,11.00533318125497217,819
313,-13.18999999999999950,11.01144848438927504,820
314,-12.16099999999999959,11.01844286968785802,821
315,-12.57099999999999973,11.02104997950118914,822
316,-16.15599999999999881,11.03142119546194166,823
317,-16.02599999999999980,11.03101411636287388,824
318,-14.82300000000000040,11.02480675690696366,825
319,-13.36299999999999955,11.03240227619085978,826
320,-13.42099999999999937,11.04918375983303491,827
321,-18.82900000000000063,11.05433447149319370,828
322,-17.41000000000000014,11.05194718365366846,829
323,-19.92699999999999960,11.05260643435208046,830
324,-19.32600000000000051,11.05188855095349254,831
325,-18.16600000000000037,11.04716285761453243,832
326,-17.92599999999999838,11.04048162100174935,833
327,-15.54499999999999993,11.02297905216842722,834
328,-14.28400000000000070,10.98677942867809598,835
329,-14.72000000000000064,10.93279827943029758,836
330,-14.16099999999999959,10.88443843241186393,837
331,-14.87100000000000044,10.83585664806193805,838
332,-16.00100000000000122,10.78770683216200865,839
333,-16.20100000000000051,10.75649979738085094,840
334,-14.02299999999999969,10.73937821324264696,841
335,-12.59600000000000009,10.72476267402328354,842
336,-10.49900000000000055,10.71655344771264495,843
337,-11.19899999999999984,10.70787353697132005,844
338,-12.42300000000000004,10.70422686885923191,845
339,-10.55400000000000027,10.71513982254861119,846
340,-9.78400000000000070,10.72809466977718529,847
341,-9.22569999999999979,10.75448569637741869,848
342,-11.46299999999999919,10.77766896402924246,849
343,-10.58699999999999974,10.81286581737482599,850
344,-11.80400000000000027,10.87496113306290368,851
345,-9.87340000000000018,10.94698385636499438,852
346,-8.94609999999999950,11.01643936478544639,853
347,-10.25300000000000011,11.07750376416848503,854
348,-9.04069999999999929,11.15250258080663315,855
349,-9.34830000000000005,11.23385824278948952,856
350,-9.52880000000000038,11.32692561834136313,857
351,-8.44630000000000081,11.41826200989538265,858
352,-8.97470000000000034,11.50606237901051365,859
353,-9.59479999999999933,11.57757843688540866,860
354,-8.17360000000000042,11.63054063024542728,861
355,-6.94369999999999976,11.68784979701694304,862
356,-8.55560000000000009,11.74193167677754168,863
357,-12.47499999999999964,11.78228512617083190,864
358,-35.33200000000000074,11.80604615156138948,865
359,-43.88199999999999790,11.44815832973582381,866
360,-43.91499999999999915,10.90966905950024035,867
361,-41.77900000000000347,10.46897371924878151,868
362,-33.43500000000000227,10.25135615798835786,868
363,-22.03500000000000014,10.32641238046475607,869
364,-20.04599999999999937,10.26149316742795037,870
365,-19.29799999999999827,10.27451107176308653,871
366,-18.41799999999999926,10.27132693123160934,872
367,-18.77100000000000080,10.37582366738937267,873
368,-14.99699999999999989,10.69787907370341351,874
369,-12.63100000000000023,10.83614891616890397,875
370,-10.41099999999999959,10.78032738684138891,876
371,-12.13199999999999967,10.79923137013095058,877
372,-8.54180000000000028,10.80485712101017270,878
373,-9.73789999999999978,10.81857314517165491,879
374,-14.91900000000000048,10.82403313481057161,880
375,-15.99300000000000033,10.82200177526149254,881
376,-12.71899999999999942,10.81113670829467210,882
377,-12.44500000000000028,10.80330236304525826,883
378,-16.33299999999999841,10.80949476078355964,884
379,-23.15299999999999869,10.77543517699129438,885
380,-16.66100000000000136,10.76221958056577144,886
381,-3.82989999999999986,10.71752751891635569,887
382,-9.37149999999999928,10.73454214028732778,888
383,-11.21499999999999986,10.75103121038075571,889
384,-13.04199999999999982,10.75930751021657450,890
385,-12.77800000000000047,10.76752577945983802,891
386,-14.01600000000000001,10.77662084905250772,892
387,-14.42600000000000016,10.76627132121557473,893
388,-15.95599999999999952,10.75274255713145521,894
389,-18.96999999999999886,10.74855548777870773,895
390,-21.64000000000000057,10.73141393645873976,896
391,-24.18199999999999861,10.70551686013445725,897
392,-25.98699999999999832,10.68577226874511332,898
393,-28.10000000000000142,10.67562318853538450,899
394,-29.02899999999999991,10.67361998800027401,900
395,-30.27899999999999991,10.68831033985235734,901
396,-26.83599999999999852,10.67303462331940622,902
397,-19.96600000000000108,10.58628209895247174,903
398,-9.85340000000000060,10.55696572362194807,904
399,-10.80000000000000071,10.57919070666895145,905
400,-9.82859999999999978,10.60481876012871894,906
401,-14.30300000000000082,10.36231455545770430,907
402,-32.59400000000000119,9.78165959103287541,909
403,-38.09799999999999898,9.68963225608565537,910
404,-46.97599999999999909,9.73230709984185083,911
405,-53.78600000000000136,9.99553345254580350,912
406,-49.25099999999999767,10.43124944451231784,913
407,-39.24600000000000222,10.73674600335740692,914
408,-39.34599999999999653,10.92671663317943498,915
409,-37.21200000000000330,11.07808766620747853,916
410,-34.54699999999999704,11.13692407503635629,917
411,-29.33200000000000074,11.18452060997469388,918
412,-27.33399999999999963,11.25091987452105258,919
413,-25.31400000000000006,11.45732510526149284,920
414,-24.33599999999999852,11.58650115693513705,921
415,-18.44500000000000028,11.70624605637580196,922
416,-16.68900000000000006,11.76225199241343411,923
417,-16.93799999999999883,11.78288374623760681,924
418,-16.94200000000000017,11.77413511785076317,925
419,-19.09900000000000020,11.79489327047291347,926
420,-19.43100000000000094,11.78895905987813997,927
421,-23.53999999999999915,11.73158835869637784,928
422,-23.76899999999999835,11.76074841159798368,929
423,-27.45799999999999841,11.77040560919816592,930
424,-32.41400000000000148,11.84035874116720066,931
425,-31.79700000000000060,11.96268413079392090,1467
426,-32.78099999999999881,11.94127699711876645,1468
427,-33.77199999999999847,11.96465216693058231,1469
428,-34.80299999999999727,12.00439931223539070,1470
429,-35.09799999999999898,12.05463192673130912,1471
430,-35.25500000000000256,12.28068832508954245,1471
431,-38.93399999999999750,12.59810479039180109,1472
432,-39.39800000000000324,12.61546321066159315,1473
433,-40.42199999999999704,12.72187958172064270,1474
434,-33.76899999999999835,13.11085196749656845,6893
435,-25.55799999999999983,13.13234813275208168,6894
436,-23.43299999999999983,13.15747996799985664,6895
437,-24.55699999999999861,13.20174692471348088,6896
438,-20.14900000000000091,13.26889280263497817,6897
439,-20.23900000000000077,13.23941200683743524,6898
440,-20.47100000000000009,13.14265384162832895,6899
441,-29.69500000000000028,13.10374633663278487,6900
442,-16.78800000000000026,13.15551479688723724,6901
443,-12.40799999999999947,13.16400707401516890,6902
444,-14.92999999999999972,13.13752108405928176,6903
445,-15.41499999999999915,13.14164166083000218,6904
446,-17.02700000000000102,13.14130224350213005,6905
447,-18.14900000000000091,13.11483336902206709,6906
448,-16.81899999999999906,13.10510077634602411,6907
449,-16.60300000000000153,13.10406480220185976,6908
450,-17.75499999999999901,13.10509386932606724,6909
451,-16.02700000000000102,13.10267236158758841,6910
452,-17.54200000000000159,13.12034674815408941,6911
453,-14.83300000000000018,13.08803534464412266,6912
454,-17.39900000000000091,13.09492070600895985,6913
455,-13.47600000000000087,13.08619594861272084,6914
456,-18.24099999999999966,13.05868722734984644,6915
457,-17.00100000000000122,12.97826680988034376,6916
458,-20.00499999999999901,12.88439269889306438,6917
459,-18.33200000000000074,12.75989346767997468,6918
460,-18.06700000000000017,12.95993701879028670,6919
461,-15.12500000000000000,12.98265477169091753,6920
462,-13.86200000000000010,12.97515444389197370,6921
463,-12.19400000000000084,12.99519056040209009,6922
464,-11.41200000000000081,13.02973944951084739,6923
465,-14.24600000000000044,13.04548924849365577,6924
466,-13.66799999999999926,13.06489287320332338,6925
467,-11.68599999999999994,13.02918345587420212,14650
468,-12.56600000000000072,12.89958042681628392,14651
469,-19.01599999999999824,12.77334800923275715,14652
470,-22.90899999999999892,12.76724303242916037,14653
471,-22.85999999999999943,12.86263969537542273,14654
472,-18.79599999999999937,12.90574164450112526,14655
473,-23.35099999999999909,12.87703241757599315,14656
474,-22.44699999999999918,12.89846844771338397,14657
475,-22.85699999999999932,12.89464871518816658,14658
476,-25.31800000000000139,12.89173033884382136,14659
477,-26.31899999999999906,12.80285141790313652,19503
478,-24.63400000000000034,12.53165366231772637,19504
479,-23.80099999999999838,12.46952038111114014,19505
480,-20.84799999999999898,12.78627151163267328,19506
481,-17.72400000000000020,12.82897885017503370,6940
482,-15.71199999999999974,12.79604072652492519,6941
483,-12.65799999999999947,12.78324935391687767,6942
484,-12.37400000000000055,12.79190525343175189,6943
485,-11.72000000000000064,12.81574362720480664,6944
486,-11.32699999999999996,12.82710314794377560,6945
487,-11.07499999999999929,12.84131603641113983,6946
488,-13.39499999999999957,12.86428225610979581,6947
489,-12.59699999999999953,12.84974161312745444,6948
490,-13.38299999999999912,12.85249985062986866,6949
491,-11.01699999999999946,12.91660188297234235,6950
492,-15.75399999999999956,12.95984702301403502,6951
493,-12.92800000000000082,12.92395535981181354,6952
494,-10.86999999999999922,12.88269403550428827,6953
495,-9.27239999999999931,12.86103104516788953,6954
496,-8.27229999999999954,13.10978145835434994,6955
497,-15.01800000000000068,13.17317881457807438,19523
498,-20.79400000000000048,13.13667983414312879,19524
499,-22.15599999999999881,13.18180343376240948,19525
500,-31.05499999999999972,13.19939327945237650,12402
501,-46.21000000000000085,13.13648821811992384,19527
502,-42.61899999999999977,13.53646964227562677,19528
503,-32.64399999999999835,13.31196501684910771,4041
504,-18.82700000000000173,12.98926999876810839,4042
505,-18.36400000000000077,12.98126863954290400,4043
506,-17.21000000000000085,12.92550436689564108,4044
507,-16.82000000000000028,12.88854875402394207,4045
508,-17.51399999999999935,12.84155832317942547,4046
509,-21.20899999999999963,12.78000939983764361,4047
510,-21.53800000000000026,12.79989973163132966,4048
511,-19.61899999999999977,12.79415006117235087,4049
512,-22.42800000000000082,12.76440440484770811,4050
513,-23.06099999999999994,12.78192107097702035,4051
514,-25.00900000000000034,12.77909505837869375,4052
515,-24.43400000000000105,12.84539563412995733,4053
516,-23.06800000000000139,12.81205742624690558,3963
517,-25.15500000000000114,12.68069549072469293,3964
518,-22.10399999999999920,12.50184187407750969,3965
519,-18.29899999999999949,12.33728136430259248,3967
520,-18.05799999999999983,12.18478713554614146,3968
521,-16.58299999999999841,12.02138781335391648,3969
522,-17.73499999999999943,11.92700525355637353,3969
523,-17.90700000000000003,11.83265121187680791,3970
524,-16.27499999999999858,11.67784399271845430,3972
525,-15.93999999999999950,11.59912338313761460,3972
526,-10.88700000000000045,11.48339762007698717,3973
527,-9.44919999999999938,11.47489858442063415,3974
528,-8.63640000000000008,11.54485638314131712,3975
529,-7.92030000000000012,11.64733573892723939,3976
530,-9.39480000000000004,11.75818524326996162,3977
531,-7.96239999999999970,11.79904324501551294,3978
532,-11.76699999999999946,11.96405937259729768,3979
533,-9.27779999999999916,12.01055019948968372,3980
534,-6.94130000000000003,12.06290875187386291,3981
535,-10.62100000000000044,12.03484349192132719,3983
536,-13.25500000000000078,12.01650234618392510,3984
537,-16.91700000000000159,12.06075600719549179,3985
538,-22.09600000000000009,12.09154386063312536,3986
539,-23.22899999999999920,12.16933205829208475,3987
540,-26.84799999999999898,12.20968029950689093,3988
541,-27.46199999999999974,12.24659679453329808,3989
542,-26.48799999999999955,12.31683039281504577,3990
543,-26.93100000000000094,12.35050785385152139,3991
544,-28.13800000000000168,12.39619168585410947,3992
545,-27.46799999999999997,12.45688332069647331,3993
546,-24.90899999999999892,12.44063119205918966,3994
547,-25.24200000000000088,12.43519887299550142,3995
548,-26.69500000000000028,12.32174672515127334,3996
549,-27.63200000000000145,12.20041891612678597,3997
550,-25.91900000000000048,12.27141125518861742,3998
551,-24.20100000000000051,12.28463574300631933,3999
552,-22.58299999999999841,12.12118011132809769,4000
553,-20.78000000000000114,12.01396749036335265,4001
554,-18.60600000000000165,12.00426333515742527,4002
555,-16.52100000000000080,12.36939348565502783,4003
556,-15.57900000000000063,13.39325729614061089,4004
557,-16.60999999999999943,13.92203690790919346,1979
558,-17.80900000000000105,13.94548115867365468,1980
559,-17.71799999999999997,13.95320957746633184,1981
560,-17.60600000000000165,13.97616656775615418,1982
561,-19.51000000000000156,13.99778422180274440,1983
562,-19.68199999999999861,14.01338250315061806,1984
563,-20.56599999999999895,14.05568353490328271,1985
564,-25.74800000000000111,14.08840799615887818,1986
565,-19.68799999999999883,14.18665227977168897,1987
566,-23.23400000000000176,14.27486471896134645,1610
567,-30.07400000000000162,14.20760496756737545,1611
568,-24.49599999999999866,13.97797972358999274,1612
569,-7.83830000000000027,13.76271851122461420,1613
570,-13.43500000000000050,13.78960417835673802,1614
571,-13.35500000000000043,13.75872735311444650,1615
572,-13.24600000000000044,13.71959752060220339,1616
573,-11.50099999999999945,13.68648813670045428,1617
574,-12.24200000000000088,13.69448327161463297,1618
575,-12.72100000000000009,13.70275278814706432,1619
576,-11.50999999999999979,13.70745665928757973,1620
577,-8.01040000000000063,13.74739806658430830,1621
578,-7.09489999999999998,13.81508489348395230,1622
579,-8.16900000000000048,13.87715303796709421,1623
580,-10.26999999999999957,13.92752773111740616,1624
581,-8.08469999999999978,13.95414575736057472,1625
582,-8.22649999999999970,13.99249922536402657,1626
583,-9.05090000000000039,14.00779263762666282,1627
584,-8.61040000000000028,14.05777821476348954,15962
585,-8.07070000000000043,14.01639474176234224,15963
586,-7.00419999999999998,14.00627262448222510,15964
587,-9.91200000000000081,14.02144172386362975,15965
588,-10.33099999999999952,14.03235811889556928,15966
589,-9.80339999999999989,14.04703663981757344,15967
590,-9.84270000000000067,14.10488568488638528,15968
591,-9.94589999999999996,14.18667593946263494,15969
592,-8.01559999999999917,14.31004218849016496,17269
593,-9.11689999999999934,14.32810495174915388,17270
594,-9.50079999999999991,14.40008733595309920,17271
595,-11.86100000000000065,14.45711861799323472,3631
596,-15.04499999999999993,14.31903909555278354,3632
597,-22.85099999999999909,14.27788746655743601,3633
598,-22.56099999999999994,14.30963532977431107,3634
599,-18.75199999999999889,14.38152450392704296,3635
600,-15.94500000000000028,14.33627520140983513,3636
601,-17.81899999999999906,14.13227654383754306,3637
602,-20.31400000000000006,14.04793238297090596,3638
603,-20.71000000000000085,14.01049161092299933,3639
604,-20.68599999999999994,13.92386632552461556,3640
605,-19.02199999999999847,13.85695566661764744,3641
606,-20.59799999999999898,13.81885900467787742,3642
607,-19.24500000000000099,13.78453091683690346,3643
608,-19.09499999999999886,13.77432861817191601,3644
609,-15.51399999999999935,13.77995802863982533,3645
610,-12.70599999999999952,13.83745243780148115,3646
611,-12.91600000000000037,13.97463937537203016,3647
612,-11.90099999999999980,14.07061576764717259,3648
613,-15.44999999999999929,14.08893091703630240,3649
614,-12.95299999999999940,14.13674530635867477,3650
615,-13.53200000000000003,14.14024467596176216,3651
616,-10.12700000000000067,14.14815919818394896,3652
617,-11.82399999999999984,14.17611123419597874,3653
618,-10.81900000000000084,14.18916427568735017,3654
619,-11.02599999999999980,14.21476062555692188,3655
620,-11.26500000000000057,14.28773450979385018,3656
621,-11.78200000000000003,14.32200854623846098,3657
622,-12.50000000000000000,14.34530414124874298,3658
623,-11.58000000000000007,14.35747260021482674,16438
624,-10.83799999999999919,14.32589284155085707,16439
625,-10.58600000000000030,14.30456613220652251,16440
626,-8.48119999999999941,14.21381542258371944,5372
627,-9.46219999999999928,13.98922307338808935,5373
628,-22.76800000000000068,13.79351775327486962,5374
629,-36.10199999999999676,13.83734316882964599,5375
630,-31.68100000000000094,14.03320402387929811,16445
631,-17.99899999999999878,14.05190349575443776,16446
632,-14.88199999999999967,14.05197644857074835,16447
633,-12.54700000000000060,14.03338068178641684,16448
634,-14.71700000000000053,13.92300770270085231,5380
635,-16.41900000000000048,13.91471858622272428,5381
636,-17.46900000000000119,13.98971743658723632,5382
637,-20.86100000000000065,14.06265099400419949,5383
638,-20.87300000000000111,14.07904867643422619,16453
639,-21.20400000000000063,14.00181205555113451,16454
640,-20.18100000000000094,14.00475853719710884,16455
641,-20.38100000000000023,14.01675634430803896,16456
642,-21.88299999999999912,14.04408971179202581,16457
643,-23.03000000000000114,14.06495195162843892,1686
644,-24.58800000000000097,14.10786460268129971,1687
645,-25.64999999999999858,14.05162457620819794,1688
646,-24.89799999999999969,14.08162773033097359,1689
647,-21.25499999999999901,14.04189836322972518,1690
648,-17.78600000000000136,14.15046115639206725,10046
649,-18.44500000000000028,13.99442484133784781,10047
650,-17.62199999999999989,13.84859048060903319,10048
651,-19.30999999999999872,13.71959835323247212,10049
652,-14.96000000000000085,13.49446087587574539,10050
653,-16.75799999999999912,13.40948823791464406,10051
654,-14.70800000000000018,13.39157987532525418,10052
655,-10.53100000000000058,13.68231226643368181,10053
656,-9.77319999999999922,13.94922301285807720,10054
657,-8.76370000000000005,14.17591214330990645,3693
658,-9.87729999999999997,14.17458872934489378,3694
659,-8.39000000000000057,14.18604960860327857,3695
660,-10.87800000000000011,14.20694306773190618,3696
661,-9.65930000000000000,14.12437169985516405,3775
662,-8.44660000000000011,14.01367019918829904,3776
663,-9.87040000000000006,13.90093167128293139,3777
664,-12.13199999999999967,13.79236658060708542,3778
665,-8.14220000000000077,13.64867954661138150,3779
666,-7.94109999999999960,13.54295490442724947,3780
667,-4.36559999999999970,13.51757530675676122,3781
668,-5.29319999999999968,13.58987980890005609,3782
669,-4.73529999999999962,13.66645243432185985,3783
670,-6.42360000000000042,13.82502304824759065,3784
671,-6.30740000000000034,13.96540694871375621,3785
672,-5.70640000000000036,13.98658080160742934,3786
673,-6.76719999999999988,14.01979685042799595,3787
674,-6.48639999999999972,14.04251303612418589,3788
675,-5.15340000000000042,14.09745069816439589,3789
676,-6.36150000000000038,14.18318245489766305,9026
677,-6.37279999999999980,14.42950557605505502,3791
678,-12.24300000000000033,14.53945972093437966,3717
679,-26.25900000000000034,14.56166036338646563,3718
680,-21.96699999999999875,14.48929156688969933,14314
681,-18.14699999999999847,14.40597948364423075,14315
682,-18.81099999999999994,14.34939112960673491,14316
683,-17.98799999999999955,14.30020554074451589,14317
684,-16.06700000000000017,14.24125927269650482,14318
685,-18.39900000000000091,14.23401060747608859,14319
686,-16.84400000000000119,14.31656087094733110,14320
687,-16.02899999999999991,14.47494119684177782,14321
688,-16.59499999999999886,14.40406194114493310,14322
689,-15.07399999999999984,14.32075048204922574,14323
690,-15.99099999999999966,14.22397529835993346,14324
691,-15.43900000000000006,14.13879126703682232,14325
692,-14.92300000000000004,14.04458747684021880,14326
693,-28.39300000000000068,13.97042445341446459,14327
694,-26.14799999999999969,14.00250531601774817,14328
695,-7.63250000000000028,14.06418956497020645,14329
696,-12.08999999999999986,13.84745746303051384,14330
697,-12.17699999999999960,13.78065072588281659,14331
698,-14.84600000000000009,13.74687630347487399,14332
699,-15.43800000000000061,13.75397662823322698,14333
700,-16.03900000000000148,13.86094003839420807,14334
701,-17.75900000000000034,14.00404827291171372,14335
702,-16.67399999999999949,14.10346677584286468,14336
703,-16.96600000000000108,14.07453045281589432,14337
704,-17.50300000000000011,14.01039110964279111,14338
705,-17.93100000000000094,13.95938341153699724,14339
706,-18.33699999999999974,13.91370219864708169,14340
707,-17.28399999999999892,14.21471945895224920,14342
708,-15.60299999999999976,13.95822813105874083,14343
709,-16.17800000000000082,13.71800432926896285,14344
710,-15.58999999999999986,13.59270707241221032,14345
711,-17.67800000000000082,13.52761234525356926,7044
712,-18.73799999999999955,13.28268864954148576,7045
713,-18.32499999999999929,13.21654208321094792,7045
714,-17.76699999999999946,13.17078932480223052,7046
715,-16.82700000000000173,13.30006572329744152,7047
716,-15.25699999999999967,13.30492347954913690,7048
717,-15.38100000000000023,13.35231089629730938,7049
718,-14.57600000000000051,13.41162219563534741,7050
719,-13.87500000000000000,13.40383421526570373,8096
720,-16.84400000000000119,13.25361245616511852,8097
721,-14.86200000000000010,13.23819094135597751,8098
722,-22.08399999999999963,13.25483275478799428,8099
723,-20.17500000000000071,13.29258173787290609,8100
724,-18.02799999999999869,13.31171983201343068,6468
725,-21.16600000000000037,13.25727454931398697,6469
726,-22.40099999999999980,13.20707297435075311,6470
727,-25.91100000000000136,13.09695310077302288,6471
728,-25.51399999999999935,12.94288106077772404,6472
729,-23.69200000000000017,12.82370235851355922,6473
730,-23.29799999999999827,12.71342548175619314,6474
731,-22.38200000000000145,12.59791218654196499,6475
732,-20.16499999999999915,12.47106574877095575,6476
733,-17.51399999999999935,12.35461193894247955,6477
734,-15.92900000000000027,12.25967884455745782,6478
735,-14.30599999999999916,12.12926222190604086,6479
736,-11.03599999999999959,12.02834812216496196,6480
737,-10.55100000000000016,11.92368326221464159,6481
738,-9.14320000000000022,11.83518031636759993,6482
739,-10.63199999999999967,11.78464722868620385,6483
740,-12.62100000000000044,11.78035706207921862,6484
741,-11.79400000000000048,11.81542468699789517,6485
742,-12.18399999999999928,11.86930790947063308,6486
743,-11.75600000000000023,11.89215916987074806,6487
744,-13.76900000000000013,11.88253815109362144,6488
745,-12.08999999999999986,11.86634659125538782,6489
746,-9.97039999999999971,11.89425809653420885,6490
747,-7.28070000000000039,11.93775345526097809,6491
748,-6.98280000000000012,11.92688901594736706,6492
749,-6.75530000000000008,11.88294752032372337,6493
750,-5.63729999999999976,11.93009625160895837,6494
751,-6.97200000000000042,11.99288398973102687,6495
752,-12.65199999999999925,11.97875434401293226,6496
753,-15.30400000000000027,11.98087145261474262,6497
754,-27.91600000000000037,12.02197276691931549,18870
755,-44.08500000000000085,12.05226209076027288,18871
756,-39.64200000000000301,12.07251387207516835,18872
757,-21.82000000000000028,12.12564094761456701,6500
758,-16.58699999999999974,12.13732492741285718,18874
759,-17.30000000000000071,12.13824415462177342,18875
760,-18.55999999999999872,12.14024463350722982,18876
761,-17.15599999999999881,12.14013166137657862,18877
762,-20.02400000000000091,12.13985616576059279,18878
763,-21.40899999999999892,12.13473794189078170,18879
764,-20.38299999999999912,12.13316954196207043,18880
765,-22.25400000000000134,12.14240397712307029,18881
766,-22.56599999999999895,12.15654245018152402,18882
767,-20.77599999999999980,12.14203245132022246,18883
768,-21.31400000000000006,12.12019279363483015,262
769,-20.63899999999999935,11.90875301031469569,263
770,-20.41900000000000048,11.79044416415317720,264
771,-20.60600000000000165,11.73676218224374779,265
772,-19.62399999999999878,11.66459715885257431,266
773,-19.45499999999999829,11.60648577284307770,267
774,-18.82700000000000173,11.54288784735808093,268
775,-18.56700000000000017,11.48485450370798766,269
776,-20.42999999999999972,11.43187705020321765,270
777,-19.37300000000000111,11.40279864189984949,271
778,-16.62199999999999989,11.32746161968168153,272
779,-14.46299999999999919,11.27223977883676298,273
780,-11.70400000000000063,11.21267300964295544,274
781,-9.16099999999999959,11.22581829103573092,275
782,-6.03770000000000007,11.26455086764733693,276
783,-7.71649999999999991,11.35398463101115496,277
784,-8.92229999999999990,11.41956376155862429,278
785,-10.91200000000000081,11.45715864800089889,279
786,-12.01099999999999923,11.48271899662274009,280
787,-11.58200000000000074,11.49028587351336306,281
788,-12.18800000000000061,11.47874935465872959,282
789,-15.24300000000000033,11.39895478746928248,11901
790,-16.56400000000000006,11.07086557545404482,11901
791,-19.73300000000000054,10.93177732490436149,11902
792,-22.45700000000000074,10.89953051125343109,11903
793,-22.28800000000000026,10.87706476226210839,11904
794,-21.13800000000000168,10.85577409428957196,11905
795,-21.12199999999999989,10.84045632384685121,11906
796,-25.45599999999999952,10.81993036072320358,11907
797,-22.17800000000000082,10.81263920953611013,11908
798,-22.65399999999999991,10.79085666018125167,11909
799,-24.67800000000000082,10.76904374375826912,11910
800,-26.09700000000000131,10.75704689061734953,11911
801,-24.57799999999999940,10.74486640785602987,11912
802,-23.38200000000000145,10.74712821247482530,11913
803,-23.19999999999999929,10.76067865517922151,11914
804,-23.73900000000000077,10.76198101925222339,11915
805,-22.82799999999999940,10.76006479946479111,11916
806,-20.91100000000000136,10.83590942943804336,11917
807,-18.19000000000000128,10.86121768861317882,11918
808,-17.57900000000000063,10.85188065644853772,11919
809,-13.77999999999999936,10.99364131567403824,11920
810,-9.35539999999999949,11.13218895988920742,11921
811,-10.43200000000000038,10.96016814433493636,304
812,-11.80899999999999928,10.95921962938589012,11923
813,-12.11500000000000021,10.92593878009539843,11924
814,-16.27499999999999858,10.90249812381061822,11925
815,-18.56400000000000006,10.90954852886495807,11926
816,-20.26500000000000057,10.90888996315387871,11927
817,-20.30300000000000082,10.88702572459422235,11928
818,-13.01900000000000013,10.87103405827041769,11929
819,-13.95800000000000018,10.87765708103285434,11930
820,-13.16799999999999926,10.88367731517648629,11931
821,-12.83099999999999952,10.88157839804449800,11932
822,-11.56700000000000017,10.87120624312545836,11933
823,-10.45700000000000074,10.84220639148072607,11934
824,-8.37679999999999936,10.81588537339750289,11935
825,-10.97600000000000087,10.75219811701322392,11936
826,-12.43299999999999983,10.75559814797704838,11937
827,-14.53800000000000026,10.74917510686620936,11938
828,-14.10399999999999920,10.74889593212642858,11939
829,-15.05400000000000027,10.74488325558346169,11940
830,-16.52799999999999869,10.74618587690904903,11941
831,-17.95499999999999829,10.74128291826239945,11942
832,-18.72899999999999920,10.73330666640229225,11943
833,-18.89999999999999858,10.72415646082196794,11944
834,-19.50000000000000000,10.71037010797154920,11945
835,-19.71399999999999864,10.71965418111869717,11946
836,-19.25499999999999901,10.82542943830399373,11947
837,-19.23799999999999955,10.88443843241186393,330
838,-18.79599999999999937,10.83585664806193805,331
839,-19.75000000000000000,10.78770683216200865,332
840,-19.28200000000000003,10.75649979738085094,333
841,-17.48900000000000077,10.73937821324264696,334
842,-14.30199999999999960,10.72476267402328354,335
843,-13.58999999999999986,10.71655344771264495,336
844,-14.85299999999999976,10.70787353697132005,337
845,-12.79800000000000004,10.70422686885923191,338
846,-11.78700000000000081,10.71513982254861119,339
847,-10.64100000000000001,10.72809466977718529,340
848,-9.96250000000000036,10.75448569637741869,341
849,-10.10699999999999932,10.77766896402924246,342
850,-7.61990000000000034,10.81286581737482599,343
851,-8.66269999999999918,10.87496113306290368,344
852,-10.91999999999999993,10.94698385636499438,345
853,-10.22899999999999920,11.01643936478544639,346
854,-8.75489999999999924,11.07750376416848503,347
855,-10.54199999999999982,11.15250258080663315,348
856,-7.83950000000000014,11.23385824278948952,349
857,-8.46840000000000082,11.32692561834136313,350
858,-7.59750000000000014,11.41826200989538265,351
859,-6.50269999999999992,11.50606237901051365,352
860,-7.44409999999999972,11.57757843688540866,353
861,-5.66479999999999961,11.63054063024542728,354
862,-5.14949999999999974,11.68784979701694304,355
863,-6.51170000000000027,11.74193167677754168,356
864,-4.42729999999999979,11.78228512617083190,357
865,-3.89950000000000019,11.80604615156138948,358
866,-7.06559999999999988,11.21831895640822374,360
867,-11.57799999999999940,10.64573876884343129,361
868,-37.51400000000000290,10.25135615798835786,362
869,-34.38900000000000290,10.32641238046475607,363
870,-27.57199999999999918,10.26149316742795037,364
871,-23.30199999999999960,10.27451107176308653,365
872,-21.27599999999999980,10.27132693123160934,366
873,-20.76200000000000045,10.37582366738937267,367
874,-18.55300000000000082,10.69787907370341351,368
875,-13.53500000000000014,10.83614891616890397,369
876,-6.37019999999999964,10.78032738684138891,370
877,-7.87710000000000043,10.79923137013095058,371
878,-8.52079999999999949,10.80485712101017270,372
879,-9.23709999999999987,10.81857314517165491,373
880,-9.23540000000000028,10.82403313481057161,374
881,-10.09399999999999942,10.82200177526149254,375
882,-11.47700000000000031,10.81113670829467210,376
883,-10.85999999999999943,10.80330236304525826,377
884,-13.25200000000000067,10.80949476078355964,378
885,-18.06500000000000128,10.77543517699129438,379
886,-21.77599999999999980,10.76221958056577144,380
887,-6.92949999999999999,10.71752751891635569,381
888,-6.37439999999999962,10.73454214028732778,382
889,-5.06400000000000006,10.75103121038075571,383
890,-7.57929999999999993,10.75930751021657450,384
891,-7.68930000000000025,10.76752577945983802,385
892,-10.80100000000000016,10.77662084905250772,386
893,-10.35599999999999987,10.76627132121557473,387
894,-11.31000000000000050,10.75274255713145521,388
895,-11.33500000000000085,10.74855548777870773,389
896,-14.42800000000000082,10.73141393645873976,390
897,-18.68199999999999861,10.70551686013445725,391
898,-20.45799999999999841,10.68577226874511332,392
899,-24.68599999999999994,10.67562318853538450,393
900,-25.20799999999999841,10.67361998800027401,394
901,-21.49399999999999977,10.68831033985235734,395
902,-11.77100000000000080,10.67303462331940622,396
903,-9.52650000000000041,10.58628209895247174,397
904,-11.34999999999999964,10.55696572362194807,398
905,-8.90499999999999936,10.57919070666895145,399
906,-30.95400000000000063,10.60481876012871894,400
907,-39.09899999999999665,10.36231455545770430,401
908,-48.21300000000000097,10.03407546913440029,402
909,-52.01500000000000057,9.78165959103287541,402
910,-53.00999999999999801,9.68963225608565537,403
911,-45.97899999999999920,9.73230709984185083,404
912,-50.53799999999999670,9.99553345254580350,405
913,-41.97800000000000153,10.43124944451231784,406
914,-38.09599999999999653,10.73674600335740692,407
915,-33.08299999999999841,10.92671663317943498,408
916,-27.09400000000000119,11.07808766620747853,409
917,-24.55600000000000094,11.13692407503635629,410
918,-24.52199999999999847,11.18452060997469388,411
919,-23.22299999999999898,11.25091987452105258,412
920,-22.23999999999999844,11.45732510526149284,413
921,-22.26300000000000168,11.58650115693513705,414
922,-21.94300000000000139,11.70624605637580196,415
923,-27.32700000000000173,11.76225199241343411,416
924,-26.35500000000000043,11.78288374623760681,417
925,-24.71499999999999986,11.62190019985315459,1286
926,-28.91400000000000148,11.52352886878070137,1287
927,-30.46499999999999986,11.47424331998302804,1288
928,-29.48499999999999943,11.40265953725946169,1289
929,-30.70700000000000074,11.40426174343162913,1290
930,-32.54299999999999926,11.47071302435196039,1291
931,-32.73599999999999710,11.52606164857166071,1292
932,-33.00999999999999801,11.70506314483462518,1293
933,-32.15200000000000102,11.88930181243702044,1294
934,-37.68399999999999750,12.11364136978468053,1295
935,-36.14699999999999847,12.50334525354403326,1296
936,-39.63799999999999812,12.82041712929510524,9653
937,-40.42999999999999972,12.70217168093947890,9655
938,-32.79800000000000182,12.49988751534983855,9655
939,-25.55999999999999872,12.45130064233077327,9656
940,-22.28699999999999903,12.52118511841510085,9657
941,-19.93700000000000117,12.58492642178068976,9658
942,-23.26699999999999946,12.60369555215160275,9659
943,-26.50700000000000145,12.69516711541509402,9660
944,-26.14499999999999957,12.78802847643737550,9661
945,-20.90200000000000102,12.88770709861175234,9662
946,-18.17099999999999937,12.92442333953932909,9663
947,-21.42200000000000060,12.93202919255197259,9664
948,-30.19800000000000040,13.00760612090062374,9665
949,-9.89630000000000010,13.07470234810778287,9666
950,-15.00699999999999967,12.91981533096981849,9667
951,-12.55899999999999928,12.89596111342581075,9668
952,-14.19699999999999918,12.87311347529081829,9669
953,-15.50799999999999912,12.86580484388471923,9670
954,-15.14000000000000057,12.88330243531751229,9671
955,-18.74800000000000111,12.92392910302490172,9672
956,-18.26899999999999835,12.93563493039230039,9673
957,-19.11599999999999966,12.94545663579575567,9674
958,-18.97400000000000020,12.93993269757227615,9675
959,-18.82300000000000040,12.92721748306994378,9676
960,-20.25600000000000023,12.89651359834553901,9677
961,-20.17500000000000071,12.88674707668510599,9678
962,-19.02700000000000102,12.88966745048876561,9679
963,-17.73400000000000176,12.90495272120623760,9680
964,-18.44000000000000128,12.91530303057398932,9681
965,-16.62399999999999878,12.93277067323053764,9682
966,-18.73799999999999955,12.95052800790763392,9683
967,-17.51000000000000156,12.96401900839244448,9684
968,-20.15599999999999881,12.96752423224384820,9685
969,-18.60600000000000165,13.00184517492261627,9686
970,-18.30099999999999838,13.02561274205310049,9687
971,-18.44699999999999918,13.04811271535923289,9688
972,-16.68400000000000105,13.06054553605860136,9689
973,-15.54199999999999982,13.06274639828174600,9690
974,-14.01800000000000068,13.05529154423051175,9691
975,-12.89000000000000057,13.02541273958466306,9692
976,-9.66479999999999961,12.99332626962312709,9693
977,-12.24099999999999966,12.90466769306324402,9694
978,-16.10000000000000142,12.85190084245887121,9695
979,-23.04100000000000037,12.83442149694833745,9696
980,-15.14199999999999946,12.87139943067476011,9697
981,-14.48399999999999999,12.86795106863888627,9698
982,-15.77100000000000080,12.92963510971380714,9699
983,-17.98499999999999943,13.07967775970683100,9700
984,-20.51800000000000068,13.13887989839895631,9701
985,-19.85500000000000043,13.15037536628124570,9702
986,-21.31400000000000006,13.19800674265423623,9703
987,-19.89300000000000068,13.24597453215626430,18106
988,-15.94200000000000017,13.20250663083425202,18107
989,-13.37800000000000011,13.21458673225229496,18108
990,-11.82900000000000063,13.28996457574185897,18109
991,-10.88100000000000023,13.34883040189575887,9708
992,-11.16499999999999915,13.34154610786293738,9709
993,-10.88599999999999923,13.38054406835110477,9710
994,-11.84299999999999997,13.44555952496708429,9711
995,-11.02299999999999969,13.50082825295970324,9712
996,-10.71700000000000053,13.57407510357151459,9713
997,-9.91859999999999964,13.48604377911552454,19765
998,-9.27689999999999948,13.35594580648171714,19766
999,-8.68520000000000003,13.21815648661528364,19767
1000,-9.26179999999999914,13.07053250496477403,19768
1001,-9.81140000000000079,12.95784753405648537,19769
1002,-8.27360000000000007,12.85167560811544618,19770
1003,-9.17489999999999917,12.67725110529631039,19771
1004,-11.15700000000000003,12.56298626398657525,19772
1005,-8.48240000000000016,12.52594564140371602,19773
1006,-10.51299999999999990,12.58940008443514635,19774
1007,-14.83799999999999919,12.61252069148182287,19775
1008,-42.44400000000000261,12.55570965794038862,19776
1009,-43.56799999999999784,13.10041583892940587,19776
1010,-27.42899999999999849,12.77985669875329400,5166
1011,-23.08500000000000085,12.45566992827377995,5170
1012,-20.80399999999999849,12.29323365773147003,5171
1013,-19.76300000000000168,12.20734588169593060,5171
1014,-20.97800000000000153,12.12524003097985492,5171
1015,-19.30199999999999960,12.00790668268160388,5171
1016,-20.06400000000000006,12.01337901869628944,5172
1017,-20.92999999999999972,12.03393316440931748,5173
1018,-21.11599999999999966,12.04022724778694808,5174
1019,-19.68799999999999883,12.02948461915999090,5175
1020,-21.03999999999999915,11.99955585378071810,5176
1021,-23.76699999999999946,12.02181222953824147,5177
1022,-22.06200000000000117,12.01649455703966218,5178
1023,-21.42699999999999960,11.99553361810355057,5179
1024,-22.18599999999999994,12.05630955783723302,5180
1025,-22.96699999999999875,12.10054967681573324,5181
1026,-20.51999999999999957,12.23888556186718013,5182
1027,-16.63299999999999912,12.65183494490047877,5183
1028,-17.62999999999999901,12.62812485271934904,201
1029,-16.17399999999999949,12.65617015320404803,203
1030,-13.08099999999999952,12.55195302912181710,203
1031,-13.78700000000000081,12.68542542719758970,5187
1032,-13.14499999999999957,12.67994908147192845,5187
1033,-11.99200000000000088,12.68768963746979139,5188
1034,-9.79819999999999958,12.70523005619449108,5189
1035,-7.29640000000000022,12.58975490120896090,5191
1036,-7.89820000000000011,12.46294625287918301,5191
1037,-7.19149999999999956,12.40336143589471263,5192
1038,-6.96830000000000016,12.44039158762907604,5193
1039,-8.50549999999999962,12.40638606744762917,5194
1040,-12.41699999999999982,12.39972918977493066,5195
1041,-11.89899999999999913,12.40666335839014600,5196
1042,-12.05700000000000038,12.36968354347198584,5197
1043,-10.40399999999999991,12.34153914211979597,5198
1044,-14.80599999999999916,12.14590719977377375,13711
1045,-18.78000000000000114,12.01861467822894447,13711
1046,-20.28500000000000014,12.01532856652895198,13712
1047,-20.17099999999999937,12.05962246591939113,13713
1048,-21.76699999999999946,12.08235862119049919,13714
1049,-18.57300000000000040,12.11160718975684070,13715
1050,-16.42399999999999949,12.12797276219688669,13716
1051,-15.65300000000000047,12.16851952088015665,13717
1052,-14.92600000000000016,12.21922018092454465,13718
1053,-13.82799999999999940,12.22594024919043498,13719
1054,-12.99900000000000055,12.26517994219569374,13720
1055,-13.01299999999999990,12.26222641690240422,13721
1056,-13.98199999999999932,12.27459427814432757,13722
1057,-12.08799999999999919,12.25784075292901321,13723
1058,-11.29899999999999949,12.27708981924766007,13724
1059,-12.15700000000000003,12.30333234616814941,13725
1060,-12.35399999999999920,12.31924618909173219,13726
1061,-10.96000000000000085,12.36975160227999737,13727
1062,-12.04800000000000004,12.40431472421378167,13728
1063,-13.05899999999999928,12.42417629040321359,13729
1064,-10.87500000000000000,12.44076206161850529,13730
1065,-11.97499999999999964,12.49179870550285365,13731
1066,-13.21599999999999930,12.53399640042242780,13732
1067,-11.51900000000000013,12.54540758496967889,13733
1068,-13.46700000000000053,12.56500188446437605,13734
1069,-15.63400000000000034,12.57997688874255005,13735
1070,-14.35500000000000043,12.49132339495721133,13736
1071,-11.89499999999999957,12.33601140251909278,13737
1072,-5.51919999999999966,12.15511026285143537,13738
1073,-2.03279999999999994,11.99474480729926995,13740
1074,-3.62179999999999991,11.82229529150197500,13740
1075,-3.14270000000000005,11.80318812369610271,13741
1076,-5.04619999999999980,11.83884605944061974,13742
1077,-6.77219999999999978,12.29993247739713702,13743
1078,-9.84430000000000049,12.50811573916977082,13744
1079,-9.99419999999999931,12.66858236011094085,13745
1080,-11.58000000000000007,12.63678983793288957,2197
1081,-10.55799999999999983,12.56456107560499191,2198
1082,-9.86020000000000074,12.59065311036285095,2198
1083,-11.21799999999999997,12.71032098170149816,2198
1084,-7.56890000000000018,12.94519457318130229,5394
1085,-11.64300000000000068,12.87358136901674044,5395
1086,-10.74399999999999977,13.12870963322300888,5393
1087,-9.55869999999999997,13.08943759005895835,5394
1088,-9.63659999999999961,13.04442513566096018,5395
1089,-9.50839999999999996,12.94892423899437617,5396
1090,-11.26200000000000045,12.79032284536567765,5397
1091,-11.11899999999999977,12.55251827964484512,5398
1092,-9.60790000000000077,12.33057476117632234,5399
1093,-9.41639999999999944,12.03248467977680747,5400
1094,-12.17500000000000071,11.75392170854993701,5401
1095,-12.51800000000000068,11.56362936383904660,5402
1096,-11.82799999999999940,11.45876568392873018,5403
1097,-11.64000000000000057,11.64491373972200350,5404
1098,-11.94800000000000040,11.93843612476489824,5405
1099,-11.09999999999999964,12.26659708362985057,5406
1100,-13.14400000000000013,12.44372979525421385,5407
1101,-13.73399999999999999,12.45631883923750038,5408
1102,-15.36299999999999955,12.43544331991005869,5409
1103,-19.17099999999999937,12.40745400340358984,5410
1104,-17.21600000000000108,12.37942798414327683,5411
1105,-17.58099999999999952,12.31180259391049781,5412
1106,-18.15800000000000125,12.24330433062267609,5413
1107,-18.24800000000000111,12.17846188278829089,5414
1108,-17.26399999999999935,12.11100041483232737,5415
1109,-18.65200000000000102,12.08934339126241753,5416
1110,-19.75499999999999901,12.01347040247100750,5417
1111,-18.30499999999999972,12.01826259268996466,5418
1112,-19.08800000000000097,12.07899763970292994,5929
1113,-18.61799999999999855,11.93603266102710059,5930
1114,-18.07700000000000173,11.89393916554642594,5931
1115,-18.95599999999999952,11.71189968182214436,5932
1116,-15.27399999999999913,11.70611828414217825,5933
1117,-16.78500000000000014,11.65985785229734262,5934
1118,-17.87300000000000111,11.64096763058667250,5935
1119,-26.41799999999999926,11.68696894029940481,5936
1120,-26.96099999999999852,11.72337368785204248,5937
1121,-23.88100000000000023,11.75313259153261747,5938
1122,-22.32400000000000162,11.85206815958697923,5939
1123,-21.63500000000000156,12.00188196884191427,5939
1124,-20.19399999999999906,12.21793695712999472,5940
1125,-20.10300000000000153,12.28746856119757247,5432
1126,-19.31500000000000128,12.26936119896404875,5433
1127,-16.48499999999999943,12.20628447720264909,5434
1128,-17.26399999999999935,12.13883951793298088,5435
1129,-16.13299999999999912,12.13798474748491429,5436
1130,-16.32000000000000028,12.24385999794861313,5437
1131,-17.57100000000000151,12.33793398956605714,3155
1132,-16.08299999999999841,12.30679422828597858,3156
1133,-16.87600000000000122,12.23106760197370768,5440
1134,-20.22200000000000131,12.10437555516863029,3159
1135,-17.63500000000000156,12.06354853985737741,3160
1136,-15.57000000000000028,12.05952914835529199,3160
1137,-12.68299999999999983,12.03527145530138753,3162
1138,-13.59099999999999930,11.96334594024535569,3163
1139,-14.49900000000000055,11.92971668586453760,3163
1140,-15.35800000000000054,11.90651726211648764,3164
1141,-12.42200000000000060,11.92378880810603192,3165
1142,-21.41600000000000037,11.91270292914558659,3166
1143,-18.61100000000000065,11.89946653734622828,3167
1144,-15.58300000000000018,11.89958569095728080,3168
1145,-17.75400000000000134,11.91126291522747493,3169
1146,-17.87199999999999989,11.89314217064698909,3170
1147,-19.33899999999999864,11.86663360744268658,3171
1148,-17.53699999999999903,11.84629578205083078,3172
1149,-17.31700000000000017,11.83571760572196041,3173
1150,-15.04599999999999937,11.82894976835284417,3174
1151,-16.01899999999999835,11.82595226944476074,3175
1152,-14.46199999999999974,11.82181338446049068,3176
1153,-17.74399999999999977,11.82138780946849188,3177
1154,-17.73199999999999932,11.82636165918550830,3178
1155,-15.63299999999999912,11.84395846479078251,3179
1156,-14.07000000000000028,11.91460249400403804,3180
1157,-12.75500000000000078,12.00577455115093528,3181
1158,-12.66300000000000026,12.02546843141795385,3182
1159,-15.56499999999999950,11.99959055283422771,3183
1160,-17.26999999999999957,12.00503204412958702,3184
1161,-15.41099999999999959,11.99930901560513163,3185
1162,-13.55599999999999916,12.00852665883033055,3186
1163,-14.32099999999999973,12.01829180474646108,3187
1164,-14.58900000000000041,12.01910418846109785,3188
1165,-15.89300000000000068,12.03618282993100408,3189
1166,-15.58699999999999974,12.08917747221926220,3190
1167,-16.71199999999999974,12.07587383456879593,3191
1168,-16.70700000000000074,12.05519540675109624,3192
1169,-16.99699999999999989,12.04027030923289665,3193
1170,-16.77100000000000080,12.13202851535301363,3194
1171,-14.46700000000000053,12.37860729336528642,3195
1172,-14.19100000000000072,12.52473209567881618,3196
1173,-14.51099999999999923,12.55992092577835351,3197
1174,-13.23900000000000077,12.61832546310769665,3198
1175,-11.87599999999999945,12.62502713536393451,3199
1176,-12.49699999999999989,12.68730886504650712,3200
1177,-13.21700000000000053,12.71496128850362162,3201
1178,-12.33600000000000030,12.75455894914638755,5485
1179,-14.20599999999999952,12.83436377758771840,3203
1180,-14.39100000000000001,12.83379083895077599,3204
1181,-14.53299999999999947,12.84504922086366463,3205
1182,-14.56400000000000006,12.85835881052833329,3206
1183,-15.31799999999999962,12.86181136709608452,3207
1184,-14.66799999999999926,12.86976380769567818,3208
1185,-15.30100000000000016,12.85712991598546928,3209
1186,-17.15500000000000114,12.85108367034483479,3210
1187,-15.17200000000000060,12.83671956906598943,3211
1188,-16.49299999999999855,12.84296790383849718,3212
1189,-21.39799999999999969,12.90655655615991648,3213
1190,-24.07100000000000151,12.89101278694008634,3214
1191,-24.22700000000000031,12.81001362197462967,3215
1192,-26.17800000000000082,12.67363195804198739,3216
1193,-24.37699999999999889,12.49925002517339578,3217
1194,-24.35699999999999932,12.41391342606442905,3218
1195,-25.50799999999999912,12.32478619700782474,3219
1196,-27.52499999999999858,12.17805988398213835,3220
1197,-23.30799999999999983,12.07796954370524034,3221
1198,-25.65599999999999881,12.05802361026759684,3222
1199,-20.48000000000000043,12.09765657368091496,3222
1200,-16.72400000000000020,12.06991395122820521,3223
1201,-18.55000000000000071,12.05795933311347312,3224
1202,-16.50700000000000145,12.04616013094072713,3225
1203,-17.17200000000000060,12.04938327929345476,3226
1204,-18.19000000000000128,12.04555338564907885,3227
1205,-17.44699999999999918,12.06191389510961187,3228
1206,-17.48499999999999943,12.06420912643523558,3229
1207,-15.49799999999999933,12.06126213847871398,3230
1208,-13.99000000000000021,12.06396955745135990,3231
1209,-14.09900000000000020,12.05751387109364359,3232
1210,-14.21499999999999986,12.05858233186364892,3233
1211,-13.18399999999999928,12.06513876197489843,3234
1212,-14.54700000000000060,12.06021790887215950,3235
1213,-15.97100000000000009,12.09081939602419631,3236
1214,-16.46699999999999875,12.11593798076838446,3237
1215,-16.56200000000000117,12.10112988441719928,3238
1216,-18.59299999999999997,12.07602700200824586,3239
1217,-21.23000000000000043,12.12234739393720595,3240
1218,-23.20499999999999829,12.15764667727026449,3241
1219,-21.38700000000000045,12.11057064724365162,3242
1220,-21.01500000000000057,12.11721627155212033,3243
1221,-20.48400000000000176,12.17117845162162659,3244
1222,-20.71000000000000085,12.20121162456575803,3245
1223,-18.04899999999999949,12.23687915796301695,3246
1224,-16.51000000000000156,12.24998040111189468,3247
1225,-10.23499999999999943,12.24698438675141610,3248
1226,-3.29440000000000000,12.19885225394861195,3249
1227,-12.52299999999999969,11.99285503896469507,7563
1228,-25.65399999999999991,11.95770738502677943,7564
1229,-21.97200000000000131,11.78923139129986275,7565
1230,-14.26999999999999957,11.62694788886397390,7566
1231,-16.93900000000000006,11.63239115081619879,7567
1232,-18.79100000000000037,11.61329302610501912,7568
1233,-20.14399999999999835,11.61837810617424083,7569
1234,-20.95499999999999829,11.61176095878184000,7570
1235,-19.39199999999999946,11.63839280199129789,7571
1236,-19.91900000000000048,11.79456758237363978,7571
1237,-20.03500000000000014,11.84323689022250292,3260
1238,-19.13200000000000145,11.80556851238694449,3261
1239,-19.49800000000000111,11.78122583826599623,3262
1240,-19.28999999999999915,11.76876568802353518,3263
1241,-15.96000000000000085,11.75856008912260897,3264
1242,-13.25500000000000078,11.76755703163071942,3265
1243,-16.22100000000000009,11.72087472929568364,3266
1244,-14.24499999999999922,11.69425906907155799,3267
1245,-17.03999999999999915,11.65162809574870018,3268
1246,-16.48000000000000043,11.63886157704443747,3269
1247,-17.10399999999999920,11.60227197976558422,3270
1248,-17.48300000000000054,11.64160341191011128,3271
1249,-14.36200000000000010,11.87394196547573522,3276
1250,-17.76200000000000045,11.84904286097519410,3277
1251,-18.24099999999999966,11.86043624605277280,3278
1252,-14.98799999999999955,11.89981293147562269,3279
1253,-17.66600000000000037,11.87866868935630116,3280
1254,-12.69800000000000040,11.90672771008675035,3281
1255,-14.87199999999999989,11.94301056734299493,3282
1256,-14.04400000000000048,11.97700612780012364,3283
1257,-12.97499999999999964,12.02969398636684417,3284
1258,-14.70400000000000063,12.00531734675394446,3281
1259,-14.16499999999999915,11.97829401039272668,3282
1260,-13.63899999999999935,11.92260250961730605,3283
1261,-14.80799999999999983,11.93320023518895034,3284
1262,-16.61799999999999855,11.92119311852303198,3285
1263,-17.47500000000000142,11.90896255018004091,3286
1264,-15.12899999999999956,11.87773342427809098,3287
1265,-14.30000000000000071,11.90417590045007579,3288
1266,-12.79199999999999982,11.97572993656315354,3289
1267,-9.86989999999999945,12.00693736144121360,3290
1268,-12.80499999999999972,12.04038730027600934,3291
1269,-9.27319999999999922,12.04275708062419348,3292
1270,-6.12859999999999960,12.01409334445431831,3293
1271,-4.33840000000000003,12.08924745076028806,3294
1272,-1.55160000000000009,12.20458141735674396,3295
1273,1.14749999999999996,12.23739613249453129,3296
1274,2.52939999999999987,12.20355313104316153,3297
1275,1.69039999999999990,12.18850947358794734,3298
1276,4.12809999999999988,12.21979491568609788,3299
1277,-3.23579999999999979,12.10753653883000069,3300
1278,-3.26160000000000005,12.20627079184850672,3301
1279,-3.33060000000000000,12.26146333609354500,3302
1280,-2.13730000000000020,12.22414550541321354,3307
1281,-5.06270000000000042,11.97284460333208500,3308
1282,-1.23029999999999995,12.01851051675832416,3309
1283,-3.18619999999999992,11.97623392445003354,3310
1284,-4.30700000000000038,11.86237707498631266,3311
1285,-6.10620000000000029,11.70779966661006810,3312
1286,-14.14400000000000013,11.57186745312110077,3313
1287,-19.75000000000000000,11.52352886878070137,926
1288,-20.96499999999999986,11.47424331998302804,927
1289,-23.58800000000000097,11.40265953725946169,928
1290,-28.00000000000000000,11.40426174343162913,929
1291,-27.45400000000000063,11.47071302435196039,930
1292,-32.43099999999999739,11.52606164857166071,931
1293,-33.50200000000000244,11.70506314483462518,932
1294,-36.82099999999999795,11.83691345730576039,3321
1295,-35.78699999999999903,11.93090750145983669,3322
1296,-38.26800000000000068,12.07589024708680192,3323
1297,-33.88199999999999790,12.24375314892917110,3324
1298,-36.75500000000000256,12.38145742947585859,3325
1299,-35.75200000000000244,12.52034508187091078,1806
1300,-36.75000000000000000,12.44031437468873413,1807
1301,-37.74399999999999977,12.39209387305920096,1808
1302,-34.44200000000000017,12.34863505827300578,1809
1303,-34.54399999999999693,12.40617857165878490,1810
1304,-31.11299999999999955,12.38881723698134607,1811
1305,-30.42500000000000071,12.18861073956406216,3335
1306,-25.07300000000000040,12.06464121840734194,3336
1307,-24.51200000000000045,12.03253946797855889,3337
1308,-20.71300000000000097,12.05884062813378144,3338
1309,-24.49500000000000099,12.03179557551334078,3339
1310,-15.41200000000000081,12.02036579977463226,3340
1311,-13.55700000000000038,12.03577006302820962,3341
1312,-15.87599999999999945,11.99198671567027219,3342
1313,-15.57499999999999929,11.78844851446523556,3343
1314,-17.64000000000000057,11.66813925933738361,3344
1315,-16.92000000000000171,11.76358481433639014,3345
1316,-19.44500000000000028,11.96373726526117665,3346
1317,-19.87699999999999889,11.98949895539554866,3347
1318,-18.83500000000000085,12.08864224796800002,3348
1319,-17.33800000000000097,12.13333044708133990,3349
1320,-20.32000000000000028,12.24055270682125318,3350
1321,-27.46000000000000085,12.28736581258587179,3351
1322,-26.14799999999999969,12.38699501528699720,3352
1323,-29.33800000000000097,12.51952662070208611,3353
1324,-24.73400000000000176,12.58903335793001155,3354
1325,-23.18199999999999861,12.65098993888818768,3355
1326,-25.43400000000000105,12.71723345358182655,3356
1327,-26.31500000000000128,12.78908869985869678,3357
1328,-23.97700000000000031,12.81056098569105295,3358
1329,-27.36599999999999966,12.76299274840714837,3359
1330,-27.44600000000000151,12.66925848961591150,3360
1331,-24.17200000000000060,12.54856180840885749,7500
1332,-23.82700000000000173,12.45359620950847557,7501
1333,-20.15399999999999991,12.33438691684063038,7502
1334,-14.71199999999999974,12.23121937588836339,7503
1335,-10.82600000000000051,12.19325269181773663,7504
1336,-10.78299999999999947,12.13623432493360710,7505
1337,-10.22199999999999953,12.25975567549542689,3367
1338,-12.81199999999999939,12.19517509285488721,3368
1339,-12.50900000000000034,12.14795901194491456,3369
1340,-13.20700000000000074,11.98967873290428443,1847
1341,-14.02500000000000036,11.80320746886322425,1848
1342,-15.16399999999999970,12.02387323593932322,1849
1343,-15.29199999999999982,12.26499654697931874,1852
1344,-15.44999999999999929,11.69154716305041930,1853
1345,-14.76699999999999946,11.36585530406388855,1854
1346,-12.33600000000000030,11.24233135878482237,1855
1347,-11.91699999999999982,11.22337952431465879,1856
1348,-10.29800000000000004,11.11836804615192342,1857
1349,-11.59600000000000009,11.04557628879650366,1857
1350,-13.37299999999999933,11.15870421054623662,1858
1351,-14.89499999999999957,11.28212407522695315,1859
1352,-16.13400000000000034,11.35172175756088286,1860
1353,-16.41700000000000159,11.38656044582408278,1861
1354,-16.45700000000000074,11.34862875787065839,1862
1355,-17.64799999999999969,11.32175671139389905,1863
1356,-18.67899999999999849,11.26306558429436322,1864
1357,-16.91900000000000048,11.22972926451603115,1865
1358,-17.03900000000000148,11.18801494145719033,1866
1359,-17.92999999999999972,11.11334878900225576,1867
1360,-16.18599999999999994,11.05623099471501369,1868
1361,-17.49699999999999989,10.97902179219572361,1869
1362,-16.22800000000000153,10.94556386059812247,1870
1363,-14.60599999999999987,10.92781125952715549,1871
1364,-15.29199999999999982,10.92861649006080604,1872
1365,-17.83800000000000097,10.92694404823701504,1873
1366,-12.74000000000000021,10.92201462974594151,1874
1367,-10.79899999999999949,10.89418218464571986,1875
1368,-14.57000000000000028,10.84162537155416217,1876
1369,-29.61100000000000065,10.84869643344790724,1877
1370,-30.71199999999999974,10.80533124232567666,1878
1371,-20.33399999999999963,10.76495819825651523,1879
1372,-19.76699999999999946,10.66776209342486581,1880
1373,-21.45700000000000074,10.61879819605808173,1881
1374,-20.01699999999999946,10.67730704157898991,1882
1375,-22.59299999999999997,10.60796433351143797,1882
1376,-22.82799999999999940,10.59289287212334152,1883
1377,-24.47700000000000031,10.58112669157367591,1884
1378,-23.58800000000000097,10.57303489569669530,1885
1379,-21.92399999999999949,10.73689367448560006,1886
1380,-19.87900000000000134,10.95755143731676640,1887
1381,-19.29299999999999926,11.08119466607814729,1888
1382,-20.56800000000000139,11.25365135668258532,1889
1383,-19.15399999999999991,11.37433783072047433,1890
1384,-22.45700000000000074,11.40394351609932144,1891
1385,-27.31200000000000117,11.42898390879089376,1892
1386,-17.71600000000000108,11.57605829098713102,1893
1387,-18.84100000000000108,11.67493555032037733,1894
1388,-19.90899999999999892,11.73566702583211452,1895
1389,-21.60000000000000142,11.96652008101855635,1896
1390,-20.54799999999999827,12.09164176272542157,3421
1391,-21.23499999999999943,12.05874703182384700,3422
1392,-21.06800000000000139,12.10396749057524168,3423
1393,-17.66000000000000014,12.17522438397555540,3424
1394,-17.72400000000000020,12.26659250847635363,3425
1395,-16.32900000000000063,12.33629175880424711,3426
1396,-19.58999999999999986,12.34096073143728667,9411
1397,-17.73100000000000165,12.35960570294290761,9412
1398,-18.08999999999999986,12.33261555118040498,9413
1399,-17.09600000000000009,12.31219499561053254,9414
1400,-20.94999999999999929,12.27163315940127042,9415
1401,-19.87600000000000122,12.26968494930360087,9416
1402,-20.27199999999999847,12.27551030345263250,9417
1403,-17.81800000000000139,12.26502612981828300,9418
1404,-21.40299999999999869,12.23041820506200494,9419
1405,-17.91900000000000048,12.23419868498779550,9420
1406,-18.38800000000000168,12.23865631506066265,9421
1407,-18.66900000000000048,12.26598804704951107,9422
1408,-21.81899999999999906,12.23484290471132674,9423
1409,-20.31200000000000117,12.22951983365871698,9424
1410,-20.30000000000000071,12.21795713472896949,9425
1411,-17.39199999999999946,12.20996502373905557,9426
1412,-20.00700000000000145,12.28617983248288503,9427
1413,-20.66700000000000159,12.32655271976450528,9429
1414,-14.13000000000000078,12.34709716858338879,9430
1415,-11.26299999999999990,12.27739139051921313,9431
1416,-21.41400000000000148,12.29140238384051997,9431
1417,-18.22599999999999909,12.42550379999023669,9432
1418,-13.10500000000000043,12.59736103320870448,9433
1419,-17.37900000000000134,12.63861648831293927,1675
1420,-15.13799999999999990,12.31350080714416251,1676
1421,-15.50600000000000023,12.04374644622457602,1677
1422,-16.07999999999999829,12.00344485345938317,1678
1423,-14.34399999999999942,12.05774970270002555,1679
1424,-12.73099999999999987,12.44404464490096984,1679
1425,-14.21700000000000053,12.69142298640243993,1679
1426,-14.93599999999999994,12.75177363215098758,3457
1427,-13.21899999999999942,12.79357929946001704,1683
1428,-9.67539999999999978,12.75465557262757166,1684
1429,-11.36400000000000077,12.80745844632602015,1685
1430,-13.83999999999999986,12.86534938509775294,3461
1431,-11.64000000000000057,12.82453510539357033,3462
1432,-11.97600000000000087,12.82420348697550416,3463
1433,-11.09699999999999953,12.81886038940751860,1689
1434,-16.37900000000000134,12.79837792379456118,1690
1435,-12.59600000000000009,13.01275905726122772,1690
1436,-11.48799999999999955,13.19870974463886526,16291
1437,-11.50500000000000078,13.22911182989913037,16292
1438,-11.38299999999999912,13.26644099930532761,16293
1439,-12.23399999999999999,13.23753550600786255,16294
1440,-11.76999999999999957,13.24514909312457966,16295
1441,-13.27100000000000080,13.26647618651268346,16296
1442,-11.12100000000000044,13.27884278017168818,16297
1443,-11.90300000000000047,13.29325292830662697,10754
1444,-10.23000000000000043,13.35405561742348546,10755
1445,-12.59399999999999942,13.37823062575357547,10756
1446,-11.71799999999999997,13.19965663923599308,7245
1447,-16.93199999999999861,13.06343460745884499,406
1448,-30.21600000000000108,12.68280285494572901,407
1449,-24.99800000000000111,12.81082954737264679,408
1450,-14.47199999999999953,12.82702900450288297,409
1451,-18.33299999999999841,12.55842898595384050,410
1452,-22.32700000000000173,12.43340012145549700,411
1453,-19.23400000000000176,12.41488701958578922,411
1454,-15.86500000000000021,12.36074900294981660,412
1455,-17.37000000000000099,12.26635878212562503,413
1456,-16.86700000000000088,12.22411550039934092,414
1457,-22.21099999999999852,12.16966706673533061,415
1458,-21.34199999999999875,12.14685224112978013,416
1459,-23.45200000000000173,12.10434376359591191,417
1460,-20.22899999999999920,12.05354962295577437,418
1461,-22.04200000000000159,12.01472915354948512,419
1462,-22.31599999999999895,11.99111894931884059,420
1463,-25.33800000000000097,11.96499678794228849,421
1464,-25.81099999999999994,11.95864718708956786,422
1465,-24.77899999999999991,11.95656516262971536,423
1466,-24.72599999999999909,11.96404059935422026,424
1467,-22.93199999999999861,11.96268413079392090,425
1468,-26.34100000000000108,11.94127699711876645,426
1469,-25.85200000000000031,11.96465216693058231,427
1470,-26.64300000000000068,12.00439931223539070,428
1471,-26.81400000000000006,12.05463192673130912,429
1472,-24.67399999999999949,12.48635756986912959,430
1473,-25.49299999999999855,12.61546321066159315,432
1474,-27.44000000000000128,12.72187958172064270,433
1475,-28.44200000000000017,12.84564891908514284,5529
1476,-27.13800000000000168,12.74858333002377009,5530
1477,-29.36400000000000077,12.66707546212028213,5531
1478,-29.61799999999999855,12.54165157640921180,5532
1479,-21.70599999999999952,12.45281837148325543,5533
1480,-29.25000000000000000,12.41575696664515860,5534
1481,-20.07600000000000051,12.45586896467248650,5535
1482,-19.00199999999999889,12.47487348291415721,5536
1483,-19.04400000000000048,12.46852968695564989,5537
1484,-18.19699999999999918,12.51259930465400139,5538
1485,-13.85399999999999920,12.51290619377929048,5539
1486,-15.75099999999999945,12.49294973648937912,5540
1487,-15.59299999999999997,12.46690740497353289,5541
1488,-15.72199999999999953,12.47622659697930558,5542
1489,-15.68699999999999939,12.44449042179762976,5543
1490,-15.25999999999999979,12.43927960185940940,5544
1491,-15.16900000000000048,12.41431640651338419,5545
1492,-12.94200000000000017,12.36146713227147487,5546
1493,-12.68699999999999939,12.28706535908910169,5547
1494,-13.40000000000000036,12.21676638054341169,5548
1495,-10.44699999999999918,12.14798549798785565,5549
1496,-12.90499999999999936,11.95797043196425236,5550
1497,-14.67099999999999937,11.83471112700823547,5551
1498,-13.60299999999999976,11.76270303746964352,5552
1499,-13.83699999999999974,11.67092506957408027,5553
1500,-15.34900000000000020,11.60060235688015240,5554
1501,-13.67699999999999960,11.54807405754412208,5555
1502,-14.62400000000000055,11.50978951248219673,5556
1503,-12.62899999999999956,11.42778260909365429,5557
1504,-13.23700000000000010,11.45838609582894918,5558
1505,-14.37100000000000044,11.45885709367428618,5559
1506,-13.60100000000000087,11.46317446052281497,5560
1507,-16.64000000000000057,11.47449721594710681,5561
1508,-18.16600000000000037,11.45699631873872448,5562
1509,-19.76599999999999824,11.40683522151744178,5563
1510,-20.08999999999999986,11.33794035576337222,5564
1511,-22.62099999999999866,11.30727604079760695,5565
1512,-30.21099999999999852,11.22300328334366881,5566
1513,-25.39199999999999946,11.01904212971274966,5567
1514,-17.89399999999999835,11.11752007053385682,5568
1515,-12.36400000000000077,11.20000465550379332,5569
1516,-16.50900000000000034,11.29312306024047885,5570
1517,-13.50300000000000011,11.40897245600946164,5571
1518,-14.94599999999999973,11.51246865854828805,5572
1519,-12.84200000000000053,11.59395629004197303,5573
1520,-13.94599999999999973,11.65206106923232632,5574
1521,-12.44400000000000084,11.69937202632274698,5575
1522,-12.72799999999999976,11.72514350003550554,5576
1523,-14.62199999999999989,11.73149347041596791,5577
1524,-13.53200000000000003,11.72026986593174769,5578
1525,-13.74900000000000055,11.72203643514631999,5579
1526,-13.36500000000000021,11.72875421241254834,5580
1527,-14.40199999999999925,11.73959240374411195,5581
1528,-14.65600000000000058,11.74501539402282191,5582
1529,-15.45800000000000018,11.74519753722174897,5583
1530,-15.41200000000000081,11.71102680992352063,5584
1531,-13.93800000000000061,11.69292745746815676,5585
1532,-14.83999999999999986,11.68588053011124650,5586
1533,-12.00799999999999912,11.69594727183938332,5587
1534,-11.97199999999999953,11.70982865688741192,5588
1535,-9.95299999999999940,11.70147228082140245,5589
1536,-8.48910000000000053,11.76948103920961053,5590
1537,-8.12330000000000041,11.87725517116832741,5591
1538,-8.99939999999999962,11.96239803019945569,5592
1539,-11.41699999999999982,12.03057771077413740,5593
1540,-9.97160000000000046,12.07161760337021583,5594
1541,-23.19300000000000139,12.09153358743672335,5595
1542,-43.72999999999999687,12.10016035152519898,5596
1543,-41.93299999999999983,12.16866055153423432,5597
1544,-36.42999999999999972,12.46198139444171282,5598
1545,-35.92199999999999704,12.74241676445294402,5599
1546,-31.95899999999999963,13.03879339349067834,5600
1547,-23.69800000000000040,13.27859186979691053,5601
1548,-20.97800000000000153,13.36321993083444326,5602
1549,-17.70299999999999940,13.41133290836291714,5603
1550,-19.39600000000000080,13.42452714387709634,5604
1551,-20.73100000000000165,13.43647261566526296,5605
1552,-22.30399999999999849,13.42709096834211202,5606
1553,-25.04599999999999937,13.43756454735190431,5607
1554,-24.08800000000000097,13.48997394513811443,5608
1555,-25.80900000000000105,13.57287478560181526,10987
1556,-24.26599999999999824,13.51843317838374325,10988
1557,-25.07300000000000040,13.49873281512097201,10989
1558,-27.34400000000000119,13.47149921833431030,10990
1559,-26.41799999999999926,13.44286344453401583,10991
1560,-27.50600000000000023,13.41554894078505811,10992
1561,-24.96699999999999875,13.34900121039497911,10993
1562,-23.48000000000000043,13.33514915525095468,10994
1563,-21.05000000000000071,13.31829213299615233,10995
1564,-21.15500000000000114,13.31645598881013193,10996
1565,-21.26899999999999835,13.31588928004584105,10997
1566,-21.05000000000000071,13.32508622197493153,10998
1567,-19.48799999999999955,13.44174603323977379,10999
1568,-19.19000000000000128,13.77600783906183857,10999
1569,-20.08800000000000097,13.87330576829495676,19146
1570,-21.01500000000000057,13.84225707779741299,19147
1571,-21.56599999999999895,13.83761371610962421,19147
1572,-20.35999999999999943,13.86125071037698575,19148
1573,-21.09499999999999886,13.89213624151853033,19149
1574,-29.04100000000000037,13.89944799199548342,19150
1575,-23.67599999999999838,13.57264939476262811,1445
1576,-18.45299999999999940,13.43088817800554580,1446
1577,-24.87699999999999889,13.39139977745091414,1447
1578,-26.51099999999999923,13.31622036372970364,1448
1579,-30.17299999999999827,13.23914492679451271,1448
1580,-24.68599999999999994,13.35543819621028305,1449
1581,-25.38100000000000023,13.30421345959751100,1451
1582,-21.86899999999999977,13.23184321001498098,1452
1583,-18.35000000000000142,13.21279319952641806,1452
1584,-20.45400000000000063,13.20069238642231824,1453
1585,-18.41799999999999926,13.16705514922720965,1455
1586,-19.50900000000000034,13.15616307950330288,1456
1587,-19.23499999999999943,13.12916110827501726,1457
1588,-25.37300000000000111,13.10760051247804014,1457
1589,-24.42299999999999827,13.10706389245432746,1458
1590,-24.29200000000000159,13.10008436220992500,1459
1591,-22.96099999999999852,13.11964992632553972,1461
1592,-24.45400000000000063,13.09653915022770931,1461
1593,-26.19500000000000028,13.09118918607633297,1462
1594,-25.14099999999999824,13.08553667807340837,1463
1595,-23.76899999999999835,13.12301218420940785,1464
1596,-23.36100000000000065,13.01783766665535502,13498
1597,-22.20899999999999963,12.88181635858545349,13499
1598,-22.28300000000000125,13.12247242092623800,13500
1599,-21.65299999999999869,13.45589419475282256,18946
1600,-21.38800000000000168,12.86672639201475299,18947
1601,-22.95100000000000051,12.59865557477684561,18948
1602,-22.49200000000000088,12.61309714574086094,18949
1603,-23.87000000000000099,12.67649348766585149,18950
1604,-20.79599999999999937,12.67351156233465659,18951
1605,-19.39399999999999835,12.67985693538312297,18952
1606,-16.56299999999999883,12.66702431223737868,18953
1607,-16.58099999999999952,12.66093436719749121,18954
1608,-15.55599999999999916,12.63911002019329466,18955
1609,-15.42699999999999960,12.60587323878811894,18956
1610,-16.89300000000000068,12.53559852196168478,18957
1611,-13.39100000000000001,12.44821634877092720,18958
1612,-10.15499999999999936,12.42319840039895418,18959
1613,-9.24310000000000009,12.43484659217408428,18960
1614,-8.89409999999999989,12.33600621295458666,18961
1615,-8.25120000000000076,12.33347960359530049,18962
1616,-7.95080000000000009,12.37756576499964467,18963
1617,-9.19689999999999941,12.35413099345335119,18964
1618,-8.60159999999999947,12.34924783872540743,18965
1619,-8.31209999999999916,12.35865472359741091,18966
1620,-8.92300000000000004,12.36857090809316162,18967
1621,-9.26859999999999928,12.39902494963146573,18968
1622,-9.95679999999999943,12.43286470744629391,18969
1623,-10.83799999999999919,12.47284208098627545,18970
1624,-12.37800000000000011,12.48951442702037440,5678
1625,-12.92200000000000060,12.35144858016069591,5679
1626,-20.83999999999999986,12.30213506719284844,5680
1627,-14.85399999999999920,12.32642879778020806,5681
1628,-8.47700000000000031,12.30971624327652059,5682
1629,-9.61950000000000038,12.17777307182985247,5683
1630,-10.37899999999999956,12.08904922495150203,5684
1631,-11.07399999999999984,12.07015947895831331,5685
1632,-9.80310000000000059,12.04836066133866623,5686
1633,-7.59689999999999976,12.02723169421821403,5687
1634,-6.88130000000000042,12.10482301620178625,5688
1635,-8.32990000000000030,12.15839224166735910,5689
1636,-7.71300000000000008,12.15094464759108561,5690
1637,-10.75399999999999956,12.25357582168710380,5691
1638,-31.01300000000000168,12.32307064084843873,5692
1639,-22.59900000000000020,11.83004580197816047,11201
1640,-20.54100000000000037,11.52011784807713823,11202
1641,-22.59299999999999997,11.36024226732516951,11203
1642,-21.72899999999999920,11.28550354561330238,11204
1643,-13.16099999999999959,11.20636469628986909,11205
1644,-14.01800000000000068,11.23009118682541718,11206
1645,-13.50300000000000011,11.24508304387686763,11207
1646,-14.58900000000000041,11.26341315224459727,11208
1647,-15.05100000000000016,11.28598056610807987,11209
1648,-15.23900000000000077,11.29541562085374018,11210
1649,-16.50100000000000122,11.31272505106941750,11211
1650,-16.51800000000000068,11.32267679832447982,11212
1651,-15.53800000000000026,11.32965181445898040,11213
1652,-14.65799999999999947,11.34581607736839359,11214
1653,-14.64300000000000068,11.36600729412023725,11215
1654,-14.28100000000000058,11.38441809158116413,11216
1655,-13.26699999999999946,11.41401246527459001,11217
1656,-12.39700000000000024,11.47020391580512921,10964
1657,-13.71799999999999997,11.39511153301549484,10965
1658,-12.68800000000000061,11.36661833994685900,10966
1659,-12.73799999999999955,11.37133176054753037,10967
1660,-11.50399999999999956,11.40022621261537594,10968
1661,-13.52899999999999991,11.42262667720912006,10969
1662,-12.75300000000000011,11.44634219144907661,10970
1663,-11.92900000000000027,11.48865600940746212,10971
1664,-10.43800000000000061,11.56592313512065395,10972
1665,-11.12100000000000044,11.68240283219593323,10973
1666,-9.39199999999999946,11.79237088969443903,10974
1667,-11.73000000000000043,11.86099804389225731,10975
1668,-11.36100000000000065,11.93541472979960716,10976
1669,-14.13299999999999912,12.02561857072159945,10977
1670,-22.11899999999999977,12.09885591553977058,10978
1671,-12.00000000000000000,12.08476094412963064,10979
1672,-13.90499999999999936,12.08722057203154776,10980
1673,-26.58500000000000085,11.78073764716048721,10982
1674,-36.00500000000000256,11.86921972285453641,10983
1675,-35.45300000000000296,12.20374695748012961,10984
1676,-30.90099999999999980,12.31350080714416251,1420
1677,-25.67599999999999838,12.04374644622457602,1421
1678,-22.85699999999999932,12.00344485345938317,1422
1679,-18.11100000000000065,12.05774970270002555,1423
1680,-16.16199999999999903,12.49208283400689190,1424
1681,-17.12399999999999878,12.71087088208922466,1425
1682,-16.19200000000000017,12.78661639869704914,1426
1683,-19.54299999999999926,12.79357929946001704,1427
1684,-17.76000000000000156,12.75465557262757166,1428
1685,-19.29500000000000171,12.80745844632602015,1429
1686,-21.65399999999999991,12.81858903137247196,11248
1687,-17.82999999999999829,12.74233149422171962,11249
1688,-22.06899999999999906,12.77053702481940434,11250
1689,-19.00300000000000011,12.75397173994025657,11251
1690,-19.84499999999999886,12.77640038462923222,11252
1691,-22.50199999999999889,12.79499002534120677,11253
1692,-20.26200000000000045,12.95675619818050528,11254
1693,-20.73300000000000054,13.03844541013576119,11254
1694,-17.55099999999999838,13.05424065715922488,11255
1695,-16.91700000000000159,13.11083889147571035,11256
1696,-17.30499999999999972,13.13373257096953495,11257
1697,-16.40500000000000114,13.11305445933891534,11258
1698,-16.78000000000000114,13.14098590852808357,11259
1699,-16.33099999999999952,13.14665045429014611,11260
1700,-17.01999999999999957,13.17109996172957054,11261
1701,-21.00499999999999901,13.14096665919612050,11262
1702,-27.19500000000000028,13.09396159501151224,11263
1703,-13.65499999999999936,12.91310792276535224,11264
1704,-16.24699999999999989,12.91817710562879640,11265
1705,-23.06599999999999895,12.79249677449467448,11266
1706,-21.14199999999999946,12.82939655740656626,11267
1707,-20.21600000000000108,12.83401680335192196,11268
1708,-21.56299999999999883,12.80629118759395979,11269
1709,-17.69999999999999929,12.71682394832283336,11270
1710,-16.18400000000000105,12.70773361264607182,11271
1711,-15.33999999999999986,12.71369140673706255,11272
1712,-12.34299999999999997,12.72677911975551623,11273
1713,-11.16699999999999982,12.73052169082992258,11274
1714,-15.25699999999999967,12.73952482945512621,11275
1715,-15.43699999999999939,12.75372316397703720,11276
1716,-13.16499999999999915,12.77272727849618228,11277
1717,-15.54599999999999937,12.78111334486307271,11278
1718,-14.10399999999999920,12.78572505092070521,11279
1719,-16.26200000000000045,12.78668660579254635,11280
1720,-17.01599999999999824,12.82843493117139211,1466
1721,-17.73699999999999832,12.75840154354921552,1467
1722,-18.73900000000000077,12.69773365926313602,1468
1723,-20.72500000000000142,12.64590445286857268,1469
1724,-19.13899999999999935,12.67620230706499207,5778
1725,-21.70700000000000074,12.79233022310983081,5779
1726,-21.58899999999999864,12.72438072244212748,5780
1727,-20.54200000000000159,12.69084598514722551,5781
1728,-20.69699999999999918,12.65861233842956324,5782
1729,-20.46600000000000108,12.63871664404333828,5783
1730,-20.99800000000000111,12.62540741878072481,5784
1731,-20.21099999999999852,12.63151147348045811,5785
1732,-18.70799999999999841,12.63270018362467617,5786
1733,-25.14600000000000080,12.63701118921050437,5787
1734,-28.08299999999999841,12.71497038468941554,5788
1735,-19.56599999999999895,12.84089509872292112,5789
1736,-20.89699999999999847,12.91734785186601542,5790
1737,-17.37399999999999878,12.84915999278561216,5791
1738,-15.74399999999999977,12.79609044033929877,5792
1739,-16.74599999999999866,12.75069948842064704,5793
1740,-17.25199999999999889,12.70472937981484307,5794
1741,-15.96299999999999919,12.64617370483368752,5795
1742,-14.75600000000000023,12.61873314992879713,5796
1743,-15.94500000000000028,12.53718087758914201,5797
1744,-14.96899999999999942,12.48928557006855122,5798
1745,-15.85599999999999987,12.41098326734877233,5799
1746,-14.59800000000000075,12.37202649337832305,5800
1747,-12.75699999999999967,12.32145939780558308,5801
1748,-13.68500000000000050,12.24429799453299950,5802
1749,-15.34500000000000064,12.13313921293535103,5803
1750,-15.30499999999999972,12.10198022443525545,5804
1751,-16.48900000000000077,12.07787216669092700,5805
1752,-16.33200000000000074,12.07663714815190659,5806
1753,-16.54700000000000060,12.29655420325331150,5807
1754,-14.18500000000000050,12.46022699361470387,5808
1755,-15.47499999999999964,12.77073257435723619,5809
1756,-15.15499999999999936,12.49963022065555762,5810
1757,-15.30000000000000071,12.45493625508435542,5811
1758,-14.80499999999999972,12.57121480793462354,5812
1759,-13.62100000000000044,12.51545624867503470,5813
1760,-11.68699999999999939,12.53680197144398001,5814
1761,-13.16300000000000026,12.58484564673907968,5815
1762,-11.62299999999999933,12.59246051647580700,5816
1763,-11.32300000000000040,12.64421622143618862,5817
1764,-13.32399999999999984,12.70160361477154431,5818
1765,-18.70299999999999940,12.73377048176477544,5819
1766,-24.64799999999999969,12.64043235675514509,5820
1767,-25.65299999999999869,12.52408903910831839,5821
1768,-24.49500000000000099,12.34779000551862538,5822
1769,-23.22800000000000153,12.19526861360112235,5823
1770,-21.55600000000000094,12.09263368085620982,5824
1771,-14.44999999999999929,12.01236087251296603,5825
1772,-10.91099999999999959,12.02973830502148722,5826
1773,-11.28299999999999947,12.04256111024223230,5827
1774,-11.74399999999999977,12.04746922897471606,5828
1775,-14.00500000000000078,12.03729695094023810,5829
1776,-16.54299999999999926,12.04037262683351273,5830
1777,-16.03000000000000114,12.03746104072505396,5831
1778,-14.86400000000000077,12.05053785196680849,5832
1779,-14.03100000000000058,12.07116162355550415,5833
1780,-13.52699999999999925,12.08822023352877473,5834
1781,-12.74499999999999922,12.11672959530097415,5835
1782,-13.69599999999999973,12.14866820639889156,5836
1783,-12.50999999999999979,12.18342218744176719,5837
1784,-13.44899999999999984,12.23130572272782857,5838
1785,-15.10299999999999976,12.30120605872958528,5839
1786,-14.36999999999999922,12.32603787523519046,5840
1787,-13.81600000000000072,12.50618904388236174,5841
1788,-15.21400000000000041,12.49713804466681033,5842
1789,-15.04499999999999993,12.52111067125063926,5843
1790,-15.31900000000000084,12.55320654127702440,5844
1791,-13.30899999999999928,12.56795238860562058,5845
1792,-14.02200000000000024,12.60311095364086142,5846
1793,-14.73799999999999955,12.62008988677616017,5847
1794,-13.89700000000000024,12.64713032550264771,5848
1795,-12.25300000000000011,12.64919401713101799,5849
1796,-21.68700000000000117,12.57043880346647313,5850
1797,-32.35499999999999687,12.48832691053618404,5851
1798,-40.42900000000000205,12.79544417098010278,5852
1799,-40.61800000000000210,12.47893471065225413,3826
1800,-35.94700000000000273,12.08265988238836108,3827
1801,-31.03099999999999881,11.95638524279193149,3828
1802,-21.07999999999999829,11.94391828332548933,3829
1803,-17.73600000000000065,11.92476730708118104,3830
1804,-16.54899999999999949,11.83746432972188423,3831
1805,-19.72800000000000153,11.76355251142089564,3832
1806,-21.13899999999999935,11.71445975510565241,3833
1807,-21.64300000000000068,11.68165535895577811,3834
1808,-22.88899999999999935,11.61681530699441467,3835
1809,-24.18700000000000117,11.58251317594337060,3836
1810,-23.01899999999999835,11.58957526327589882,3837
1811,-23.29200000000000159,11.57989890566068247,3838
1812,-22.53900000000000148,11.57995213735173046,3839
1813,-22.05099999999999838,11.59503725285832409,3840
1814,-21.85000000000000142,11.59823379396078913,3841
1815,-23.08899999999999864,11.61469417494662792,3842
1816,-24.20799999999999841,11.66374680432882904,3843
1817,-20.03399999999999892,11.67229459054933827,3844
1818,-17.97500000000000142,11.66053348837441206,3845
1819,-17.14399999999999835,11.85680698075782047,3846
1820,-16.39199999999999946,11.66643659697609614,3847
1821,-16.94300000000000139,11.47034913506764298,3848
1822,-17.26500000000000057,11.42876354140376449,3849
1823,-17.93599999999999994,11.42859098507719473,3850
1824,-16.40099999999999980,11.63146264703718735,3851
1825,-16.46600000000000108,11.65965610542885500,3852
1826,-20.10200000000000031,11.76494960319302407,3853
1827,-19.92200000000000060,11.95919747570983205,3854
1828,-25.76899999999999835,12.02922823515965334,3855
1829,-17.59199999999999875,12.12526244544038256,3856
1830,-23.37300000000000111,12.16540855540633892,3857
1831,-26.90700000000000003,12.14753929233956242,3858
1832,-22.74899999999999878,12.17349473117445591,3859
1833,-23.10999999999999943,12.22697874456541811,3860
1834,-24.87199999999999989,12.27731802938598449,3861
1835,-23.94600000000000151,12.23030582965941804,3862
1836,-22.14600000000000080,12.15106808419712792,3863
1837,-23.10099999999999909,12.13988882907382383,3864
1838,-24.19099999999999895,12.19523242475148272,3865
1839,-22.66499999999999915,12.10556051029167435,3866
1840,-21.84199999999999875,12.09674722640674815,3867
1841,-20.87399999999999878,12.09716684070451542,3868
1842,-21.36499999999999844,12.10187442078727393,3869
1843,-20.51599999999999824,12.11303980451341644,3870
1844,-20.56099999999999994,12.15166634980690752,3871
1845,-19.02899999999999991,12.13118463212331122,3872
1846,-20.52199999999999847,12.06660578961424513,3873
1847,-20.25700000000000145,11.98967873290428443,1340
1848,-19.86499999999999844,11.80320746886322425,1341
1849,-19.85699999999999932,11.98675054843556786,3876
1850,-19.38100000000000023,12.12537284557241790,3877
1851,-19.40399999999999991,11.94167401408542162,3878
1852,-17.58599999999999852,11.88229385708268282,3879
1853,-17.54799999999999827,11.69154716305041930,1344
1854,-19.47800000000000153,11.36585530406388855,1345
1855,-19.11499999999999844,11.24233135878482237,1346
1856,-18.63200000000000145,11.15511021914899459,1348
1857,-18.99500000000000099,11.04557628879650366,1349
1858,-17.26500000000000057,11.09065659182853913,1349
1859,-16.65299999999999869,11.25757897739029190,1350
1860,-15.65300000000000047,11.35172175756088286,1352
1861,-14.92300000000000004,11.29145848919903727,3888
1862,-17.56899999999999906,11.17417383321691915,3889
1863,-19.05900000000000105,11.08483226461763671,3890
1864,-17.31700000000000017,11.01605879243010655,3891
1865,-16.17500000000000071,10.95210642006815682,3892
1866,-16.69300000000000139,10.89451887322960033,3893
1867,-16.97500000000000142,10.82814045153970106,3894
1868,-17.62099999999999866,10.81458764245339843,3895
1869,-15.26900000000000013,10.83171824039612652,3896
1870,-15.65499999999999936,10.83710933871037518,3897
1871,-15.74099999999999966,10.81743031336997518,3898
1872,-16.50300000000000011,10.79239350260474417,3899
1873,-16.81500000000000128,10.77453957649930594,3900
1874,-17.07300000000000040,10.75107076692346553,3901
1875,-17.91000000000000014,10.71915555526397945,3902
1876,-17.94099999999999895,10.68288617373564797,3903
1877,-19.92699999999999960,10.62832571228500456,3904
1878,-20.96499999999999986,10.54758669046229080,3905
1879,-30.10300000000000153,10.49219459660576170,3906
1880,-26.12699999999999889,10.30609301041144121,3907
1881,-21.65399999999999991,10.31457822145000769,3908
1882,-19.87500000000000000,10.39223921153521069,3909
1883,-16.19800000000000040,10.41184993518570501,3910
1884,-19.43100000000000094,10.48280813330672601,3911
1885,-20.84700000000000131,10.53203130719843905,3912
1886,-20.83999999999999986,10.52599940422733837,3913
1887,-16.79200000000000159,10.53152140237003387,3914
1888,-18.24699999999999989,10.46478050969255236,3915
1889,-16.81200000000000117,10.40225978770705062,3916
1890,-25.98499999999999943,10.29271220782720242,3917
1891,-34.82999999999999829,10.30940103403562169,3918
1892,-30.65899999999999892,10.30371315325315251,3919
1893,-18.33200000000000074,10.39515007731259999,3920
1894,-19.81800000000000139,10.42379962421064299,3921
1895,-18.08299999999999841,10.48300817272025931,3922
1896,-19.38400000000000034,10.48995398748233043,3923
1897,-18.87699999999999889,10.52620677124682125,3924
1898,-17.60800000000000054,10.56558170950664177,3925
1899,-17.59499999999999886,10.59389190958192373,3926
1900,-13.97899999999999920,10.65271826065207783,3927
1901,-15.13000000000000078,10.67249999774412927,3928
1902,-14.64400000000000013,10.69934877658645078,3929
1903,-16.80399999999999849,10.72768269755139947,3930
1904,-19.92399999999999949,10.77426865283708501,3931
1905,-19.18900000000000006,10.77231893418333541,3932
1906,-18.69300000000000139,10.76553726005956513,3933
1907,-17.91799999999999926,10.74063005345789357,3934
1908,-18.67999999999999972,10.71207228967304736,3935
1909,-15.61500000000000021,10.72264684158226977,3936
1910,-18.03600000000000136,10.74970765192941258,3937
1911,-17.77599999999999980,10.74895562447537856,3938
1912,-16.76800000000000068,10.74877683619092927,3939
1913,-18.37399999999999878,10.79569671805344910,3940
1914,-17.18599999999999994,10.80614314986559243,3941
1915,-14.31700000000000017,10.82398892403851853,3942
1916,-15.01299999999999990,10.84226778856869799,3943
1917,-15.02100000000000080,10.85578906397559251,3944
1918,-14.37299999999999933,10.87748629408172185,3945
1919,-12.62199999999999989,10.88974787016537071,3946
1920,-15.62899999999999956,10.90827229466682802,3947
1921,-12.40000000000000036,10.89885696204020782,3948
1922,-15.69699999999999918,10.94781984104904460,3949
1923,-28.67500000000000071,10.94376298658959001,3950
1924,-13.01399999999999935,11.02290959072739440,3951
1925,-7.93710000000000004,11.00337854945510863,3952
1926,-13.19500000000000028,11.07570814319594099,3953
1927,-13.30199999999999960,11.08836937814230517,3954
1928,-12.14899999999999913,11.08686566723618405,3955
1929,-13.96700000000000053,11.31367072309259747,3956
1930,-13.71599999999999930,11.45736490690162057,3957
1931,-15.01800000000000068,11.61006989635512632,3958
1932,-15.38400000000000034,11.68324536376153411,3959
1933,-14.44599999999999973,11.64392720683190952,3960
1934,-13.09900000000000020,11.57963815613693193,3961
1935,-10.23900000000000077,11.58882333765676265,3962
1936,-11.58699999999999974,11.60979972886912570,3963
1937,-11.45199999999999996,11.63000628746196519,3964
1938,-12.03800000000000026,11.67057036362142952,3965
1939,-12.46799999999999997,11.69295260673754910,3966
1940,-11.75600000000000023,11.68170649448159359,3967
1941,-11.28200000000000003,11.67326894719402119,3968
1942,-13.24399999999999977,11.67978387709541543,3969
1943,-15.12100000000000044,11.67361525840387415,3970
1944,-14.21000000000000085,11.64012082383320923,3971
1945,-12.89499999999999957,11.57579316084982146,3972
1946,-10.91000000000000014,11.44718494748205906,3973
1947,-9.16719999999999935,11.45475311292034171,3974
1948,-11.75600000000000023,11.51243641334045087,3975
1949,-10.17099999999999937,11.60112615780197665,4990
1950,-11.09399999999999942,10.87834127303671394,4991
1951,-11.71400000000000041,10.50898478944032988,4992
1952,-8.72240000000000038,10.43415995055775447,4993
1953,-10.73499999999999943,10.33227908296549202,4994
1954,-11.33000000000000007,10.30213755521564423,4995
1955,-31.13700000000000045,10.25321790764552610,4996
1956,-22.55699999999999861,10.31702135309097912,4997
1957,-15.56400000000000006,10.27423982619359855,4998
1958,-24.35200000000000031,10.27766730164391973,4999
1959,-21.03600000000000136,10.08423428008504175,5000
1960,-18.85600000000000165,9.94737763062994063,5001
1961,-16.80600000000000094,9.83517460581543546,5002
1962,-19.57799999999999940,9.73971448756334723,5003
1963,-16.37399999999999878,9.60444829385132337,5004
1964,-16.71399999999999864,9.56418235408338901,5005
1965,-14.52699999999999925,9.47721616935730893,5006
1966,-19.20499999999999829,9.45335331954544600,5007
1967,-13.36200000000000010,9.29987100644305187,5008
1968,-16.01699999999999946,9.27793450043519741,5009
1969,-14.73199999999999932,9.21003918385026843,5010
1970,-17.02799999999999869,9.19121730894370970,5011
1971,-16.26300000000000168,9.16460766257835147,5012
1972,-17.28699999999999903,9.13285477554212832,5013
1973,-16.68499999999999872,9.12869119281520724,5014
1974,-15.83699999999999974,9.06652793866938467,5015
1975,-20.48699999999999832,8.96986679385887520,5016
1976,-20.17200000000000060,8.95026985886700466,5017
1977,-22.24599999999999866,8.94784126692126769,5018
1978,-22.25100000000000122,8.94560539734983529,5019
1979,-22.77700000000000102,8.94726797414885766,5020
1980,-20.58299999999999841,8.95348416074238784,5021
1981,-22.02400000000000091,8.93577943776582906,5022
1982,-19.88100000000000023,8.92147350781574922,5023
1983,-19.00400000000000134,8.86753124779997925,5024
1984,-22.67699999999999960,8.87385566742261567,5025
1985,-18.63800000000000168,8.67791970606798735,5026
1986,-23.08999999999999986,8.59358802754885076,5027
1987,-26.86100000000000065,8.61095321152911808,5028
1988,-21.20100000000000051,8.65691356126631995,5029
1989,-19.35699999999999932,8.65498548539056678,5030
1990,-19.10800000000000054,8.57420441743767725,5031
1991,-15.63100000000000023,8.48236450291394384,5032
1992,-15.26200000000000045,8.50367777853278817,5033
1993,-15.14899999999999913,8.51035046931655081,5034
1994,-14.68999999999999950,8.49521183725736861,5035
1995,-14.56000000000000050,8.48570158316518963,5036
1996,-17.32799999999999940,8.47886562683365419,5037
1997,-15.55499999999999972,8.48375705775742084,5038
1998,-15.13899999999999935,8.47993028073840271,5039
1999,-14.75000000000000000,8.47843560887127090,5040
2000,-12.44299999999999962,8.49193729746440873,5041
2001,-12.53500000000000014,8.55014554846988339,5042
2002,-12.95299999999999940,8.58476898035317681,5043
2003,-10.74000000000000021,8.62203162297524273,5044
2004,-11.10299999999999976,8.67316322913292481,5045
2005,-12.16499999999999915,8.70604390504465897,5046
2006,-10.92600000000000016,8.76923994935132001,5047
2007,-9.98460000000000036,8.82451450369304524,5048
2008,-11.16900000000000048,8.86126545735048410,5049
2009,-10.80000000000000071,8.83565168248617994,5050
2010,-11.26099999999999923,8.89604838800062581,5051
2011,-9.99430000000000085,8.94873038198512916,5052
2012,-11.51699999999999946,8.98098262818439608,5053
2013,-11.34699999999999953,8.99046864722885708,5054
2014,-11.51699999999999946,9.01288335896164128,5055
2015,-10.50500000000000078,9.01467823276589542,5056
2016,-10.94200000000000017,8.97581714395720276,5057
2017,-13.04899999999999949,8.95125763238557681,5058
2018,-13.61599999999999966,8.96767743391703576,5059
2019,-25.48499999999999943,8.95337584988876500,5060
2020,-25.58800000000000097,9.11202514718289969,5061
2021,-23.16799999999999926,9.20686004150093140,5062
2022,-20.42000000000000171,9.27436848805895764,5063
2023,-10.07499999999999929,9.25109278305165184,5064
2024,-14.77500000000000036,9.20061850661335967,5065
2025,-15.34299999999999997,9.19609652214113815,5066
2026,-13.00699999999999967,9.21788794049772697,5067
2027,-14.78700000000000081,9.22513519258367687,5068
2028,-15.86100000000000065,9.21942012245141918,5069
2029,-14.42699999999999960,9.21644480329184645,5070
2030,-16.63100000000000023,9.19367585552596012,5071
2031,-17.05000000000000071,9.18705280960650583,5072
2032,-13.23499999999999943,9.18032969802725063,5073
2033,-10.85399999999999920,9.16166880642399484,5074
2034,-11.86299999999999955,9.11605901275351371,5075
2035,-12.67500000000000071,9.08256946310579494,5076
2036,-13.21700000000000053,9.04857502406122371,5077
2037,-12.13799999999999990,9.02180144174412746,5078
2038,-11.99200000000000088,8.98289780087587708,5079
2039,-11.83300000000000018,8.96103701918032236,5080
2040,-12.04599999999999937,8.97847387342357628,5081
2041,-12.32799999999999940,9.02975758630791425,5082
2042,-10.97499999999999964,9.12692447018743813,5083
2043,-9.83510000000000062,9.30490320306929952,5084
2044,-7.93020000000000014,9.34696003887469651,5085
2045,-8.07939999999999969,9.46491246403548558,5086
2046,-7.15069999999999961,9.41495005051794465,3060
2047,-5.82420000000000027,9.41988860973666142,3061
2048,-7.85949999999999971,9.44571690091770400,3062
2049,-11.54599999999999937,9.43735566642582135,3063
2050,-30.86599999999999966,9.21703511041499368,3064
2051,-34.54299999999999926,9.32345195807281080,3065
2052,-37.46300000000000097,9.37187074533961884,3066
2053,-33.52700000000000102,9.34522734690206747,3067
2054,-25.05799999999999983,9.38602693515084674,3068
2055,-19.47500000000000142,9.45192288195623931,3069
2056,-22.54200000000000159,9.45663507903662470,3070
2057,-29.68400000000000105,9.48006997514126759,3071
2058,-30.49099999999999966,9.46678254383096451,3072
2059,-29.45299999999999940,9.54167472859565180,3073
2060,-29.69500000000000028,9.60882070996093773,3074
2061,-28.71000000000000085,9.63034401185923628,3075
2062,-28.87999999999999901,9.69009867803166358,3076
2063,-29.82100000000000151,9.82311397802820530,3077
2064,-25.12999999999999901,9.83224595344306707,3078
2065,-25.98600000000000065,9.88375415302731497,3079
2066,-29.03600000000000136,9.86125808387953384,3080
2067,-29.40800000000000125,9.79026312887356198,3081
2068,-27.89499999999999957,9.80500050380034516,3082
2069,-24.87699999999999889,9.71117726903046119,3083
2070,-25.11700000000000088,9.67996040365888710,3084
2071,-23.50499999999999901,9.65288033200884144,3085
2072,-23.80600000000000094,9.68545049863162077,3086
2073,-21.76500000000000057,9.66856438953398012,3087
2074,-22.90099999999999980,9.70748936044928357,3088
2075,-22.55999999999999872,9.72654062087570992,3089
2076,-23.78600000000000136,9.79180898543356548,3090
2077,-20.27799999999999869,9.82914456973990269,3091
2078,-20.96600000000000108,9.85070783288917085,3092
2079,-19.86299999999999955,9.90550558719377605,3093
2080,-20.44900000000000162,9.98892906532700309,3094
2081,-28.70799999999999841,10.02591803411157123,3095
2082,-23.45899999999999963,10.15236516567994407,3096
2083,-21.29299999999999926,9.90127925662203268,3097
2084,-20.37999999999999901,9.75455754109914430,3098
2085,-13.14400000000000013,9.59654705904764604,3099
2086,-14.16499999999999915,9.60650562047546686,3100
2087,-12.05700000000000038,9.70470053579698444,3101
2088,-10.66000000000000014,9.81366419762713704,3102
2089,-8.59190000000000076,10.02494741836838976,3103
2090,-5.81970000000000010,10.12977498816095334,3104
2091,-6.25480000000000036,10.36307111499839628,3105
2092,-6.05949999999999989,10.57027580968198244,3106
2093,-5.90979999999999972,10.63692477973452633,3107
2094,-7.68649999999999967,10.76000384258107800,3108
2095,-7.28239999999999998,10.87336220740965409,3109
2096,-5.98460000000000036,10.97646956513229988,3110
2097,-5.38809999999999967,11.15633646241063381,3111
2098,-4.58110000000000017,11.33095876424484771,3112
2099,-7.12640000000000029,11.49198962716228856,3113
2100,-8.00140000000000029,11.58098329620807654,3114
2101,-9.35210000000000008,11.75761127533263917,3115
2102,-8.43260000000000076,11.95574701683988117,3116
2103,-7.76119999999999965,12.02360628054047353,3117
2104,-8.84379999999999988,12.17110075868885666,3118
2105,-9.94689999999999941,12.16737717767098736,3119
2106,-10.56700000000000017,11.99533155689786490,10468
2107,-8.66430000000000078,11.85556316903247875,10469
2108,-10.93800000000000061,11.74687063537576748,10470
2109,-10.42399999999999949,11.55035235272932148,9458
2110,-12.16399999999999970,11.16733403792135704,9459
2111,-13.87400000000000055,10.87871128943569587,9460
2112,-12.34299999999999997,10.67568199266742468,9461
2113,-12.74499999999999922,10.47553209254873607,9462
2114,-13.52100000000000080,10.29563473554634889,9463
2115,-15.72000000000000064,10.09830875656683880,9464
2116,-16.14499999999999957,9.96535878387846630,9465
2117,-15.74600000000000044,9.85515864022378452,9466
2118,-16.91900000000000048,9.74334404044618374,9467
2119,-17.47500000000000142,9.67360062066496518,9468
2120,-17.29599999999999937,9.66789779583583986,9469
2121,-15.52899999999999991,9.65367980177364338,9470
2122,-16.60399999999999920,9.66318163375408368,9471
2123,-15.47400000000000020,9.70612152053072919,9472
2124,-15.90300000000000047,9.69781346384955967,9473
2125,-14.44800000000000040,9.60680336218529440,9474
2126,-13.89799999999999969,9.57028817752752481,9475
2127,-17.05799999999999983,9.51394845238713849,9476
2128,-26.39199999999999946,9.46693428307240481,9477
2129,-24.12999999999999901,9.43683305599391531,9478
2130,-24.45200000000000173,9.47187480543671612,9479
2131,-26.50600000000000023,9.40469424024722400,9480
2132,-24.52799999999999869,9.29001586104059029,9481
2133,-27.55699999999999861,9.24715529708591788,9482
2134,-17.14999999999999858,9.21398646508875707,9483
2135,-14.63400000000000034,9.22690360491189487,9484
2136,-17.08599999999999852,9.22736885808329177,9485
2137,-16.17599999999999838,9.18421025776005173,9486
2138,-17.27899999999999991,9.07858000588774594,9487
2139,-17.12199999999999989,9.02162654049713986,9488
2140,-19.24399999999999977,8.97537125127421298,9489
2141,-18.38800000000000168,8.97146076503665313,9490
2142,-19.96900000000000119,8.96849041436411909,9491
2143,-18.24099999999999966,8.96216302520470265,9492
2144,-28.21799999999999997,8.99363263693333792,9493
2145,-31.22700000000000031,9.05544302017341529,9494
2146,-20.81700000000000017,9.04201551241420809,9495
2147,-24.82199999999999918,9.14873497734664376,16840
2148,-28.80399999999999849,9.07987250741252971,16841
2149,-19.39699999999999847,8.82433556524889795,16842
2150,-15.65300000000000047,8.82805393437305241,16843
2151,-17.54100000000000037,8.87669192667662443,16844
2152,-15.05499999999999972,8.86635169054043715,16845
2153,-15.97799999999999976,8.83730787766669401,16846
2154,-17.12500000000000000,8.82037307226432432,16847
2155,-20.14199999999999946,8.81133916052267274,16848
2156,-19.04700000000000060,8.80260473362478102,16849
2157,-17.76699999999999946,8.80701892154848132,16850
2158,-15.47600000000000087,8.79658404117671111,16851
2159,-14.78100000000000058,8.79725385193498077,16852
2160,-13.78400000000000070,8.80380865571324200,16853
2161,-15.21899999999999942,8.81595682436996242,16854
2162,-13.82600000000000051,8.82355313174449662,16855
2163,-14.68699999999999939,8.84607765940328328,16856
2164,-14.72499999999999964,8.87834998281874199,16857
2165,-13.73300000000000054,8.89958185234406507,16858
2166,-14.97899999999999920,8.92997341080127782,16859
2167,-12.35100000000000087,8.95268626829094849,16860
2168,-11.86599999999999966,9.00983986921919922,16861
2169,-12.91499999999999915,9.08899126000895130,16862
2170,-13.88400000000000034,9.17273899530238346,16863
2171,-14.33999999999999986,9.24427946456308725,16864
2172,-13.56099999999999994,9.27406672339943938,16865
2173,-15.70199999999999996,9.30171587558804092,16866
2174,-14.45599999999999952,9.30907191995380323,16867
2175,-14.14000000000000057,9.33946699584798345,16868
2176,-13.47300000000000075,9.37062594100815716,16869
2177,-11.87199999999999989,9.40512917960959882,16870
2178,-16.66400000000000148,9.45988343890867611,16871
2179,-16.04599999999999937,9.44251459615279032,16872
2180,-16.76200000000000045,9.46238534759487315,16873
2181,-13.58000000000000007,9.56158533260850518,16874
2182,-14.80799999999999983,9.66866569291516065,16875
2183,-14.70599999999999952,9.75231192266075375,16876
2184,-15.19299999999999962,9.75533984102727203,16877
2185,-15.41699999999999982,9.75838560339562378,16878
2186,-12.82000000000000028,9.75358544719453313,16879
2187,-12.73099999999999987,9.82954712826029109,16880
2188,-15.67999999999999972,9.83981010478513696,16881
2189,-15.27399999999999913,9.89545893984880820,16882
2190,-14.36400000000000077,9.96111434274230412,16883
2191,-16.05300000000000082,10.28811206761159269,16884
2192,-16.55699999999999861,10.29272326212065991,16885
2193,-13.77800000000000047,10.13289671047384743,16886
2194,-13.83600000000000030,10.05151990502072223,16887
2195,-13.95500000000000007,9.96590705509927943,16888
2196,-13.99200000000000088,9.92931207159603346,16889
2197,-13.52699999999999925,9.90547518457260701,16890
2198,-12.96700000000000053,9.87981404822789067,16891
2199,-14.29800000000000004,10.59436205097633810,16892
2200,-15.44299999999999962,10.94566358760139835,16893
2201,-13.81000000000000050,11.23440121718909879,16898
2202,-13.67200000000000060,11.25191222493718612,16899
2203,-13.89000000000000057,11.28838015085743329,16900
2204,-13.23900000000000077,11.30281233595210466,16901
2205,-15.54599999999999937,11.28586786979095180,16902
2206,-15.41900000000000048,11.27279006634542213,16903
2207,-13.14700000000000024,11.28033533443303682,16904
2208,-26.44500000000000028,11.20548896993468624,16905
2209,-22.29599999999999937,11.22473238984617261,16906
2210,-16.83299999999999841,11.20933360660960432,16907
2211,-17.89399999999999835,11.20592195691205184,16908
2212,-13.76099999999999923,11.20569150736766950,16909
2213,-15.78700000000000081,11.20252991172584167,16910
2214,-15.66999999999999993,11.23076904417710153,16911
2215,-17.13800000000000168,11.24456682765433158,16912
2216,-17.25700000000000145,11.25207542334134381,16913
2217,-15.95899999999999963,11.21713390657462206,16914
2218,-16.90800000000000125,11.19029733516339142,16915
2219,-15.77100000000000080,11.16192529360714758,16916
2220,-17.27799999999999869,11.13464098029100136,16917
2221,-16.32199999999999918,11.10430017504557121,16918
2222,-18.13200000000000145,11.07995822503944972,16919
2223,-16.82000000000000028,11.05751534232782696,16920
2224,-18.40599999999999881,11.16238664040586137,16921
2225,-17.63400000000000034,11.32389972130762601,16921
2226,-18.24299999999999855,11.41747565028212819,16922
2227,-19.92399999999999949,11.15089654090245297,16923
2228,-19.33599999999999852,10.80486146296927963,16924
2229,-18.91300000000000026,10.53804664818562564,16925
2230,-17.97299999999999898,10.31406420815440761,16926
2231,-20.32400000000000162,10.17504837735321388,16927
2232,-20.73400000000000176,10.16444588745713062,16928
2233,-20.45700000000000074,10.16154176679883214,16929
2234,-22.52799999999999869,10.18546529620878793,16930
2235,-22.25499999999999901,10.28394005615199269,16931
2236,-22.67000000000000171,10.35995590683300982,16932
2237,-21.50900000000000034,10.39726989048885031,16933
2238,-20.52299999999999969,10.41210846783342170,16934
2239,-18.94699999999999918,10.34484660723002314,16935
2240,-17.62399999999999878,10.22324171884381450,16936
2241,-14.21899999999999942,10.21275835163259416,16937
2242,-9.71400000000000041,10.11964606890691520,16938
2243,-13.96100000000000030,10.05402206776751939,16939
2244,-21.50400000000000134,10.07045959939634194,16940
2245,-25.25900000000000034,10.02269861401148354,16941
2246,-15.62800000000000011,9.93300753450993668,16942
2247,-17.89999999999999858,9.96984976916156462,16943
2248,-16.78600000000000136,10.00122297995846132,16944
2249,-19.86700000000000088,10.04224424859552656,16945
2250,-20.48499999999999943,10.03698543488921757,16946
2251,-20.15599999999999881,10.05341046551234463,16947
2252,-19.75900000000000034,10.15695729559043237,16948
2253,-19.33500000000000085,10.18618196250315400,16949
2254,-18.63599999999999923,10.19609827982528394,16950
2255,-19.00900000000000034,10.19657485775485384,16951
2256,-19.87699999999999889,10.11938539650323321,16952
2257,-20.18100000000000094,10.03505891280915385,16953
2258,-17.80900000000000105,9.96968303537610723,16954
2259,-17.26000000000000156,9.89482188324232403,16955
2260,-24.75300000000000011,9.82091784134697932,16956
2261,-24.20799999999999841,9.73136480890583222,16957
2262,-20.51200000000000045,9.69883086621554114,16958
2263,-19.95400000000000063,10.17204944036027747,16960
2264,-17.07799999999999940,10.28538801068963693,16961
2265,-17.82900000000000063,10.31615967845840309,16961
2266,-18.79100000000000037,10.34335135728739274,16963
2267,-17.46000000000000085,10.83362589392879372,16963
2268,-20.56500000000000128,11.02028259096231366,16964
2269,-16.20299999999999940,11.02177807588115677,16965
2270,-16.50400000000000134,11.06224919162551323,16966
2271,-15.25799999999999912,11.22570188065270358,16967
2272,-15.36899999999999977,11.29994884335178718,16969
2273,-14.59999999999999964,11.34134889367322252,16970
2274,-16.39300000000000068,11.42925983934772916,16971
2275,-14.61400000000000077,11.44858695567021378,2781
2276,-15.52500000000000036,11.38455498822371226,2782
2277,-15.55199999999999960,11.40025205465573599,2783
2278,-19.53000000000000114,11.38570888080730370,2784
2279,-18.51800000000000068,11.38108202362816357,2785
2280,-15.71400000000000041,11.41395669826226111,2786
2281,-16.10300000000000153,11.43030313917094887,2787
2282,-15.98399999999999999,11.45772389185752971,2788
2283,-15.41699999999999982,11.45606966580431241,2789
2284,-17.23199999999999932,11.45775676389795983,2790
2285,-17.23199999999999932,11.44579694012917237,2791
2286,-17.77400000000000091,11.43383934261159851,2792
2287,-16.66700000000000159,11.43537587703195513,2793
2288,-19.76099999999999923,11.40624813123209336,2794
2289,-16.96300000000000097,11.36667084186266230,2795
2290,-18.98100000000000165,11.30899134632500136,2796
2291,-17.01099999999999923,11.27331023890078399,2797
2292,-21.44200000000000017,11.21533206811034056,2798
2293,-22.10900000000000176,11.17765543589118238,2799
2294,-16.40800000000000125,11.30548294790432351,2800
2295,-19.32999999999999829,11.23570158276727149,2801
2296,-22.42399999999999949,11.24164350129737500,2802
2297,-21.63899999999999935,11.22903020689847331,2803
2298,-17.95400000000000063,11.11449208437629821,2804
2299,-19.30000000000000071,10.94525252855966535,2805
2300,-16.54599999999999937,10.93478404744195664,2806
2301,-16.19699999999999918,10.94415083905531105,2807
2302,-23.39300000000000068,10.96111029865019582,2808
2303,-21.71199999999999974,10.87097075313860550,2809
2304,-24.57499999999999929,10.83908366005844570,2810
2305,-27.87500000000000000,10.83022240511030532,2811
2306,-26.66600000000000037,10.86449112518968008,2812
2307,-30.39300000000000068,10.88841076950508757,2813
2308,-32.19400000000000261,10.93651201466375333,2814
2309,-33.47800000000000153,10.90898420002715241,2815
2310,-31.34700000000000131,10.78648448615592059,2816
2311,-29.99699999999999989,10.65690469206072422,2817
2312,-31.06400000000000006,10.63397929367411443,2818
2313,-29.73000000000000043,10.55047077116676313,2819
2314,-30.25100000000000122,10.56284271660424068,2820
2315,-29.14199999999999946,10.57080862234001373,2821
2316,-28.93900000000000006,10.54134258165754012,2822
2317,-26.84499999999999886,10.47119715172015653,2823
2318,-28.06899999999999906,10.43478992549281159,2824
2319,-27.77499999999999858,10.32371508383308090,2825
2320,-25.30999999999999872,10.30288256704033500,2826
2321,-26.28099999999999881,10.29348206524664455,2827
2322,-25.33800000000000097,10.86124813587270488,2828
2323,-26.23699999999999832,11.19505361244974040,2829
2324,-29.30999999999999872,11.34341137152217804,2830
2325,-23.30499999999999972,11.33300214341214840,2831
2326,-20.34700000000000131,11.37366670107767597,2832
2327,-18.31200000000000117,11.39143581075000178,2833
2328,-22.10800000000000054,11.34396665798678683,2834
2329,-26.89699999999999847,11.28650045762750764,2835
2330,-26.55499999999999972,11.25234294703460414,2836
2331,-27.43900000000000006,11.42948890864548694,2837
2332,-27.39300000000000068,11.31897323749025652,2838
2333,-29.44900000000000162,11.27154437807130449,2839
2334,-29.41600000000000037,11.19960534712515710,2840
2335,-26.73499999999999943,11.16263542750077065,2841
2336,-26.58500000000000085,11.22096168373517777,2842
2337,-30.58500000000000085,11.25712238014677524,2843
2338,-25.36100000000000065,11.22931347122316126,2844
2339,-25.84600000000000009,11.28337518687436969,2845
2340,-21.76999999999999957,11.34166815860947963,2846
2341,-21.48699999999999832,11.36371178180881358,2847
2342,-19.49899999999999878,11.37646632214397613,2848
2343,-17.58899999999999864,11.38068886254108492,2849
2344,-18.06400000000000006,11.37614327030032513,2850
2345,-16.99299999999999855,11.35797124010566073,2851
2346,-12.98499999999999943,11.32855730150890849,2852
2347,-14.39400000000000013,11.28405279709339126,2853
2348,-17.04700000000000060,11.29550148178044822,2854
2349,-14.63000000000000078,11.27295006160339241,2855
2350,-13.52899999999999991,11.26892197035552989,2856
2351,-13.55400000000000027,11.25671491346430919,2857
2352,-13.27399999999999913,11.25351470853361313,2858
2353,-13.22700000000000031,11.26551312298368579,2859
2354,-15.43500000000000050,11.27824723853222011,2860
2355,-17.82300000000000040,11.26794722906002555,2861
2356,-16.00499999999999901,11.24520244184247275,2862
2357,-15.50900000000000034,11.26392530932009528,2863
2358,-16.11799999999999855,11.24759022994722990,2864
2359,-15.36400000000000077,11.24037054576455930,2865
2360,-16.17699999999999960,11.19695793149902130,2866
2361,-16.71699999999999875,11.16950213514132351,2867
2362,-17.91799999999999926,11.14839824035538562,2868
2363,-19.00100000000000122,11.18324943221509749,2869
2364,-19.15700000000000003,11.19298098296394350,2870
2365,-19.48100000000000165,11.18440163616610405,2871
2366,-20.05000000000000071,11.17605125713333969,2872
2367,-21.23900000000000077,11.16437026547229827,2873
2368,-23.03699999999999903,11.13869158831742645,2874
2369,-23.83599999999999852,11.11072139365425038,2875
2370,-23.33699999999999974,11.09445381843513800,2876
2371,-20.85099999999999909,11.06665932247580209,2877
2372,-21.14799999999999969,11.05059015947943557,2878
2373,-20.44300000000000139,11.06266903347969865,2879
2374,-20.08200000000000074,11.08659246165186474,2880
2375,-19.89900000000000091,11.09272883040597257,2881
2376,-19.26699999999999946,11.05924957218555349,2882
2377,-20.28099999999999881,11.04333382503039118,2883
2378,-20.70100000000000051,11.04781386675420407,2884
2379,-19.70499999999999829,11.05549660868632422,2885
2380,-21.89499999999999957,11.04155838977543169,2886
2381,-20.42200000000000060,11.00901468176041931,2887
2382,-20.03099999999999881,10.99556223184633730,2888
2383,-16.17800000000000082,10.98635101630372546,2889
2384,-15.53700000000000081,10.99908349306400446,2890
2385,-14.84500000000000064,11.01733693829210026,2891
2386,-19.17099999999999937,11.03452876297962604,2892
2387,-15.61299999999999955,11.00122008431952914,2893
2388,-6.76980000000000004,11.00968032882095393,2894
2389,-7.03910000000000036,10.99637481541474315,2895
2390,-5.59890000000000043,11.11460967546191902,2896
2391,-7.84710000000000019,11.23971069019512292,2897
2392,-7.01499999999999968,11.39281406083948056,2898
2393,-7.96079999999999988,11.59373527415536920,2899
2394,-7.35280000000000022,11.75335161988756738,2900
2395,-11.06400000000000006,11.92738159645789153,2901
2396,-12.19599999999999973,12.03667163301065912,2902
2397,-11.29199999999999982,12.09849923923665571,2903
2398,-31.19800000000000040,12.14720433286762180,2904
2399,-26.07600000000000051,12.31943511674156611,2905
2400,-25.13500000000000156,12.52080106249696456,2906
2401,-23.36100000000000065,12.62165142922292915,2907
2402,-12.01500000000000057,12.75133098169023782,2908
2403,-13.72799999999999976,12.92416637734367768,2909
2404,-14.67099999999999937,13.03287821519278111,2910
2405,-13.72899999999999920,13.09761814270393643,2911
2406,-11.86999999999999922,13.13305568971684067,2912
2407,-14.23199999999999932,13.16302587928751855,2913
2408,-13.20100000000000051,13.20164298171299144,2914
2409,-14.24799999999999933,13.30283307589226283,2915
2410,-14.18200000000000038,13.37532063467545385,2916
2411,-15.80300000000000082,13.41469680515440110,2917
2412,-13.15399999999999991,13.40233237830791602,2918
2413,-14.27100000000000080,13.35463136402754536,2919
2414,-14.53599999999999959,13.29662624154425465,2920
2415,-12.41399999999999970,13.25455141653431035,2921
2416,-12.59099999999999930,13.19215294539922567,2922
2417,-13.73300000000000054,13.13548096618846017,2923
2418,-14.03800000000000026,13.03280734303927346,2924
2419,-13.82000000000000028,12.96967251199207460,2925
2420,-13.51900000000000013,12.91313465891850676,2926
2421,-11.20100000000000051,12.86714426806550726,2927
2422,-13.86100000000000065,12.87309946177193254,2928
2423,-13.77599999999999980,12.94236073028349487,2929
2424,-17.85099999999999909,13.00356254969898551,2930
2425,-24.04799999999999827,13.00939518082432400,2931
2426,-35.67300000000000182,12.99140770928337218,2932
2427,-40.22699999999999676,13.21994621457822028,2933
2428,-38.51800000000000068,13.52521104277770725,2934
2429,-37.09100000000000108,13.84586929458506788,2935
2430,-33.15899999999999892,14.14259436797068581,2936
2431,-23.83500000000000085,14.28745594219383008,2937
2432,-18.48000000000000043,14.31340205515717834,2938
2433,-17.59299999999999997,14.30552102140573467,2939
2434,-12.43599999999999994,14.29540306567297847,2940
2435,-11.67099999999999937,14.25172296227617430,2941
2436,-13.32699999999999996,14.22678502120152544,2846
2437,-12.61700000000000088,14.10596787440572264,2847
2438,-9.85940000000000083,14.01383125337940605,2848
2439,-10.50500000000000078,13.90888924143513350,2849
2440,-11.27899999999999991,13.83726879497795892,2850
2441,-13.49200000000000088,13.71072253236812877,2851
2442,-15.40799999999999947,13.63358760881607878,2852
2443,-14.59399999999999942,13.62195100987781693,2853
2444,-17.00400000000000134,13.69302150542613106,2854
2445,-17.97599999999999909,13.84991792315957859,2855
2446,-17.84700000000000131,14.04169928218354535,2856
2447,-17.07799999999999940,14.15199504135228459,2857
2448,-17.36700000000000088,14.15371063752693992,2858
2449,-15.10200000000000031,14.15039238291743828,2859
2450,-16.06899999999999906,14.16858153364975870,2860
2451,-18.99500000000000099,14.15440196171561382,2861
2452,-15.68099999999999916,14.30384648810955817,2862
2453,-14.90199999999999925,14.26176222069878463,2706
2454,-14.17800000000000082,14.29604681085322149,2707
2455,-10.13400000000000034,14.38076993514147439,2708
2456,-7.75940000000000030,14.41870870534247473,2866
2457,-9.47489999999999988,14.34050779456763713,2867
2458,-8.58120000000000083,14.30529452921297739,2868
2459,-8.45529999999999937,14.32366735237180855,2869
2460,-10.19999999999999929,14.30892014716780025,7781
2461,-10.50300000000000011,13.95049944724836877,7782
2462,-30.19500000000000028,13.43212615238161689,8037
2463,-20.02599999999999980,13.50486013964737175,8038
2464,-15.48399999999999999,13.43967280271008136,8039
2465,-17.35600000000000165,13.22327535007940646,8040
2466,-32.46600000000000108,13.04222782246904977,8041
2467,-22.58299999999999841,13.18087647557475428,8042
2468,-15.45899999999999963,13.13133394404370868,8043
2469,-17.53000000000000114,12.85451595102643374,8044
2470,-23.27100000000000080,12.84348682695736521,8045
2471,-20.50000000000000000,12.84603551031869983,8046
2472,-20.29100000000000037,12.84261811521007246,8047
2473,-22.24699999999999989,12.84449707557594245,8048
2474,-20.81800000000000139,12.83993939515706728,8049
2475,-19.90800000000000125,12.83717216473142742,8050
2476,-20.79700000000000060,12.84272599431369777,8051
2477,-20.28699999999999903,12.84092940178771514,8052
2478,-20.50000000000000000,12.84800932362622206,8053
2479,-18.96099999999999852,12.87183893066420914,8054
2480,-20.85999999999999943,12.87584823809948276,8055
2481,-19.03600000000000136,12.80823166731581075,8056
2482,-20.60900000000000176,12.76084618762708800,8057
2483,-15.24499999999999922,12.65753852793360856,8058
2484,-13.70100000000000051,12.68622162742135728,8059
2485,-13.61800000000000033,12.78152249844669797,8060
2486,-11.14700000000000024,12.77184681017054402,8061
2487,-11.32900000000000063,12.83327335256120172,8062
2488,-10.83699999999999974,12.88900168215431385,8063
2489,-10.05000000000000071,12.98862919345298295,8064
2490,-10.95500000000000007,13.07702721036615934,8065
2491,-9.88959999999999972,13.15269793182953784,8066
2492,-8.98240000000000016,13.24573618245161555,8067
2493,-21.47800000000000153,13.37218600246917610,8068
2494,-26.76800000000000068,13.35663228584211737,8069
2495,-19.00600000000000023,13.37869184083434426,8070
2496,-25.48499999999999943,13.40829013718574281,8071
2497,-31.85600000000000165,13.44076496918665953,8072
2498,-37.48199999999999932,13.37205690380720391,7819
2499,-23.17999999999999972,13.11554892390621063,7820
2500,-23.02400000000000091,13.06839411270853368,7821
2501,-19.94399999999999906,13.02060694289408893,7822
2502,-23.34900000000000020,13.01661479653697917,7823
2503,-23.35500000000000043,13.02561634306926308,7824
2504,-24.29799999999999827,13.01471941167909918,7825
2505,-21.45499999999999829,13.04394611981901164,7826
2506,-23.67200000000000060,13.08573853666463194,7827
2507,-22.60300000000000153,13.10633421457130865,7828
2508,-21.05699999999999861,13.10987756240676738,7829
2509,-20.38899999999999935,13.11337940101381250,7830
2510,-18.36100000000000065,13.10819331460423065,7831
2511,-14.66300000000000026,13.15365683053381929,7832
2512,-14.05799999999999983,13.39611419966226080,7833
2513,-13.09399999999999942,13.71623751351792286,7834
2514,-15.30300000000000082,14.04155450844496222,7835
2515,-13.07000000000000028,14.29419026180956109,7836
2516,-11.13599999999999923,14.13391850307984754,7837
2517,-13.05499999999999972,14.12437395761007863,7838
2518,-14.31300000000000061,14.31460231171967123,7839
2519,-18.30600000000000094,14.37324864096249577,7840
2520,-19.51399999999999935,14.41497820261390750,7841
2521,-40.43900000000000006,14.36560671457106331,7842
2522,-40.70799999999999841,14.73637528058917390,7843
2523,-31.93199999999999861,14.62362560559861180,1763
2524,-22.55300000000000082,14.34837075427966546,1764
2525,-21.98699999999999832,14.31373009150773790,1765
2526,-28.74800000000000111,14.33927384795486581,1766
2527,-26.94600000000000151,14.40793661677615134,1767
2528,-26.73999999999999844,14.55176383445022203,1768
2529,-29.06899999999999906,14.64156768587925939,1769
2530,-28.07100000000000151,14.74295631389369632,1770
2531,-8.89339999999999975,14.79751254858438791,1771
2532,-10.80000000000000071,14.83810063021550718,2279
2533,-13.57099999999999973,14.82790176122513515,2280
2534,-13.33900000000000041,14.84388686796939716,2281
2535,-13.26800000000000068,14.87306762898619006,2282
2536,-12.12500000000000000,14.89335468151952568,2283
2537,-15.85500000000000043,14.94711872960068888,2284
2538,-19.55000000000000071,14.98007392423354389,2285
2539,-18.76399999999999935,14.95609968235465104,2286
2540,-19.97500000000000142,14.89651398856601361,2287
2541,-19.50199999999999889,14.83086048217087161,2288
2542,-18.95400000000000063,14.75970171266168762,2289
2543,-18.72500000000000142,14.67622090217464681,2290
2544,-19.85999999999999943,14.60430884921971817,2291
2545,-19.14199999999999946,14.51819306391105613,2292
2546,-20.51500000000000057,14.42259832520477225,2293
2547,-21.13700000000000045,14.49572835167395901,2294
2548,-22.09299999999999997,14.42604795102818827,2295
2549,-26.48400000000000176,14.42365487272845570,2296
2550,-26.32100000000000151,14.44702479558652186,2297
2551,-23.38200000000000145,14.35730388930196355,2298
2552,-15.47700000000000031,14.07966860631396600,2299
2553,-12.22400000000000020,14.06496929236192805,2300
2554,-12.48700000000000010,14.09468585201061863,2301
2555,-12.17699999999999960,14.10681173375922626,2302
2556,-19.49699999999999989,14.03814794223859153,2303
2557,-29.80900000000000105,14.03695600172379621,2304
2558,-23.21199999999999974,14.05252000067763696,2305
2559,-33.55100000000000193,14.07208978333525806,2306
2560,-24.39399999999999835,14.11282140113213934,2307
2561,-23.39199999999999946,14.14693726163315546,2308
2562,-17.01000000000000156,14.17529699320516912,2309
2563,-19.56099999999999994,14.04022284253968245,2310
2564,-22.09900000000000020,13.99059824458155354,2311
2565,-22.04299999999999926,13.99007783919713788,2312
2566,-22.75100000000000122,13.99919331419805069,2313
2567,-26.27899999999999991,14.05391117047446414,2314
2568,-25.21900000000000119,14.15713090115788830,2315
2569,-24.70599999999999952,14.21755081887670968,2316
2570,-26.46399999999999864,14.24225212245748118,2317
2571,-27.63899999999999935,14.27467469913927189,2318
2572,-30.72500000000000142,14.33845004518908084,2319
2573,-28.47400000000000020,14.45527575497050954,2320
2574,-29.22800000000000153,14.54886740407098067,2321
2575,-25.92500000000000071,14.76934346105565865,2828
2576,-25.49899999999999878,14.71853382042628056,2829
2577,-24.25700000000000145,14.68504134050802179,2830
2578,-25.75799999999999912,14.68977931180514140,2831
2579,-22.38400000000000034,14.72662741831201494,2832
2580,-23.50400000000000134,14.65379786335790158,2453
2581,-19.50199999999999889,14.61183922104108746,2454
2582,-18.18700000000000117,14.57674085958454135,2455
2583,-20.04299999999999926,14.58023298445057314,2456
2584,-17.87000000000000099,14.62386763726631322,2458
2585,-18.91300000000000026,14.56287991081377697,2459
2586,-16.72599999999999909,14.45504235345511468,2460
2587,-16.92800000000000082,14.41736500343551342,2461
2588,-28.15399999999999991,14.40814666884182138,2462
2589,-19.65200000000000102,14.27287865722023774,2462
2590,-20.18700000000000117,14.29857017695005617,2463
2591,-23.46600000000000108,14.29193737763555738,2464
2592,-24.17800000000000082,14.24350991275231060,2465
2593,-22.68299999999999983,14.21836269364238881,2466
2594,-25.37800000000000011,14.26592412256772313,2467
2595,-20.46199999999999974,14.28554769673213265,2468
2596,-19.20899999999999963,14.27318412278024873,2469
2597,-20.81700000000000017,14.28768104469730815,2470
2598,-23.18799999999999883,14.31750453057644989,2471
2599,-25.02700000000000102,14.31388163141660996,2472
2600,-25.05000000000000071,14.31392979058459325,2473
2601,-24.92299999999999827,14.33126534969983545,2474
2602,-24.99200000000000088,14.37394984677228393,2475
2603,-24.15500000000000114,14.36457481442064221,2476
2604,-21.11700000000000088,14.36958201484255504,2477
2605,-18.47200000000000131,14.36678230724464456,2478
2606,-18.44500000000000028,14.37343843830514700,2479
2607,-19.86100000000000065,14.38338514293944215,2480
2608,-22.08999999999999986,14.37260325664123606,2481
2609,-20.58500000000000085,14.32644590063407009,2482
2610,-18.59600000000000009,14.30349609785012888,2483
2611,-15.87800000000000011,14.26286952873600988,2484
2612,-13.74499999999999922,14.24642842005265742,2865
2613,-11.13799999999999990,14.17484425896389766,2866
2614,-11.50399999999999956,14.09485286545798033,2867
2615,-10.93699999999999939,14.04185914538024882,2868
2616,-9.72359999999999935,14.02286684563861918,2869
2617,-7.25509999999999966,14.00950119443085917,2870
2618,-7.44949999999999957,13.94951132662711757,2871
2619,-9.35280000000000022,13.84537536620219811,2872
2620,-8.55279999999999951,13.72404775807484079,2873
2621,-15.04400000000000048,13.59775128109553854,2874
2622,-24.67599999999999838,13.55150450451702859,2875
2623,-31.38400000000000034,13.56090625580419662,2876
2624,-35.75200000000000244,13.55862029156663517,2877
2625,-31.51200000000000045,13.51354294830536951,2878
2626,-15.85999999999999943,13.54064083488949422,2879
2627,-16.08800000000000097,13.50686568734780657,2880
2628,-15.94800000000000040,13.46309942108995372,2881
2629,-16.57100000000000151,13.42990449060895486,2882
2630,-21.01300000000000168,13.39009051374491932,2883
2631,-22.49399999999999977,13.39374860546496748,2884
2632,-22.07300000000000040,13.38738003053590653,2885
2633,-19.84600000000000009,13.34681855842951492,2886
2634,-21.21399999999999864,13.33025277271306130,2887
2635,-19.22299999999999898,13.30479950569438152,2888
2636,-20.22599999999999909,13.27989942701853110,2889
2637,-20.80000000000000071,13.22626187773160567,2890
2638,-20.91199999999999903,13.15792802825959917,2891
2639,-19.10699999999999932,13.06065029197030647,2892
2640,-20.21000000000000085,13.01122771732051220,2893
2641,-12.34200000000000053,13.00731117290866834,2894
2642,-12.46299999999999919,13.02527341283509799,2895
2643,-11.19800000000000040,13.04810601196573394,2896
2644,-7.51020000000000021,13.18751735765700417,2897
2645,-6.11540000000000017,13.56651671384645219,2898
2646,-10.08200000000000074,13.93667901275766852,2899
2647,-21.74800000000000111,14.18822146222218272,2900
2648,-15.75099999999999945,14.21660040522823465,2901
2649,-9.92070000000000007,14.33151641804124665,2902
2650,-8.71119999999999983,14.39023133164521795,2903
2651,-29.32000000000000028,14.46936117804376565,2904
2652,-30.53900000000000148,14.65510897679959967,2905
2653,-19.25300000000000011,14.86257472227518051,2906
2654,-22.96000000000000085,14.77858767607454382,2907
2655,-22.51200000000000045,14.63880697716526313,2908
2656,-24.66499999999999915,14.54174135512841026,2909
2657,-20.44200000000000017,14.48005277261343515,2910
2658,-15.25900000000000034,14.42395247044200524,2911
2659,-8.32019999999999982,14.34801090145646540,2912
2660,-11.47600000000000087,14.26584593279809354,2913
2661,-10.59399999999999942,14.23100978540163908,2914
2662,-11.64499999999999957,14.24450784514267987,2915
2663,-13.83000000000000007,14.26458923248942234,2916
2664,-13.45199999999999996,14.23630239278539911,2917
2665,-15.15900000000000070,14.22776349690330377,2918
2666,-15.80300000000000082,14.20514852500184233,2919
2667,-15.76800000000000068,14.22253610608316166,2920
2668,-16.92500000000000071,14.24631432957504451,2921
2669,-16.68299999999999983,14.25691799062296283,2922
2670,-16.95799999999999841,14.27183573401978656,2923
2671,-18.65800000000000125,14.29845256022632682,2924
2672,-16.99299999999999855,14.34408384007399739,2925
2673,-19.29700000000000060,14.40040847264174495,2926
2674,-18.46699999999999875,14.44075893078805528,2927
2675,-20.62699999999999889,14.47064347617808622,2928
2676,-18.36299999999999955,14.49975831176033481,2929
2677,-20.64000000000000057,14.51916673004382119,2930
2678,-20.15899999999999892,14.51611916195729179,2931
2679,-18.93199999999999861,14.40373626207493807,2932
2680,-16.23999999999999844,14.17885019593330220,2933
2681,-14.10800000000000054,13.94029233566898007,2934
2682,-11.36400000000000077,13.49640339494286678,2935
2683,-24.73499999999999943,12.85742623125897488,2936
2684,-21.83599999999999852,12.93589291424886767,2937
2685,-12.69100000000000072,12.94709811901252117,2938
2686,-16.16400000000000148,12.98016130741855889,2939
2687,-15.73399999999999999,13.00252021867024688,2940
2688,-18.99200000000000088,13.01662057389176042,2941
2689,-16.10600000000000165,13.07265112564147636,2942
2690,-15.96400000000000041,13.11323629135112157,2943
2691,-15.87100000000000044,13.19409992959175248,2944
2692,-17.29799999999999827,13.28669680138319364,2945
2693,-18.58099999999999952,13.34203832086562436,2946
2694,-18.28800000000000026,13.39294790689452519,2947
2695,-21.08899999999999864,13.57495379128753576,2948
2696,-21.43100000000000094,13.52651538614572324,2949
2697,-22.68499999999999872,13.52616494786306767,2950
2698,-20.76500000000000057,13.56926672064667017,2951
2699,-22.41700000000000159,13.63107681095866042,2952
2700,-22.10300000000000153,13.67024092620100539,2953
2701,-21.60999999999999943,13.68796181351638630,2954
2702,-18.64000000000000057,13.68277092929281480,2955
2703,-16.73199999999999932,13.68885358047775824,2956
2704,-14.65099999999999980,13.70543008355907943,2957
2705,-13.32199999999999918,13.72274747507413828,2958
2706,-12.46400000000000041,13.57287218816796859,2959
2707,-10.64000000000000057,13.79847477900239028,2960
2708,-14.39100000000000001,13.93771713918624933,2961
2709,-11.53500000000000014,14.04381442160437210,2962
2710,-11.21899999999999942,14.14276350106569957,2963
2711,-13.31900000000000084,14.19693679024635280,2964
2712,-12.41999999999999993,14.25045376747778825,2965
2713,-13.96400000000000041,14.36064004407912975,2966
2714,-15.14799999999999969,14.38770286252530362,2967
2715,-31.73600000000000065,14.41053782793903082,2968
2716,-24.27499999999999858,14.37036076590792000,2969
2717,-10.43699999999999939,14.50391710709275728,2970
2718,-19.34100000000000108,14.58733132469985172,2971
2719,-19.56200000000000117,14.58361417757279987,2972
2720,-18.87600000000000122,14.57715655091465123,2973
2721,-17.51200000000000045,14.57494398485108889,2974
2722,-23.82199999999999918,14.57387904667418788,2975
2723,-23.19300000000000139,14.59532162798268473,2976
2724,-23.16600000000000037,14.63280960753929172,2977
2725,-21.13299999999999912,14.67341359113760468,2978
2726,-22.61899999999999977,14.70950975141738937,2979
2727,-23.68400000000000105,14.73939115272814604,2474
2728,-23.26099999999999923,14.74353532160311531,2475
2729,-23.31800000000000139,14.74494676796610548,2476
2730,-24.59199999999999875,14.74179140438862134,2477
2731,-24.47400000000000020,14.85878542792930190,2478
2732,-24.29599999999999937,14.35305035796018380,2228
2733,-25.37000000000000099,13.84276653394625178,2229
2734,-24.84900000000000020,13.47624675803294458,2230
2735,-26.33599999999999852,13.06835887574196242,7043
2736,-22.69300000000000139,12.67088688945826114,7044
2737,-21.07799999999999940,12.50557941287763875,7045
2738,-15.42200000000000060,12.43849029734986722,7046
2739,-11.82600000000000051,12.45087527018446849,7047
2740,-11.33300000000000018,12.45238493040549699,7048
2741,-10.16799999999999926,12.44122522509327844,7049
2742,-9.32349999999999923,12.42414246058001126,7050
2743,-9.03950000000000031,12.40152923926115314,7051
2744,-9.08210000000000051,12.41456462081497136,7052
2745,-8.54889999999999972,12.39107910305022742,2239
2746,-11.01699999999999946,12.28370140122350307,2240
2747,-27.21099999999999852,12.23427361695102888,2241
2748,-19.14999999999999858,12.05872100800950619,2242
2749,-19.51999999999999957,11.98565824653694634,2243
2750,-27.54799999999999827,11.94737782631906597,2244
2751,-35.52600000000000335,11.92254827500175018,2245
2752,-21.34400000000000119,11.70169819840578285,2247
2753,-16.51500000000000057,11.68275504641159657,2248
2754,-17.31400000000000006,11.68517596770133515,2249
2755,-18.28399999999999892,11.66937458091960345,2250
2756,-20.17000000000000171,11.65993566257212066,2251
2757,-22.40399999999999991,11.66275092755393850,2252
2758,-21.96000000000000085,11.64411353884680089,2253
2759,-23.67399999999999949,11.62097155499994372,2254
2760,-22.17200000000000060,11.57033218234063199,2255
2761,-19.06500000000000128,11.48721537791374736,2256
2762,-19.75400000000000134,11.38996694858062497,2257
2763,-18.84299999999999997,11.33171681177800671,2258
2764,-16.75600000000000023,11.27808912021774645,2259
2765,-18.82999999999999829,11.20700175304382284,2260
2766,-21.05300000000000082,11.13548129769105444,2261
2767,-22.23600000000000065,11.10599341410141783,2262
2768,-18.11599999999999966,11.37142159111289885,2263
2769,-14.78800000000000026,11.36992212031429794,2264
2770,-13.14300000000000068,11.44024233880312202,2264
2771,-13.48399999999999999,11.43104861579718445,2265
2772,-13.93200000000000038,11.42460324937210814,2266
2773,-12.99499999999999922,11.67716585650356897,2267
2774,-13.73799999999999955,11.66158671863798268,2268
2775,-15.68800000000000061,11.63650651801795100,2269
2776,-16.04200000000000159,11.64578414558187092,2270
2777,-17.91000000000000014,11.63551894598286474,2271
2778,-19.11400000000000077,11.62842227202582102,2272
2779,-24.61499999999999844,11.62861908995069093,2273
2780,-24.63599999999999923,11.51641677138980846,2274
2781,-22.42200000000000060,11.44858695567021378,2275
2782,-14.29499999999999993,11.38455498822371226,2276
2783,-6.38699999999999957,11.40025205465573599,2277
2784,-13.63499999999999979,11.38570888080730370,2278
2785,-13.41900000000000048,11.38108202362816357,2279
2786,-14.28999999999999915,11.41395669826226111,2280
2787,-16.38599999999999923,11.43030313917094887,2281
2788,-17.42000000000000171,11.45772389185752971,2282
2789,-19.03600000000000136,11.45606966580431241,2283
2790,-16.32999999999999829,11.45775676389795983,2284
2791,-18.40800000000000125,11.44579694012917237,2285
2792,-19.91600000000000037,11.43383934261159851,2286
2793,-18.89499999999999957,11.43537587703195513,2287
2794,-18.73400000000000176,11.40624813123209336,2288
2795,-20.30999999999999872,11.36667084186266230,2289
2796,-20.56400000000000006,11.30899134632500136,2290
2797,-20.60399999999999920,11.27331023890078399,2291
2798,-19.02799999999999869,11.21533206811034056,2292
2799,-20.45599999999999952,11.17765543589118238,2293
2800,-22.00799999999999912,11.30548294790432351,2294
2801,-25.92200000000000060,11.23570158276727149,2295
2802,-25.01599999999999824,11.24164350129737500,2296
2803,-20.88599999999999923,11.22903020689847331,2297
2804,-20.01099999999999923,11.11449208437629821,2298
2805,-15.56600000000000072,10.94525252855966535,2299
2806,-12.34099999999999930,10.93478404744195664,2300
2807,-13.97899999999999920,10.94415083905531105,2301
2808,-12.00000000000000000,10.96111029865019582,2302
2809,-14.22600000000000087,10.87097075313860550,2303
2810,-30.82300000000000040,10.83908366005844570,2304
2811,-25.50900000000000034,10.83022240511030532,2305
2812,-28.83899999999999864,10.86449112518968008,2306
2813,-26.77299999999999969,10.88841076950508757,2307
2814,-21.98000000000000043,10.93651201466375333,2308
2815,-19.06500000000000128,10.90898420002715241,2309
2816,-17.50900000000000034,10.78648448615592059,2310
2817,-18.73199999999999932,10.65690469206072422,2311
2818,-17.62999999999999901,10.63397929367411443,2312
2819,-21.42599999999999838,10.55047077116676313,2313
2820,-21.21199999999999974,10.56284271660424068,2314
2821,-22.05300000000000082,10.57080862234001373,2315
2822,-20.44800000000000040,10.54134258165754012,2316
2823,-20.64399999999999835,10.47119715172015653,2317
2824,-17.09900000000000020,10.43478992549281159,2318
2825,-15.86700000000000088,10.32371508383308090,2319
2826,-16.84100000000000108,10.30288256704033500,2320
2827,-16.62000000000000099,10.29348206524664455,2321
2828,-16.53900000000000148,10.86124813587270488,2322
2829,-17.93499999999999872,11.19505361244974040,2323
2830,-20.28900000000000148,11.34341137152217804,2324
2831,-23.01200000000000045,11.33300214341214840,2325
2832,-21.66000000000000014,11.37366670107767597,2326
2833,-18.21799999999999997,11.39143581075000178,2327
2834,-18.31899999999999906,11.34396665798678683,2328
2835,-21.39300000000000068,11.28650045762750764,2329
2836,-21.87900000000000134,11.25234294703460414,2330
2837,-18.36499999999999844,11.42948890864548694,2331
2838,-20.44800000000000040,11.31897323749025652,2332
2839,-18.96399999999999864,11.27154437807130449,2333
2840,-19.91400000000000148,11.19960534712515710,2334
2841,-28.82100000000000151,11.16263542750077065,2335
2842,-23.43199999999999861,11.22096168373517777,2336
2843,-21.39600000000000080,11.25712238014677524,2337
2844,-30.00000000000000000,11.22931347122316126,2338
2845,-28.10999999999999943,11.28337518687436969,2339
2846,-25.46199999999999974,11.34166815860947963,2340
2847,-22.69099999999999895,11.36371178180881358,2341
2848,-21.08299999999999841,11.37646632214397613,2342
2849,-19.60900000000000176,11.38068886254108492,2343
2850,-22.83699999999999974,11.37614327030032513,2344
2851,-23.07900000000000063,11.35797124010566073,2345
2852,-20.35399999999999920,11.32855730150890849,2346
2853,-12.33799999999999919,11.28405279709339126,2347
2854,-11.97700000000000031,11.29550148178044822,2348
2855,-13.43200000000000038,11.27295006160339241,2349
2856,-16.34700000000000131,11.26892197035552989,2350
2857,-13.45700000000000074,11.25671491346430919,2351
2858,-12.23900000000000077,11.25351470853361313,2352
2859,-12.89600000000000080,11.26551312298368579,2353
2860,-14.19100000000000072,11.27824723853222011,2354
2861,-17.64300000000000068,11.26794722906002555,2355
2862,-17.37199999999999989,11.24520244184247275,2356
2863,-14.37599999999999945,11.26392530932009528,2357
2864,-16.82999999999999829,11.24759022994722990,2358
2865,-15.89799999999999969,11.24037054576455930,2359
2866,-17.60399999999999920,11.19695793149902130,2360
2867,-18.26699999999999946,11.16950213514132351,2361
2868,-17.34600000000000009,11.14839824035538562,2362
2869,-17.54899999999999949,11.18324943221509749,2363
2870,-18.02299999999999969,11.19298098296394350,2364
2871,-19.98400000000000176,11.18440163616610405,2365
2872,-20.75799999999999912,11.17605125713333969,2366
2873,-20.28200000000000003,11.16437026547229827,2367
2874,-20.16900000000000048,11.13869158831742645,2368
2875,-21.54100000000000037,11.11072139365425038,2369
2876,-22.75600000000000023,11.09445381843513800,2370
2877,-22.34199999999999875,11.06665932247580209,2371
2878,-22.85300000000000153,11.05059015947943557,2372
2879,-23.19399999999999906,11.06266903347969865,2373
2880,-24.92399999999999949,11.08659246165186474,2374
2881,-24.93299999999999983,11.09272883040597257,2375
2882,-24.17500000000000071,11.05924957218555349,2376
2883,-20.63400000000000034,11.04333382503039118,2377
2884,-18.97200000000000131,11.04781386675420407,2378
2885,-16.27100000000000080,11.05549660868632422,2379
2886,-14.86999999999999922,11.04155838977543169,2380
2887,-15.15700000000000003,11.00901468176041931,2381
2888,-14.43599999999999994,10.99556223184633730,2382
2889,-13.52100000000000080,10.98635101630372546,2383
2890,-10.79599999999999937,10.99908349306400446,2384
2891,-10.14199999999999946,11.01733693829210026,2385
2892,-10.31199999999999939,11.03452876297962604,2386
2893,-19.37199999999999989,11.00122008431952914,2387
2894,-14.08000000000000007,11.00968032882095393,2388
2895,-6.20600000000000041,10.99637481541474315,2389
2896,-7.57859999999999978,11.11460967546191902,2390
2897,-6.83830000000000027,11.23971069019512292,2391
2898,-7.65080000000000027,11.39281406083948056,2392
2899,-11.05400000000000027,11.59373527415536920,2393
2900,-12.25099999999999945,11.75335161988756738,2394
2901,-14.18800000000000061,11.92738159645789153,2395
2902,-15.30300000000000082,12.03667163301065912,2396
2903,-15.38000000000000078,12.09849923923665571,2397
2904,-23.59900000000000020,12.14720433286762180,2398
2905,-29.55099999999999838,12.31943511674156611,2399
2906,-14.26099999999999923,12.52080106249696456,2400
2907,-13.94899999999999984,12.62165142922292915,2401
2908,-15.05199999999999960,12.75133098169023782,2402
2909,-16.42800000000000082,12.87729762752216622,7217
2910,-18.83699999999999974,12.85665660753238448,7218
2911,-16.88899999999999935,12.84926777705642564,7219
2912,-15.51200000000000045,12.80011054637405721,7220
2913,-15.31499999999999950,12.75403945997544852,7221
2914,-15.49099999999999966,12.70699977408732195,7222
2915,-14.70100000000000051,12.66587446392246363,7223
2916,-14.47799999999999976,12.61567888311344454,7224
2917,-16.89900000000000091,12.58388296769666503,7225
2918,-17.07300000000000040,12.55212961364473223,7226
2919,-15.72700000000000031,12.52280900486422688,7227
2920,-15.15900000000000070,12.51805644102593718,7228
2921,-15.59200000000000053,12.52495751008146563,7229
2922,-14.56000000000000050,12.52609021607634432,7230
2923,-16.81899999999999906,12.53504400136794494,7231
2924,-16.12099999999999866,12.48833521925733514,7232
2925,-16.54299999999999926,12.46725712955445076,7233
2926,-14.82300000000000040,12.46245136475726589,7234
2927,-12.20100000000000051,12.43701144859022634,7235
2928,-15.03999999999999915,12.41753639952607813,7236
2929,-18.24200000000000088,12.38692854278627919,7237
2930,-34.96500000000000341,12.33717101218242185,10274
2931,-42.83599999999999852,12.48518088187286246,10275
2932,-43.40500000000000114,12.64988739058697043,10276
2933,-37.55499999999999972,12.87033064138909566,10277
2934,-39.48499999999999943,13.01050356045131551,1920
2935,-37.60799999999999699,12.72163114098551873,1921
2936,-27.73699999999999832,12.29353372835147162,1922
2937,-25.57700000000000173,12.11871389207556859,8512
2938,-15.45100000000000051,11.72547172035274698,8513
2939,-19.07000000000000028,11.78690221330878884,8514
2940,-18.25199999999999889,11.83180270348413110,8515
2941,-14.32099999999999973,11.86126683731029630,8516
2942,-10.99399999999999977,11.96803586688202969,8517
2943,-9.92179999999999929,11.98779271236348976,8518
2944,-10.15300000000000047,12.02324705948061201,8519
2945,-12.38599999999999923,12.01788333185918134,8520
2946,-13.26999999999999957,12.05114582397937717,8521
2947,-15.24300000000000033,12.00820766557007602,8522
2948,-16.89799999999999969,12.10039084308413493,8523
2949,-15.84900000000000020,12.04781450869976389,8524
2950,-15.94500000000000028,12.04984413004204669,8525
2951,-17.09100000000000108,12.10287461795994979,8526
2952,-17.17699999999999960,12.23024541142573973,8527
2953,-17.33899999999999864,12.31789052369080473,1939
2954,-14.80100000000000016,12.30624423760729691,1940
2955,-15.58099999999999952,12.31158706403125791,1941
2956,-16.54500000000000171,12.31085353689271322,1942
2957,-14.71100000000000030,12.30599964770749288,1943
2958,-10.47300000000000075,12.30742573307631460,1944
2959,-9.62299999999999933,12.18834001191002159,1945
2960,-7.85909999999999975,12.08874008730917815,1946
2961,-6.78179999999999961,12.10724634359430674,1947
2962,-9.80250000000000021,12.12384719504592567,1948
2963,-10.89300000000000068,12.12516519002465287,1949
2964,-8.46069999999999922,12.15415596494894324,1950
2965,-8.63519999999999932,12.18571066408540382,1951
2966,-11.37100000000000044,12.21945154472358652,1952
2967,-12.13199999999999967,12.25468841198983405,1953
2968,-19.92899999999999849,12.28084070779796200,1954
2969,-26.01500000000000057,12.23064528792794015,1955
2970,-11.74399999999999977,12.30270311116754556,1956
2971,-14.28400000000000070,12.19509261206242634,1957
2972,-13.56400000000000006,12.19630006927143739,1958
2973,-24.05099999999999838,12.09592044737071781,1959
2974,-17.82400000000000162,12.11512607472660541,1960
2975,-19.05399999999999849,12.11465517358342048,1961
2976,-22.66600000000000037,12.12135276571327225,1962
2977,-21.83099999999999952,12.14361264481657265,1963
2978,-24.84900000000000020,12.14205181326041405,1964
2979,-22.35999999999999943,12.12229000779196930,1965
2980,-23.82499999999999929,12.08810795223299195,1966
2981,-21.68400000000000105,12.09838970256983615,1967
2982,-23.83500000000000085,12.10139500693861869,1968
2983,-24.24699999999999989,12.12013766949182703,1969
2984,-25.01599999999999824,12.08564258015191406,1970
2985,-25.78699999999999903,12.04035656660807341,1971
2986,-24.26099999999999923,11.96905540418362435,1972
2987,-23.77700000000000102,11.92752673814477227,1973
2988,-19.91199999999999903,11.89311091607526905,1974
2989,-19.10200000000000031,11.87865983796652714,1975
2990,-14.44599999999999973,11.89337418343379227,1976
2991,-15.25200000000000067,11.85838338280590243,1977
2992,-16.28500000000000014,11.81945619310309858,1978
2993,-13.51999999999999957,11.79978237080786663,1979
2994,-11.37700000000000067,11.72283704682377525,1980
2995,-11.11800000000000033,11.63498073198692850,1981
2996,-12.23300000000000054,11.41732950936576785,5023
2997,-11.16900000000000048,11.18113915960581295,5024
2998,-11.76099999999999923,11.11062005374155781,5025
2999,-8.80100000000000016,11.14081608942265689,5026
3000,-25.02799999999999869,11.15502116713349956,1986
3001,-25.99800000000000111,11.17982399292511353,1987
3002,-22.76500000000000057,11.24235812709441262,1988
3003,-35.13100000000000023,11.25857522352296058,5030
3004,-33.02700000000000102,11.06741033631046101,1990
3005,-20.52899999999999991,10.90083119781229826,1991
3006,-18.29200000000000159,10.88561156382341011,1992
3007,-15.48700000000000010,10.88290576092538764,1993
3008,-18.89099999999999824,10.89554306142844275,1994
3009,-18.87699999999999889,10.89865321483977390,1995
3010,-20.94800000000000040,10.90945680841000254,1996
3011,-22.29599999999999937,10.89987009791352968,1997
3012,-23.42899999999999849,10.85488313515919856,1998
3013,-22.32799999999999940,10.78625086339273231,1999
3014,-20.31599999999999895,10.73370904931633341,2000
3015,-19.90500000000000114,10.67720915585648633,2001
3016,-19.51800000000000068,10.62555274692609331,2002
3017,-22.03399999999999892,10.58324478598590801,2003
3018,-20.95899999999999963,10.44639157984666156,2004
3019,-19.36899999999999977,10.34157903854080551,2005
3020,-21.80699999999999861,10.29666383657713169,2006
3021,-12.74799999999999933,10.16519375181398566,2007
3022,-11.63799999999999990,10.21559800769949966,2008
3023,-11.48600000000000065,10.16518690848350026,2009
3024,-10.57099999999999973,10.17145788663544437,2010
3025,-6.94669999999999987,10.19039026487002708,2011
3026,-11.73700000000000010,10.21367185858088789,2012
3027,-13.30700000000000038,10.22902157462014472,2013
3028,-17.19800000000000040,10.24491362383309045,2014
3029,-15.63799999999999990,10.22188009594138869,2015
3030,-16.95899999999999963,10.21362249280077528,2016
3031,-16.18700000000000117,10.19271201487253187,2017
3032,-20.89999999999999858,10.19701101688209910,2018
3033,-26.76300000000000168,10.13688885484886804,2019
3034,-28.79799999999999827,10.19838290671101966,2020
3035,-24.73499999999999943,10.25354674357694940,2021
3036,-13.15099999999999980,10.28487692863273750,2022
3037,-6.31730000000000036,10.20481867562892653,2023
3038,-10.66300000000000026,10.22999308718634204,2024
3039,-13.70599999999999952,10.20132591539148059,2025
3040,-16.80699999999999861,10.19669988635752844,2026
3041,-16.67200000000000060,10.18751709856243970,2027
3042,-16.84199999999999875,10.19080783882973051,2028
3043,-15.54100000000000037,10.18616125858108745,2029
3044,-15.47199999999999953,10.18686019103633278,2030
3045,-15.22700000000000031,10.18189389476964557,2031
3046,-15.82099999999999973,10.18292881494340385,2032
3047,-17.50799999999999912,10.17701595838778061,2033
3048,-16.88500000000000156,10.13726058104317751,2034
3049,-18.69399999999999906,10.10605098144115388,2035
3050,-18.55399999999999849,10.06163886148232045,2036
3051,-16.96099999999999852,10.01242206189498596,2037
3052,-17.34700000000000131,9.98381821764882993,2038
3053,-18.38500000000000156,9.96453642013104535,2039
3054,-20.94999999999999929,9.92766139157586203,2040
3055,-21.84100000000000108,9.85514131881990174,2041
3056,-21.55799999999999983,9.79071668706110110,2042
3057,-22.29500000000000171,9.66743601505328698,2043
3058,-14.89100000000000001,9.47124585880811409,2044
3059,-15.21400000000000041,9.48736305878421859,2045
3060,-13.31400000000000006,9.41495005051794465,2046
3061,-11.82900000000000063,9.41988860973666142,2047
3062,-14.23799999999999955,9.44571690091770400,2048
3063,-23.35600000000000165,9.43735566642582135,2049
3064,-28.55399999999999849,9.21703511041499368,2050
3065,-25.75799999999999912,9.32345195807281080,2051
3066,-24.98199999999999932,9.37187074533961884,2052
3067,-25.06299999999999883,9.34522734690206747,2053
3068,-23.10600000000000165,9.38602693515084674,2054
3069,-23.60600000000000165,9.45192288195623931,2055
3070,-24.62999999999999901,9.45663507903662470,2056
3071,-22.20200000000000173,9.48006997514126759,2057
3072,-24.12000000000000099,9.46678254383096451,2058
3073,-24.35099999999999909,9.54167472859565180,2059
3074,-25.64900000000000091,9.60882070996093773,2060
3075,-25.05099999999999838,9.63034401185923628,2061
3076,-26.95899999999999963,9.69009867803166358,2062
3077,-23.27199999999999847,9.82311397802820530,2063
3078,-22.28399999999999892,9.83224595344306707,2064
3079,-20.10500000000000043,9.88375415302731497,2065
3080,-20.69300000000000139,9.86125808387953384,2066
3081,-22.51000000000000156,9.79026312887356198,2067
3082,-20.14099999999999824,9.80500050380034516,2068
3083,-19.72899999999999920,9.71117726903046119,2069
3084,-19.94800000000000040,9.67996040365888710,2070
3085,-21.76699999999999946,9.65288033200884144,2071
3086,-19.79200000000000159,9.68545049863162077,2072
3087,-21.57300000000000040,9.66856438953398012,2073
3088,-21.33800000000000097,9.70748936044928357,2074
3089,-23.70899999999999963,9.72654062087570992,2075
3090,-22.23900000000000077,9.79180898543356548,2076
3091,-22.79899999999999949,9.82914456973990269,2077
3092,-21.30799999999999983,9.85070783288917085,2078
3093,-21.60699999999999932,9.90550558719377605,2079
3094,-22.81099999999999994,9.98892906532700309,2080
3095,-26.14900000000000091,10.02591803411157123,2081
3096,-12.98700000000000010,10.15236516567994407,2082
3097,-13.62400000000000055,9.90127925662203268,2083
3098,-11.76299999999999990,9.75455754109914430,2084
3099,-10.38499999999999979,9.59654705904764604,2085
3100,-11.50500000000000078,9.60650562047546686,2086
3101,-8.25549999999999962,9.70470053579698444,2087
3102,-9.07370000000000054,9.81366419762713704,2088
3103,-12.04899999999999949,10.02494741836838976,2089
3104,-7.66889999999999983,10.12977498816095334,2090
3105,-9.08639999999999937,10.36307111499839628,2091
3106,-8.58610000000000007,10.57027580968198244,2092
3107,-7.80890000000000040,10.63692477973452633,2093
3108,-8.31010000000000026,10.76000384258107800,2094
3109,-10.14000000000000057,10.87336220740965409,2095
3110,-7.84410000000000007,10.97646956513229988,2096
3111,-6.96140000000000025,11.15633646241063381,2097
3112,-8.17769999999999975,11.33095876424484771,2098
3113,-10.29800000000000004,11.49198962716228856,2099
3114,-7.44760000000000044,11.58098329620807654,2100
3115,-7.77149999999999963,11.75761127533263917,2101
3116,-7.71119999999999983,11.95574701683988117,2102
3117,-7.27439999999999998,12.02360628054047353,2103
3118,-9.02890000000000015,12.17110075868885666,2104
3119,-7.99450000000000038,12.16737717767098736,2105
3120,-9.53069999999999951,12.10779742418045046,2106
3121,-7.95699999999999985,12.00348734114280447,2107
3122,-8.41109999999999935,11.87291685015403964,2108
3123,-6.55309999999999970,11.60095110009823571,2109
3124,-9.27399999999999913,11.34506303529796156,2110
3125,-9.81830000000000069,11.13427339037976260,2111
3126,-9.72489999999999988,10.90977283418075672,2112
3127,-10.73399999999999999,10.69881931288090904,2113
3128,-12.38000000000000078,10.57916653463890455,2114
3129,-16.48300000000000054,10.42735969908133775,2115
3130,-14.53800000000000026,10.35231117421706237,2116
3131,-14.40000000000000036,10.36609674024467509,2117
3132,-15.60299999999999976,10.45655153314951846,2118
3133,-14.49000000000000021,10.68220662839013002,2119
3134,-13.88899999999999935,11.05452190260914236,2120
3135,-14.07199999999999918,11.24349512691558139,2121
3136,-14.30599999999999916,11.33706276788613643,2122
3137,-17.33299999999999841,11.39287545415457004,2123
3138,-21.09199999999999875,11.36752727707209942,2124
3139,-19.44099999999999895,11.19243362479236659,2125
3140,-18.86400000000000077,11.17333870578504040,2126
3141,-19.58800000000000097,11.15788077606808670,2127
3142,-16.50799999999999912,11.15113284548555050,2128
3143,-16.85200000000000031,10.96554415118329651,2129
3144,-17.01699999999999946,10.86150739451082003,2130
3145,-16.23000000000000043,10.74026279894474634,2131
3146,-27.83800000000000097,10.53673678022434146,2132
3147,-26.30499999999999972,10.56772629095543792,2133
3148,-10.76900000000000013,10.65515627491005546,2134
3149,-13.59399999999999942,10.57788042036663256,2135
3150,-15.42500000000000071,10.71030067179100698,2136
3151,-15.96299999999999919,10.71283853589554091,2137
3152,-17.36700000000000088,10.66514594748183420,2138
3153,-16.68400000000000105,10.62164452058921249,2139
3154,-17.70200000000000173,10.58696256291719173,2140
3155,-17.10399999999999920,10.57866835712287035,2141
3156,-18.32300000000000040,10.57242967799747113,2142
3157,-17.78600000000000136,10.57706614916317811,2143
3158,-33.21800000000000352,10.60377145085703177,2144
3159,-27.89199999999999946,10.69723906503995536,2145
3160,-20.87399999999999878,10.79880684754187747,2146
3161,-23.33099999999999952,10.86586958668996239,2147
3162,-22.41100000000000136,10.86886425254639654,2148
3163,-19.79200000000000159,10.83899591357465653,2149
3164,-17.58899999999999864,10.81688389716774346,2150
3165,-21.97599999999999909,10.78853421315170991,2151
3166,-15.45899999999999963,10.73570015017610935,2152
3167,-16.83399999999999963,10.71555327101713218,2153
3168,-16.98600000000000065,10.68616907821292727,2154
3169,-23.14399999999999835,10.67578120116422191,2155
3170,-22.55300000000000082,10.68067878930323289,2156
3171,-19.25400000000000134,10.66397875381383997,2157
3172,-18.64900000000000091,10.64873545167909441,2158
3173,-18.19999999999999929,10.63388408172941446,2159
3174,-16.80900000000000105,10.62258632476312670,2160
3175,-19.08299999999999841,10.62251173949047889,2161
3176,-19.17800000000000082,10.60254905696423577,2162
3177,-19.81899999999999906,10.57330891434610365,2163
3178,-20.57300000000000040,10.55457948132229795,2164
3179,-18.27299999999999969,10.54597940228261521,2165
3180,-19.51500000000000057,10.62383914629303128,2166
3181,-20.99299999999999855,10.72612417366998727,2167
3182,-21.02299999999999969,10.76063096488202397,2168
3183,-19.92500000000000071,10.72051827141470781,2169
3184,-15.83300000000000018,10.73852222589267669,2170
3185,-15.16399999999999970,10.84799915728182285,2171
3186,-13.05799999999999983,10.90276419744540348,2172
3187,-13.85200000000000031,10.98796862693615672,2173
3188,-15.85699999999999932,11.06063626058676874,2174
3189,-18.30799999999999983,11.13818553468087735,2175
3190,-16.24899999999999878,11.18663236660711569,2176
3191,-16.68400000000000105,11.21930567427786407,2177
3192,-21.21399999999999864,11.23173652925754595,7500
3193,-20.15500000000000114,11.19857192309168958,7501
3194,-20.18799999999999883,11.18859445628615035,7502
3195,-21.29200000000000159,11.11678024220384842,7503
3196,-19.73300000000000054,10.95304985166872669,7504
3197,-16.92999999999999972,10.89570246886191818,7505
3198,-15.92300000000000004,10.98323926711646514,7506
3199,-16.20400000000000063,10.98588498739653119,7507
3200,-14.40499999999999936,11.06805631521958233,7508
3201,-15.53999999999999915,11.11730539399177786,7509
3202,-16.12500000000000000,11.15929426218387199,7510
3203,-15.05400000000000027,11.16753710406262456,7511
3204,-14.94100000000000072,11.17886977953350858,7512
3205,-15.23000000000000043,11.19701191489714631,7513
3206,-16.04799999999999827,11.20358591251150848,7514
3207,-18.12600000000000122,11.19801147604504976,7515
3208,-18.56599999999999895,11.15784049906870123,7516
3209,-19.47599999999999909,11.10120133055177760,7517
3210,-13.54800000000000004,11.03505713864226401,7518
3211,-13.01800000000000068,11.09470039353525728,7519
3212,-15.52500000000000036,11.11786215108437759,7520
3213,-17.01999999999999957,11.13392941777872025,7521
3214,-15.10100000000000087,11.18510307193050046,7522
3215,-12.72799999999999976,11.22957475961445617,7523
3216,-12.80000000000000071,11.28671778199451836,7524
3217,-15.03500000000000014,11.33970820957295800,7525
3218,-15.01299999999999990,11.36641729906215836,7526
3219,-13.83200000000000074,11.38313560261688195,7527
3220,-16.71300000000000097,11.42332603140058112,7528
3221,-18.85999999999999943,11.42850455868665627,7529
3222,-28.82600000000000051,11.42429240824554171,7530
3223,-20.95799999999999841,11.45890345627660523,7531
3224,-17.18799999999999883,11.51977288837020375,7532
3225,-20.60300000000000153,11.56233499525165165,7533
3226,-15.50600000000000023,11.56566435793618730,7534
3227,-15.32000000000000028,11.57459623061662946,7535
3228,-16.61299999999999955,11.56551261219020432,7536
3229,-17.28000000000000114,11.56504281779352006,7537
3230,-15.99799999999999933,11.56600304802052293,7538
3231,-18.67099999999999937,11.53623284204259392,7539
3232,-17.97500000000000142,11.54872118643222478,7540
3233,-18.35500000000000043,11.57616155927017232,7541
3234,-19.06299999999999883,11.55585061879688702,7542
3235,-16.51800000000000068,11.55198116097534466,7543
3236,-19.46999999999999886,11.46850856038056499,7544
3237,-20.35900000000000176,11.45286417428556014,7545
3238,-19.06800000000000139,11.43480225475568623,7546
3239,-19.10600000000000165,11.37260263597539200,7547
3240,-19.33399999999999963,11.33605685472984526,7548
3241,-17.86299999999999955,11.26140025545729628,7549
3242,-19.64300000000000068,11.17587299270604362,7550
3243,-18.75300000000000011,11.12774705860832469,7551
3244,-18.31299999999999883,11.01870299155578081,7552
3245,-17.51500000000000057,10.95237076846019164,7553
3246,-19.86899999999999977,10.84585564344747510,7554
3247,-19.14699999999999847,10.72432429873015458,7555
3248,-20.91000000000000014,10.62371861833236508,7556
3249,-19.95200000000000173,10.58712866865612767,7557
3250,-21.82900000000000063,10.52354108516132314,7558
3251,-20.94500000000000028,10.50336129654232842,7559
3252,-23.95700000000000074,10.48596133066950919,7560
3253,-21.83299999999999841,10.52083515756087806,7561
3254,-22.21600000000000108,10.56511494367263992,7562
3255,-20.69999999999999929,10.59797759765145386,7563
3256,-15.95199999999999996,10.59699823557874865,7564
3257,-10.36400000000000077,10.59030568387268367,7565
3258,-16.08599999999999852,10.61817844000744415,7566
3259,-24.97100000000000009,10.56718244490272518,7567
3260,-17.26500000000000057,10.49002781823725705,7568
3261,-18.88400000000000034,10.42391874615556979,7569
3262,-18.23999999999999844,10.50707873967978756,7570
3263,-20.64399999999999835,10.75986918817743465,7571
3264,-19.91799999999999926,10.88168498706682996,5291
3265,-20.73000000000000043,10.91108624491031165,5292
3266,-21.88200000000000145,10.90610506710844696,5293
3267,-22.05900000000000105,10.89093156028057052,5294
3268,-23.26800000000000068,10.93611259429406068,5295
3269,-23.32199999999999918,10.89746532703107285,5296
3270,-22.53099999999999881,10.86812820732741791,5297
3271,-22.76099999999999923,10.84880937889076336,5298
3272,-23.08899999999999864,10.82428193116941451,5299
3273,-20.91300000000000026,11.11716694591910759,5300
3274,-26.28399999999999892,11.39912398040895702,5301
3275,-20.91300000000000026,11.88770205456194162,1248
3276,-16.70100000000000051,11.87394196547573522,1249
3277,-20.10099999999999909,11.84904286097519410,1250
3278,-21.16199999999999903,11.86043624605277280,1251
3279,-20.51099999999999923,11.86948008306943514,5306
3280,-20.98999999999999844,11.81763094010218040,5307
3281,-22.29700000000000060,11.90672771008675035,1254
3282,-22.19699999999999918,11.90311825025426451,5309
3283,-17.85600000000000165,11.90115243499069742,5310
3284,-18.98300000000000054,11.91294867158203274,5311
3285,-18.16600000000000037,11.92119311852303198,1262
3286,-17.15800000000000125,11.90896255018004091,1263
3287,-18.19099999999999895,11.87773342427809098,1264
3288,-16.98499999999999943,11.90417590045007579,1265
3289,-18.69699999999999918,11.97220073345291880,5316
3290,-18.00499999999999901,11.96954295279351754,5317
3291,-17.30199999999999960,12.04038730027600934,1268
3292,-16.14000000000000057,12.01156888335611406,8613
3293,-13.43299999999999983,11.89507543993529204,8614
3294,-13.27999999999999936,11.95661500616821016,8615
3295,-13.91300000000000026,12.06194114133572270,8616
3296,-15.24600000000000044,12.10138783125371553,8617
3297,-14.44899999999999984,12.11973906852741045,8618
3298,-14.06900000000000084,12.11898169527029623,8619
3299,-15.89799999999999969,12.12826584192966095,8620
3300,-11.38400000000000034,12.10753653883000069,1277
3301,-10.06799999999999962,12.14361467803689365,8622
3302,-11.60599999999999987,12.11253286776048554,8623
3303,-11.45100000000000051,12.04493881377858777,8624
3304,-12.19899999999999984,11.97077815128564460,8625
3305,-9.64780000000000015,11.86284238822018722,3812
3306,-24.55199999999999960,11.74083977808370349,3813
3307,-20.02700000000000102,11.59531958148403419,3814
3308,-15.92699999999999960,11.45367603685747504,3815
3309,-16.78099999999999881,11.48258050542497166,3816
3310,-18.24399999999999977,11.55927645758286459,3817
3311,-19.75900000000000034,11.55421452575738783,3818
3312,-20.26099999999999923,11.53087600847873517,3819
3313,-20.38299999999999912,11.50048044415146364,3820
3314,-20.01999999999999957,11.44997309529671448,3821
3315,-22.57700000000000173,11.39820902860998153,3822
3316,-25.76699999999999946,11.25542208941231870,3823
3317,-28.70100000000000051,11.07539795254346870,3824
3318,-29.19800000000000040,11.15309428762284405,3825
3319,-27.84299999999999997,11.13494606708755974,3826
3320,-30.66600000000000037,11.12209815955386993,3827
3321,-30.82600000000000051,11.14805927718553313,3828
3322,-33.16599999999999682,11.16598673251046492,3829
3323,-33.19100000000000250,11.12902827605334544,3830
3324,-31.81200000000000117,11.12547310784562171,3831
3325,-32.50699999999999790,11.04314229366273459,3832
3326,-33.55899999999999750,10.95283319855812998,3833
3327,-29.83500000000000085,10.93434924947060871,3834
3328,-31.02899999999999991,10.81971094795325961,3835
3329,-26.75100000000000122,10.79855988194091232,3836
3330,-23.52100000000000080,10.81903082258860671,3837
3331,-20.12600000000000122,10.79694036602005802,3838
3332,-17.38299999999999912,10.71236708653088066,3839
3333,-13.64899999999999913,10.62316439088583664,3840
3334,-14.95500000000000007,10.43495584413046018,3841
3335,-19.13800000000000168,10.32364325028918550,3842
3336,-19.33200000000000074,10.28190780410674954,3843
3337,-23.62999999999999901,10.26080890528727707,3844
3338,-29.87999999999999901,10.28544910599905293,3845
3339,-20.42800000000000082,10.51406333338718291,3846
3340,-18.52299999999999969,10.50696276154444853,3847
3341,-18.82400000000000162,10.36076731490814318,3848
3342,-23.21999999999999886,10.21871784026297725,3849
3343,-22.72100000000000009,10.11191367765279381,3850
3344,-23.25600000000000023,10.15357045285562876,3851
3345,-23.16799999999999926,10.20363626041713090,3852
3346,-23.33200000000000074,10.15545684811642246,3853
3347,-22.98900000000000077,10.16291803314758546,3854
3348,-24.25199999999999889,10.12875794469202440,3855
3349,-18.64099999999999824,10.14081191258713410,3856
3350,-22.33999999999999986,10.13048839486290120,3857
3351,-25.95499999999999829,10.12533370961855184,3858
3352,-27.32199999999999918,10.15146577476696343,3859
3353,-25.05699999999999861,10.14547986477039210,3860
3354,-24.85500000000000043,10.12700754571033812,3861
3355,-23.89900000000000091,10.06669563381007393,3862
3356,-22.90899999999999892,10.00504320343010001,3863
3357,-22.03399999999999892,9.98931798179519426,3864
3358,-17.26800000000000068,9.99968246783373793,3865
3359,-18.41600000000000037,10.04073076840445466,3866
3360,-20.26699999999999946,10.03838877295166476,3867
3361,-16.03000000000000114,10.03831265012478191,3868
3362,-16.52599999999999980,9.95381668491244653,3869
3363,-15.13599999999999923,9.90005417238807439,3870
3364,-10.85599999999999987,9.83789601318932228,3871
3365,-9.90450000000000053,9.61640114314798389,3872
3366,-10.60399999999999920,9.34894739559162247,3873
3367,-13.36599999999999966,9.04991628807089832,3874
3368,-14.19200000000000017,8.88833749175933718,3875
3369,-15.31799999999999962,8.83853531495455691,3876
3370,-13.47799999999999976,9.22642007914139484,3877
3371,-15.01299999999999990,9.26207225651211807,3878
3372,-16.76800000000000068,9.20828936757884797,3879
3373,-17.33800000000000097,9.22307920250975322,3880
3374,-17.20799999999999841,9.18013334933811720,3881
3375,-17.25100000000000122,9.14272289865930254,3882
3376,-16.20899999999999963,9.08967083659950426,3883
3377,-16.15899999999999892,9.03923832868861510,3884
3378,-14.31300000000000061,9.00842568395994192,3885
3379,-11.77500000000000036,9.04094287562392651,3886
3380,-11.06400000000000006,9.15155484279818765,3887
3381,-11.69899999999999984,9.11631919730566054,3888
3382,-15.67300000000000004,9.06702877383129646,3889
3383,-16.24200000000000088,8.98241494944137742,3890
3384,-15.55899999999999928,8.94379272148194282,3891
3385,-16.04599999999999937,8.89445685108029238,3892
3386,-15.57099999999999973,8.85322289165470622,3893
3387,-14.20599999999999952,8.82801718694744153,3894
3388,-13.21299999999999919,8.81926577580816584,3895
3389,-12.48499999999999943,8.86925302722431930,3896
3390,-14.32900000000000063,8.95318896143747445,3897
3391,-15.43200000000000038,8.99970874316458413,3898
3392,-16.01200000000000045,8.99585049752544741,3899
3393,-17.88700000000000045,9.02813398378345866,3900
3394,-13.68599999999999994,9.00942444923563279,3901
3395,-8.47109999999999985,9.01526300832507843,3902
3396,-13.92699999999999960,8.99467915980772759,3903
3397,-14.73300000000000054,9.02418801185476660,3904
3398,-21.37000000000000099,9.04892061649728241,3905
3399,-32.60999999999999943,9.03901542774842248,3906
3400,-30.01399999999999935,8.83824499881217207,3907
3401,-14.26699999999999946,8.80698074065388425,3907
3402,-20.65399999999999991,8.79039523118682453,3908
3403,-24.49899999999999878,8.80040432592848276,3909
3404,-23.54299999999999926,8.82904847255847969,3911
3405,-23.18499999999999872,8.90546263190902998,3912
3406,-22.21999999999999886,9.05922224430388034,3913
3407,-23.27899999999999991,9.03368042705952767,3914
3408,-22.75000000000000000,9.06955247775654350,3915
3409,-21.30300000000000082,9.19232610626298374,3915
3410,-16.87300000000000111,9.30660237865542861,3916
3411,-22.93900000000000006,9.33877126421765880,3918
3412,-30.09600000000000009,9.42275124526217667,3919
3413,-27.62600000000000122,9.54752263689593228,3920
3414,-23.15200000000000102,9.58231137833313618,3921
3415,-20.99399999999999977,9.58781108828480733,3922
3416,-20.53300000000000125,9.60112941897966721,3923
3417,-21.70100000000000051,9.60392920039426734,3924
3418,-21.55600000000000094,9.60083553743360163,3925
3419,-17.55600000000000094,9.60393540632517428,3926
3420,-18.49699999999999989,9.69610491517540218,3927
3421,-17.94800000000000040,9.95012702191855780,3928
3422,-22.06500000000000128,9.96907512463413958,3929
3423,-23.09700000000000131,9.96462691384417276,3930
3424,-21.36400000000000077,9.96600495412429765,3931
3425,-18.66199999999999903,9.95989187421572097,3932
3426,-16.88200000000000145,9.96373107726672025,3933
3427,-16.55900000000000105,9.96699245025796721,3934
3428,-16.71600000000000108,9.97239257951398628,3935
3429,-19.38200000000000145,9.98670535315908126,3936
3430,-20.08200000000000074,9.99480653448327594,3937
3431,-21.95899999999999963,10.08313464809294757,3938
3432,-22.29700000000000060,10.10185237566905414,3939
3433,-19.34299999999999997,10.10633414739916880,3940
3434,-19.13299999999999912,10.10373636300195876,3941
3435,-16.74399999999999977,10.11416853882187006,3942
3436,-16.85399999999999920,10.14366657691827811,3943
3437,-15.92099999999999937,10.19953843884993638,3944
3438,-14.84299999999999997,10.19220182627559623,3945
3439,-15.73399999999999999,10.17598284643316653,3946
3440,-13.25300000000000011,10.31178280560129501,3947
3441,-15.94100000000000072,10.42336689221254531,3948
3442,-15.45500000000000007,10.49500403957165595,3949
3443,-24.90299999999999869,10.56269246939397810,3950
3444,-23.76000000000000156,10.61704060084844059,3951
3445,-9.79819999999999958,10.64445039212594146,3952
3446,-10.75699999999999967,10.51170930513480428,3952
3447,-9.69069999999999965,10.60485777614802139,3953
3448,-11.79899999999999949,10.67017643951445827,3954
3449,-15.93999999999999950,10.71336663036523795,3955
3450,-15.98799999999999955,10.73623545364168486,3956
3451,-18.86299999999999955,10.75102911028312747,3957
3452,-21.05300000000000082,10.73704283663448500,3958
3453,-20.35800000000000054,10.75330806039300846,3959
3454,-18.59400000000000119,10.85429589593410427,3960
3455,-16.45899999999999963,11.07787398928408429,3961
3456,-15.16499999999999915,11.24394575211647584,3962
3457,-11.56799999999999962,11.36782975816532115,3963
3458,-12.00799999999999912,11.60017704477651357,3964
3459,-12.68599999999999994,11.93877071647099797,3965
3460,-14.33099999999999952,12.21698251337399377,3966
3461,-10.89400000000000013,12.42519183072471911,3967
3462,-9.89930000000000021,12.64242809389087085,3968
3463,-9.79390000000000072,12.81400161498233814,3969
3464,-9.28209999999999980,12.83754652874654845,1433
3465,-9.78730000000000011,12.83916992353831965,1434
3466,-9.74300000000000033,13.13734903227668660,3972
3467,-5.76470000000000038,13.01536689682062864,3595
3468,-8.34740000000000038,12.87572231027036374,3596
3469,-8.92060000000000031,12.72661401499524914,3597
3470,-10.19699999999999918,12.61402886523944922,3598
3471,-10.91999999999999993,12.51201172277165341,3599
3472,-14.08000000000000007,12.41443110561240282,3600
3473,-12.41099999999999959,12.38030664346241672,3601
3474,-11.07199999999999918,12.21268429892814389,3602
3475,-22.39699999999999847,12.05740052064529699,3603
3476,-24.17299999999999827,12.03079621352953765,3604
3477,-19.75199999999999889,12.06381132905443287,3605
3478,-26.62900000000000134,12.04700424892818944,3606
3479,-27.30999999999999872,11.97047876184209514,3607
3480,-27.03500000000000014,11.93874734972155771,3608
3481,-27.46399999999999864,11.94609448933350038,3609
3482,-27.53099999999999881,11.96060132306187107,3610
3483,-26.21399999999999864,11.98237295964647764,3611
3484,-26.27700000000000102,12.00790200255503315,3612
3485,-24.38299999999999912,12.02195945274993960,3613
3486,-25.20799999999999841,12.01691335501849167,3614
3487,-18.78699999999999903,11.99953080042856968,3615
3488,-15.47300000000000075,11.97580922943601323,3616
3489,-17.00300000000000011,11.94035704903411954,3617
3490,-34.22200000000000131,11.92764382502056186,3618
3491,-36.93500000000000227,11.75272817947371884,3619
3492,-31.18700000000000117,11.79318862918764843,3620
3493,-17.95700000000000074,11.84168685087089123,3621
3494,-15.62899999999999956,11.75091122060258542,3622
3495,-18.12900000000000134,11.69454915629685665,3623
3496,-19.28900000000000148,11.64647623942405197,3624
3497,-19.14799999999999969,11.68594622856971910,3624
3498,-17.93100000000000094,11.71563883280392737,3625
3499,-19.79599999999999937,11.79365136609571429,3626
3500,-19.85399999999999920,11.90891502914558409,3627
3501,-24.69600000000000151,12.06962750643256754,3628
3502,-27.18100000000000094,12.27610194035803381,3629
3503,-28.19200000000000017,12.36000006514294824,3630
3504,-29.93100000000000094,12.47356462883961115,3631
3505,-27.46199999999999974,12.54781722293725288,3632
3506,-30.97500000000000142,12.59195364249630877,3633
3507,-34.11399999999999721,12.66583405420135655,3634
3508,-30.53500000000000014,12.79668147923857013,3635
3509,-27.87999999999999901,13.03946194520004198,3636
3510,-21.43400000000000105,13.29604372685677838,3637
3511,-18.99299999999999855,13.44669796802351591,3638
3512,-18.17299999999999827,13.41101760538509069,16335
3513,-20.87099999999999866,13.37723602407130663,16336
3514,-17.94800000000000040,13.44019293356574885,16337
3515,-16.82400000000000162,13.46188583398287086,3642
3516,-20.05799999999999983,13.43592308572528715,3643
3517,-19.75799999999999912,13.41355983202305246,3644
3518,-16.81700000000000017,13.39765774391967845,3645
3519,-15.39199999999999946,13.37504455899364331,3646
3520,-16.53399999999999892,13.35228230845589614,3647
3521,-12.65099999999999980,13.33886797599395990,3648
3522,-14.15700000000000003,13.28421907736917795,3649
3523,-13.65099999999999980,13.27647113381991062,3650
3524,-14.96000000000000085,13.28134316606787912,3651
3525,-14.99699999999999989,13.30877296457303771,3652
3526,-14.87500000000000000,13.36298947476774579,3653
3527,-12.60399999999999920,13.39771787505144829,3654
3528,-12.75799999999999912,13.43643518852279684,3655
3529,-12.44200000000000017,13.56133030615258761,3656
3530,-12.31499999999999950,13.59405942840162318,19200
3531,-14.45400000000000063,13.72467350985488110,3657
3532,-14.73399999999999999,13.77456767949708016,3658
3533,-16.32799999999999940,13.73391310208289795,13808
3534,-19.80099999999999838,13.71469893137030915,13809
3535,-17.57499999999999929,13.79367828222074444,13810
3536,-16.94999999999999929,13.83575119716565993,3662
3537,-17.16600000000000037,13.88660994727819720,3663
3538,-17.58999999999999986,13.91631174227073231,3664
3539,-23.15500000000000114,13.86573524731527307,3666
3540,-27.94800000000000040,13.86858832472977987,3667
3541,-30.26300000000000168,13.89611565421450656,3668
3542,-31.37600000000000122,13.84652818807511920,16364
3543,-32.65699999999999648,13.71003346072664897,16365
3544,-30.38599999999999923,13.60715227911571112,16366
3545,-27.42599999999999838,13.67437125836446654,16367
3546,-22.20899999999999963,13.83417562924325139,16368
3547,-23.37099999999999866,13.93713392171440724,16370
3548,-22.83800000000000097,13.98456410671483852,16371
3549,-23.35000000000000142,14.19127315934650646,14879
3550,-20.66400000000000148,14.17424192697347252,19220
3551,-19.58800000000000097,14.14501028394567328,19221
3552,-21.12800000000000011,14.12075817837114577,19222
3553,-20.47899999999999920,14.08739102608050686,19223
3554,-18.93599999999999994,14.11677658211052844,19224
3555,-20.51200000000000045,14.15188661237701062,14885
3556,-21.19300000000000139,14.14818739436861428,14886
3557,-19.64499999999999957,14.14239331894245844,14887
3558,-19.06800000000000139,14.06800279826733302,14888
3559,-17.98699999999999832,13.95938449226300371,14889
3560,-17.02599999999999980,13.78785622781815157,14890
3561,-13.18599999999999994,13.68220794811117713,14891
3562,-11.58500000000000085,13.61435202723825277,14892
3563,-12.21700000000000053,13.59972646514224337,14893
3564,-13.01900000000000013,13.61966655628630463,14894
3565,-10.37800000000000011,13.66641361573272917,14895
3566,-8.19340000000000046,13.62798247493473092,14896
3567,-8.62780000000000058,13.55327250842837117,14897
3568,-10.43699999999999939,13.47848741796927818,14898
3569,-7.12150000000000016,13.43174460950133664,14899
3570,-21.92399999999999949,13.25914222329689274,14900
3571,-24.00400000000000134,13.26626352401112108,14901
3572,-20.42899999999999849,13.27942344726946899,14902
3573,-25.43199999999999861,13.27531221682832019,14903
3574,-28.10200000000000031,13.31041324932046876,14904
3575,-26.05399999999999849,13.34648653187018397,14905
3576,-25.33699999999999974,13.38631744307663674,14906
3577,-23.39900000000000091,13.44536778044546921,14907
3578,-19.76500000000000057,13.50404131023318399,14908
3579,-18.97500000000000142,13.57763100490393704,14909
3580,-22.70299999999999940,13.63987333676986502,14910
3581,-23.49699999999999989,13.61494066325655794,19251
3582,-29.85300000000000153,13.55027011875646359,19252
3583,-30.49699999999999989,13.48972071505688319,19253
3584,-32.45199999999999818,13.42202350774603303,19254
3585,-30.14499999999999957,13.36300243368710738,19255
3586,-27.09299999999999997,13.35664119286108154,19256
3587,-29.66300000000000026,13.33089296913202482,19257
3588,-30.07400000000000162,13.27512868395312040,19258
3589,-30.93900000000000006,13.23638229987347792,19259
3590,-31.71900000000000119,13.17548166979884527,19260
3591,-28.85000000000000142,13.14876154060694802,19261
3592,-30.35000000000000142,13.15676940208046375,19262
3593,-27.28200000000000003,13.15983447118779637,19263
3594,-23.40500000000000114,13.14516651362185584,3466
3595,-21.21600000000000108,13.01536689682062864,3467
3596,-21.38899999999999935,12.87572231027036374,3468
3597,-20.42200000000000060,12.72661401499524914,3469
3598,-19.56500000000000128,12.61402886523944922,3470
3599,-19.33200000000000074,12.51201172277165341,3471
3600,-20.94999999999999929,12.41443110561240282,3472
3601,-26.50199999999999889,12.38030664346241672,3473
3602,-24.10500000000000043,12.21268429892814389,3474
3603,-14.96700000000000053,12.05740052064529699,3475
3604,-23.64099999999999824,12.03079621352953765,3476
3605,-24.79500000000000171,12.06381132905443287,3477
3606,-15.22700000000000031,12.04700424892818944,3478
3607,-18.70499999999999829,11.97047876184209514,3479
3608,-22.79599999999999937,11.93874734972155771,3480
3609,-22.52599999999999980,11.94609448933350038,3481
3610,-24.01800000000000068,11.96060132306187107,3482
3611,-24.25199999999999889,11.98237295964647764,3483
3612,-24.56099999999999994,12.00790200255503315,3484
3613,-22.73900000000000077,12.02195945274993960,3485
3614,-20.10099999999999909,12.01691335501849167,3486
3615,-19.79799999999999827,11.99953080042856968,3487
3616,-19.43499999999999872,11.97580922943601323,3488
3617,-14.53800000000000026,12.33508695432960955,3488
3618,-18.38899999999999935,12.33326729240181407,3489
3619,-29.09499999999999886,12.13044200005580286,3492
3620,-33.94800000000000040,12.16353287975301889,3493
3621,-25.20599999999999952,11.92848411138216846,3494
3622,-17.08399999999999963,11.75091122060258542,3494
3623,-16.64099999999999824,11.69454915629685665,3495
3624,-16.34900000000000020,11.64647623942405197,3496
3625,-16.93199999999999861,11.71563883280392737,3498
3626,-16.49599999999999866,11.79365136609571429,3499
3627,-17.87399999999999878,11.90891502914558409,3500
3628,-17.58099999999999952,12.06962750643256754,3501
3629,-25.03600000000000136,12.27610194035803381,3502
3630,-32.06799999999999784,12.36000006514294824,3503
3631,-31.11799999999999855,12.47356462883961115,3504
3632,-29.54200000000000159,12.54781722293725288,3505
3633,-29.68400000000000105,12.59195364249630877,3506
3634,-31.24899999999999878,12.66583405420135655,3507
3635,-33.15699999999999648,12.79668147923857013,3508
3636,-36.71099999999999852,13.03946194520004198,3509
3637,-30.57499999999999929,13.29604372685677838,3510
3638,-25.15899999999999892,13.44669796802351591,3511
3639,-15.13899999999999935,13.51496980721381647,3512
3640,-17.37300000000000111,13.53331995998984993,3513
3641,-18.94399999999999906,13.49405311870061297,3514
3642,-19.05499999999999972,13.46188583398287086,3515
3643,-19.26999999999999957,13.43592308572528715,3516
3644,-20.66499999999999915,13.41355983202305246,3517
3645,-19.55300000000000082,13.39765774391967845,3518
3646,-18.04799999999999827,13.37504455899364331,3519
3647,-18.29100000000000037,13.35228230845589614,3520
3648,-21.67200000000000060,13.33886797599395990,3521
3649,-19.10800000000000054,13.28421907736917795,3522
3650,-18.40700000000000003,13.27647113381991062,3523
3651,-16.07100000000000151,13.28134316606787912,3524
3652,-14.67800000000000082,13.30877296457303771,3525
3653,-17.28699999999999903,13.36298947476774579,3526
3654,-14.00600000000000023,13.39771787505144829,3527
3655,-4.51389999999999958,13.43643518852279684,3528
3656,-6.28960000000000008,13.56133030615258761,3529
3657,-6.59049999999999958,13.52109545505125610,3403
3658,-5.11509999999999998,13.30634587626154008,3404
3659,-6.53179999999999961,13.05465555576592962,3405
3660,-7.45040000000000013,12.84442695869719309,3406
3661,-8.50019999999999953,12.68100674873059397,3407
3662,-11.35100000000000087,12.49340722937433767,3408
3663,-14.59699999999999953,12.41695715830743296,3409
3664,-12.73000000000000043,12.39213353889307356,3410
3665,-31.85500000000000043,12.37799617412453479,3411
3666,-25.75100000000000122,12.37906762815103789,3412
3667,-25.64799999999999969,12.40658451469581181,3413
3668,-28.53200000000000003,12.43223616616408655,3414
3669,-27.56899999999999906,12.43898519724255713,3415
3670,-28.74899999999999878,12.42098373386036236,3416
3671,-29.61799999999999855,12.38468055355273556,3417
3672,-33.18299999999999983,12.40539872713923231,3418
3673,-29.90500000000000114,12.33416222469337242,3419
3674,-28.03300000000000125,12.20668410618475264,3420
3675,-23.16000000000000014,12.18778905673069879,3421
3676,-18.76800000000000068,12.18349967794807931,3422
3677,-18.57499999999999929,12.17316667370499594,3423
3678,-21.38200000000000145,12.15111057427027141,3424
3679,-19.16600000000000037,12.15999466044043054,3425
3680,-19.51200000000000045,12.16342371888531737,3426
3681,-18.55399999999999849,12.16880288093708984,3427
3682,-18.71199999999999974,12.17419456836816671,3428
3683,-18.52299999999999969,12.18068810530107449,3429
3684,-19.24899999999999878,12.20053357755429246,3430
3685,-17.28900000000000148,12.28003062607659857,3431
3686,-17.80499999999999972,12.30333858822990045,3432
3687,-15.67900000000000027,12.34191168062638511,3433
3688,-15.32000000000000028,12.40025620258724182,3434
3689,-14.00999999999999979,12.49320619318068637,3435
3690,-13.69500000000000028,12.63138137410908257,3436
3691,-13.68099999999999916,12.91796669074744131,3437
3692,-11.96199999999999974,13.09143011093631159,3438
3693,-13.16600000000000037,13.19496018635815027,3439
3694,-10.58600000000000030,13.18904182391828428,3440
3695,-10.28899999999999970,13.23102927328555722,3441
3696,-11.05700000000000038,13.24730619489479366,3442
3697,-20.79100000000000037,13.28918542765202027,3443
3698,-12.42999999999999972,13.30479133990382046,3444
3699,-10.09800000000000075,13.23067808322779548,3445
3700,-10.83000000000000007,13.34508539185251053,3446
3701,-8.77490000000000059,13.42687796557016000,3447
3702,-14.72100000000000009,13.54200959367696200,3448
3703,-16.36100000000000065,13.62359183577766508,3449
3704,-20.49800000000000111,13.65899252515655959,3450
3705,-21.60399999999999920,13.65645567981973585,3451
3706,-22.23499999999999943,13.62885829775040492,3452
3707,-15.28200000000000003,13.61794981300999652,3453
3708,-10.21400000000000041,13.62408478288047675,3454
3709,-11.14000000000000057,13.58112970997048663,3455
3710,-11.50799999999999912,13.71829750442624807,3456
3711,-17.05199999999999960,13.71807121417178621,3585
3712,-19.75499999999999901,13.67447155411982962,3586
3713,-26.56200000000000117,13.76818536966671758,3587
3714,-27.50400000000000134,13.94660471289798309,3588
3715,-25.75600000000000023,14.09895604594396445,13664
3716,-26.61199999999999832,13.96588724637216750,3969
3717,-23.81400000000000006,13.78977269440158082,3970
3718,-24.33599999999999852,13.67098658633505259,3971
3719,-25.15500000000000114,13.46594485953747444,3972
3720,-24.08099999999999952,13.18536233243185407,3973
3721,-22.16799999999999926,13.01331315704218738,3974
3722,-21.37800000000000011,12.87183429267697754,3975
3723,-17.90099999999999980,12.80979081839852007,3976
3724,-16.31200000000000117,12.81179404460807625,3977
3725,-13.40900000000000070,12.84822171676346514,3978
3726,-13.21000000000000085,12.93850165490298743,3979
3727,-13.11400000000000077,13.01441686040484313,3980
3728,-15.90099999999999980,13.09626263151090519,3981
3729,-30.27100000000000080,13.13427937207436713,3982
3730,-17.62000000000000099,12.85180748160865782,3982
3731,-12.49099999999999966,12.81043537807197552,3983
3732,-10.32900000000000063,12.75916468517123725,3984
3733,-21.30799999999999983,12.76963391392579616,3985
3734,-24.26699999999999946,12.80893600367978102,3986
3735,-22.78099999999999881,12.91485892096750554,3987
3736,-24.22200000000000131,12.91131669682770955,3988
3737,-23.52599999999999980,12.92456283072248624,3989
3738,-23.97599999999999909,12.94049974490442168,3990
3739,-23.00199999999999889,12.94305023350639594,3991
3740,-23.37600000000000122,12.94210366837730675,3992
3741,-22.91400000000000148,12.94265150384661567,3993
3742,-22.15399999999999991,12.92627474873136251,3994
3743,-26.22700000000000031,12.91171823018463449,3995
3744,-25.52799999999999869,12.84228101226066876,3996
3745,-27.38200000000000145,12.79687817288225915,3997
3746,-31.41100000000000136,12.85203330539065725,3998
3747,-24.14199999999999946,12.79621310003589585,4000
3748,-17.96699999999999875,12.66145928360774597,4001
3749,-15.93900000000000006,12.61821594543094349,4002
3750,-15.14600000000000080,12.55757479144612354,4003
3751,-14.96100000000000030,12.77435277334992492,4004
3752,-14.81099999999999994,12.85303844337759926,4005
3753,-14.75099999999999945,12.84428953297263298,4006
3754,-15.84099999999999930,12.74626664758586259,4007
3755,-18.31700000000000017,12.66298744803546228,4008
3756,-23.51500000000000057,12.59758712555911053,4009
3757,-28.21300000000000097,12.60515619957066313,4010
3758,-29.94000000000000128,12.60424586787789814,4011
3759,-32.58800000000000097,12.65312131640726001,4012
3760,-29.93400000000000105,12.70957145776096375,4013
3761,-27.94999999999999929,12.79322434692659805,4014
3762,-25.64699999999999847,12.86665166815063621,4015
3763,-28.13800000000000168,12.85205286751448206,4016
3764,-27.53500000000000014,12.74631662337201732,4017
3765,-16.82100000000000151,12.66820273451727275,4018
3766,-17.06599999999999895,12.63801476911902988,4019
3767,-19.30199999999999960,12.66700801962975120,4020
3768,-22.00000000000000000,12.65747628477015851,4021
3769,-20.80399999999999849,12.61656395308925482,4022
3770,-20.43400000000000105,12.58715826882980515,4023
3771,-21.10600000000000165,12.56152967838206536,4024
3772,-20.12399999999999878,12.51018147135452274,7319
3773,-18.65599999999999881,12.45251459025584140,7320
3774,-20.00100000000000122,12.41537899492689512,7321
3775,-19.89199999999999946,12.34607684490178414,7322
3776,-18.62699999999999889,12.26364860669097112,7323
3777,-18.35399999999999920,12.17978741730809134,7324
3778,-16.51599999999999824,12.10959242692702986,7325
3779,-16.44600000000000151,12.03436690869490633,7326
3780,-12.77699999999999925,11.95250372964982333,7327
3781,-10.19899999999999984,11.88421737640683773,7328
3782,-12.55899999999999928,11.81961267189431197,7329
3783,-12.49799999999999933,11.76573841233669349,7330
3784,-11.80100000000000016,11.74904509015092025,7331
3785,-11.79299999999999926,11.77572579078514359,7332
3786,-11.92300000000000004,11.82168243389149964,7333
3787,-13.03200000000000003,11.88628131855700865,7334
3788,-12.68099999999999916,12.00992660868832296,7335
3789,-13.18599999999999994,11.96204211765788017,11388
3790,-18.10600000000000165,11.81016954692779919,11389
3791,-21.04799999999999827,11.78807472549917712,11392
3792,-21.08699999999999974,11.76153942790462814,11393
3793,-33.32099999999999795,11.74691269975043006,11394
3794,-34.25000000000000000,11.78513599765977560,11395
3795,-34.25699999999999790,11.89180575475831425,11396
3796,-27.50400000000000134,11.92655573228283217,11395
3797,-26.52700000000000102,12.00261769769696407,11396
3798,-29.81500000000000128,12.11863552799438359,11397
3799,-29.70700000000000074,12.21877954967930791,11398
3800,-23.89000000000000057,12.30188642204717198,5314
3801,-23.05199999999999960,12.18302186062183345,5315
3802,-23.73699999999999832,12.12374916334626107,5316
3803,-24.28900000000000148,12.04701687730058879,5317
3804,-23.49500000000000099,11.98585868027095458,5318
3805,-21.34600000000000009,11.99058431265181568,5319
3806,-21.43599999999999994,11.99389347085149637,5320
3807,-20.90200000000000102,12.04661644798759568,5321
3808,-20.36700000000000088,12.09661077269455376,5322
3809,-21.60399999999999920,12.14172697853183713,5323
3810,-21.07700000000000173,12.13969092026839824,3303
3811,-21.47800000000000153,12.02054118305274599,3304
3812,-18.93700000000000117,11.86284238822018722,3305
3813,-15.78599999999999959,11.74083977808370349,3306
3814,-16.38100000000000023,11.59531958148403419,3307
3815,-13.84699999999999953,11.45367603685747504,3308
3816,-13.97899999999999920,11.48258050542497166,3309
3817,-14.21700000000000053,11.55927645758286459,3310
3818,-13.85299999999999976,11.55421452575738783,3311
3819,-13.87500000000000000,11.53087600847873517,3312
3820,-12.47199999999999953,11.50048044415146364,3313
3821,-12.16499999999999915,11.44997309529671448,3314
3822,-10.44500000000000028,11.39820902860998153,3315
3823,-11.43699999999999939,11.25542208941231870,3316
3824,-26.75900000000000034,11.07539795254346870,3317
3825,-21.68599999999999994,11.15309428762284405,3318
3826,-22.25199999999999889,11.13494606708755974,3319
3827,-24.93900000000000006,11.12209815955386993,3320
3828,-26.37500000000000000,11.14805927718553313,3321
3829,-23.51800000000000068,11.16598673251046492,3322
3830,-25.04599999999999937,11.12902827605334544,3323
3831,-21.10900000000000176,11.12547310784562171,3324
3832,-21.21699999999999875,11.04314229366273459,3325
3833,-24.38100000000000023,10.95283319855812998,3326
3834,-19.94500000000000028,10.93434924947060871,3327
3835,-24.27799999999999869,10.81971094795325961,3328
3836,-27.71600000000000108,10.79855988194091232,3329
3837,-27.58299999999999841,10.81903082258860671,3330
3838,-28.87300000000000111,10.79694036602005802,3331
3839,-25.25300000000000011,10.71236708653088066,3332
3840,-25.65700000000000003,10.62316439088583664,3333
3841,-25.25400000000000134,10.43495584413046018,3334
3842,-25.07700000000000173,10.32364325028918550,3335
3843,-24.25199999999999889,10.28190780410674954,3336
3844,-26.00199999999999889,10.26080890528727707,3337
3845,-26.78699999999999903,10.28544910599905293,3338
3846,-26.99200000000000088,10.51406333338718291,3339
3847,-25.89900000000000091,10.50696276154444853,3340
3848,-23.43299999999999983,10.36076731490814318,3341
3849,-24.27400000000000091,10.21871784026297725,3342
3850,-21.30199999999999960,10.11191367765279381,3343
3851,-20.71699999999999875,10.15357045285562876,3344
3852,-20.92699999999999960,10.20363626041713090,3345
3853,-20.33299999999999841,10.15545684811642246,3346
3854,-18.39499999999999957,10.16291803314758546,3347
3855,-26.00700000000000145,10.12875794469202440,3348
3856,-19.87500000000000000,10.14081191258713410,3349
3857,-19.55999999999999872,10.13048839486290120,3350
3858,-23.88299999999999912,10.12533370961855184,3351
3859,-21.90500000000000114,10.15146577476696343,3352
3860,-19.81899999999999906,10.14547986477039210,3353
3861,-17.07000000000000028,10.12700754571033812,3354
3862,-16.35200000000000031,10.06669563381007393,3355
3863,-18.42800000000000082,10.00504320343010001,3356
3864,-26.05900000000000105,9.98931798179519426,3357
3865,-18.99500000000000099,9.99968246783373793,3358
3866,-22.64799999999999969,10.04073076840445466,3359
3867,-22.70200000000000173,10.03838877295166476,3360
3868,-23.08800000000000097,10.03831265012478191,3361
3869,-22.46999999999999886,9.95381668491244653,3362
3870,-22.31599999999999895,9.90005417238807439,3363
3871,-22.78600000000000136,9.83789601318932228,3364
3872,-22.28200000000000003,9.61640114314798389,3365
3873,-23.01599999999999824,9.34894739559162247,3366
3874,-22.39000000000000057,9.04991628807089832,3367
3875,-20.06500000000000128,8.88833749175933718,3368
3876,-19.58099999999999952,8.83853531495455691,3369
3877,-18.96799999999999997,9.22642007914139484,3370
3878,-20.19399999999999906,9.26207225651211807,3371
3879,-19.73600000000000065,9.20828936757884797,3372
3880,-20.13800000000000168,9.22307920250975322,3373
3881,-20.04599999999999937,9.18013334933811720,3374
3882,-20.26500000000000057,9.14272289865930254,3375
3883,-19.91000000000000014,9.08967083659950426,3376
3884,-20.56099999999999994,9.03923832868861510,3377
3885,-21.40299999999999869,9.00842568395994192,3378
3886,-19.98100000000000165,9.04094287562392651,3379
3887,-19.57799999999999940,9.15155484279818765,3380
3888,-18.98300000000000054,9.11631919730566054,3381
3889,-18.99399999999999977,9.06702877383129646,3382
3890,-16.55300000000000082,8.98241494944137742,3383
3891,-16.01300000000000168,8.94379272148194282,3384
3892,-15.57799999999999940,8.89445685108029238,3385
3893,-13.34900000000000020,8.85322289165470622,3386
3894,-15.72899999999999920,8.82801718694744153,3387
3895,-14.91300000000000026,8.81926577580816584,3388
3896,-12.88499999999999979,8.86925302722431930,3389
3897,-13.01699999999999946,8.95318896143747445,3390
3898,-14.15000000000000036,8.99970874316458413,3391
3899,-14.35599999999999987,8.99585049752544741,3392
3900,-14.93299999999999983,9.02813398378345866,3393
3901,-14.24200000000000088,9.00942444923563279,3394
3902,-15.09600000000000009,9.01526300832507843,3395
3903,-12.93399999999999928,8.99467915980772759,3396
3904,-12.61500000000000021,9.02418801185476660,3397
3905,-15.71299999999999919,9.04892061649728241,3398
3906,-18.03900000000000148,8.95018652465248898,3400
3907,-22.34900000000000020,8.80698074065388425,3401
3908,-17.94699999999999918,8.79039523118682453,3402
3909,-20.94800000000000040,8.80040432592848276,3403
3910,-23.59600000000000009,8.83418375672350642,3403
3911,-23.21399999999999864,8.82904847255847969,3404
3912,-25.28399999999999892,8.90546263190902998,3405
3913,-26.02400000000000091,9.03933153676769940,3407
3914,-25.66300000000000026,9.03368042705952767,3407
3915,-26.23999999999999844,9.06955247775654350,3408
3916,-26.94800000000000040,9.21440971216829396,3409
3917,-22.76200000000000045,9.31612315917114664,3410
3918,-26.67999999999999972,9.33877126421765880,3411
3919,-28.13400000000000034,9.42275124526217667,3412
3920,-21.53000000000000114,9.54752263689593228,3413
3921,-24.66199999999999903,9.58231137833313618,3414
3922,-19.51800000000000068,9.58781108828480733,3415
3923,-18.48499999999999943,9.60112941897966721,3416
3924,-18.85999999999999943,9.60392920039426734,3417
3925,-19.95299999999999940,9.60083553743360163,3418
3926,-17.46300000000000097,9.60393540632517428,3419
3927,-18.06200000000000117,9.69610491517540218,3420
3928,-19.60500000000000043,9.95012702191855780,3421
3929,-18.08800000000000097,9.96907512463413958,3422
3930,-18.98699999999999832,9.96462691384417276,3423
3931,-17.60399999999999920,9.96600495412429765,3424
3932,-15.85899999999999999,9.95989187421572097,3425
3933,-15.30799999999999983,9.96373107726672025,3426
3934,-12.30899999999999928,9.96699245025796721,3427
3935,-16.15599999999999881,9.97239257951398628,3428
3936,-14.77800000000000047,9.98670535315908126,3429
3937,-15.37800000000000011,9.99480653448327594,3430
3938,-15.32300000000000040,10.08313464809294757,3431
3939,-18.31200000000000117,10.10185237566905414,3432
3940,-14.50900000000000034,10.10633414739916880,3433
3941,-14.92900000000000027,10.10373636300195876,3434
3942,-14.90000000000000036,10.11416853882187006,3435
3943,-14.67099999999999937,10.14366657691827811,3436
3944,-15.72700000000000031,10.19953843884993638,3437
3945,-16.64099999999999824,10.19220182627559623,3438
3946,-14.92200000000000060,10.17598284643316653,3439
3947,-12.46799999999999997,10.31178280560129501,3440
3948,-14.49900000000000055,10.42336689221254531,3441
3949,-12.64899999999999913,10.49500403957165595,3442
3950,-26.96399999999999864,10.56269246939397810,3443
3951,-22.82600000000000051,10.61704060084844059,3444
3952,-9.24189999999999934,10.51170930513480428,3446
3953,-11.08399999999999963,10.60485777614802139,3447
3954,-11.37800000000000011,10.67017643951445827,3448
3955,-12.41999999999999993,10.71336663036523795,3449
3956,-13.21700000000000053,10.73623545364168486,3450
3957,-14.86700000000000088,10.75102911028312747,3451
3958,-16.33200000000000074,10.73704283663448500,3452
3959,-17.33099999999999952,10.75330806039300846,3453
3960,-17.74399999999999977,10.85429589593410427,3454
3961,-15.59600000000000009,11.07787398928408429,3455
3962,-13.78599999999999959,11.24394575211647584,3456
3963,-13.13599999999999923,11.36782975816532115,3457
3964,-12.88499999999999979,11.60017704477651357,3458
3965,-11.28899999999999970,11.67057036362142952,1938
3966,-6.64299999999999979,11.69295260673754910,1939
3967,-6.79790000000000028,11.68170649448159359,1940
3968,-7.34839999999999982,11.67326894719402119,1941
3969,-11.08600000000000030,11.67978387709541543,1942
3970,-10.54800000000000004,11.67361525840387415,1943
3971,-8.22020000000000017,11.64012082383320923,1944
3972,-8.81199999999999939,11.57579316084982146,1945
3973,-8.47000000000000064,11.44718494748205906,1946
3974,-7.35789999999999988,11.45475311292034171,1947
3975,-11.07099999999999973,11.50719207863917326,527
3976,-10.31300000000000061,11.60410997235568686,1949
3977,-7.54640000000000022,11.64750155661910291,1950
3978,-3.56309999999999993,11.67143073201555836,1951
3979,-8.79889999999999972,11.64862017011712503,1952
3980,-10.26500000000000057,11.70182318231980645,1953
3981,-8.73300000000000054,11.73224662998160284,1954
3982,-23.90599999999999881,11.74750611228639308,1955
3983,-20.39499999999999957,11.72537122915962904,1956
3984,-17.92099999999999937,11.70829376820067935,1957
3985,-24.86400000000000077,11.71011783239817383,1958
3986,-26.28600000000000136,11.73792804205951157,1959
3987,-27.73900000000000077,11.75973791464831564,1960
3988,-26.57900000000000063,11.73783041325923904,1961
3989,-28.19699999999999918,11.70016441494932735,1962
3990,-26.41900000000000048,11.68638774195696861,1963
3991,-27.48400000000000176,11.64150896314732897,1964
3992,-27.42599999999999838,11.59233474977800071,1965
3993,-23.94399999999999906,11.49427499704786371,1966
3994,-23.94500000000000028,11.49793825033694361,1967
3995,-19.07000000000000028,11.43136512968759178,1968
3996,-20.74800000000000111,11.41619709855867804,1969
3997,-30.09900000000000020,11.39747964962009341,1970
3998,-29.43900000000000006,11.30326723996443938,1971
3999,-18.56899999999999906,11.23132242710568107,1972
4000,-16.31700000000000017,11.24769629843584973,1973
4001,-15.92099999999999937,11.28476256895832464,1974
4002,-19.00000000000000000,11.28283568320942898,5016
4003,-17.63200000000000145,11.13891102634361019,5017
4004,-20.00499999999999901,10.98889618931744039,5018
4005,-18.07400000000000162,10.89910455965175373,5019
4006,-24.04500000000000171,10.78072563964456698,5020
4007,-25.00600000000000023,10.77534284398507403,5021
4008,-24.87500000000000000,10.78733301658942345,5022
4009,-24.44999999999999929,10.80134260454090445,5023
4010,-23.85999999999999943,10.80776530108461664,5024
4011,-26.92999999999999972,10.79636500055096882,5025
4012,-26.82000000000000028,10.55816743734217766,5026
4013,-27.69800000000000040,10.33227970659896222,5027
4014,-30.63800000000000168,10.35219179150334234,5028
4015,-22.06599999999999895,10.39818585894817993,5029
4016,-18.01000000000000156,10.38760877940433147,5030
4017,-19.76000000000000156,10.19536890295017706,5031
4018,-19.57000000000000028,10.03400681617271673,5032
4019,-19.04799999999999827,10.01771679013378780,5033
4020,-19.15399999999999991,10.00526484626508150,5034
4021,-18.33599999999999852,9.98255128447943640,5035
4022,-18.13200000000000145,9.96526361881439726,5036
4023,-14.33399999999999963,9.94657472302615808,5037
4024,-14.31600000000000072,9.89170790669008504,5038
4025,-13.14400000000000013,9.86724202833295116,5039
4026,-12.86800000000000033,9.83531570402690392,5040
4027,-15.11599999999999966,9.80195839208375475,5041
4028,-11.38299999999999912,9.79742715226076655,5042
4029,-13.29899999999999949,9.76040221911776484,5043
4030,-12.57000000000000028,9.77108901732439605,5044
4031,-11.85100000000000087,9.77943683219533000,5045
4032,-11.00000000000000000,9.79640965112849393,5046
4033,-12.00699999999999967,9.79167260418448926,5047
4034,-11.66099999999999959,9.80521778122852616,5048
4035,-10.03899999999999970,9.81186576100560259,5049
4036,-11.00300000000000011,9.82346522128555222,5050
4037,-10.26999999999999957,9.85080282100910765,5051
4038,-11.18900000000000006,9.73835226885934269,11386
4039,-13.80400000000000027,9.43134751536843297,11387
4040,-12.98600000000000065,9.28555055136550145,11388
4041,-14.27800000000000047,9.29029389373028991,11389
4042,-15.25000000000000000,9.17617195467415492,11390
4043,-12.78299999999999947,9.08786763421198529,11391
4044,-13.96299999999999919,8.83049042308733867,11392
4045,-28.54299999999999926,8.52951606868298740,11393
4046,-31.33999999999999986,8.56841656543416974,11394
4047,-32.36800000000000210,8.56890875239294658,11395
4048,-36.35199999999999676,8.63516286901249508,11396
4049,-31.54200000000000159,8.71934681170121451,11397
4050,-23.20299999999999940,8.79919904254262697,11398
4051,-21.39099999999999824,8.76760877045428266,11399
4052,-26.98400000000000176,8.70126063776499592,11400
4053,-26.83200000000000074,8.74009897481776399,11401
4054,-24.33399999999999963,8.78695919487460664,11402
4055,-22.60500000000000043,8.79920371027979087,11403
4056,-21.32799999999999940,8.80088311476438001,11404
4057,-20.73100000000000165,8.77527328829822295,11405
4058,-20.42699999999999960,8.76658300266146817,11406
4059,-20.14499999999999957,8.76284225414872076,11407
4060,-19.56200000000000117,8.77601015782658145,11408
4061,-20.20100000000000051,8.81582913395339496,11409
4062,-18.97299999999999898,8.85266146047444913,11410
4063,-19.00799999999999912,8.83727345313873336,8371
4064,-16.15599999999999881,8.71972747592463904,8372
4065,-12.23900000000000077,8.67802930836072051,8373
4066,-12.83099999999999952,8.72766840222055151,8374
4067,-13.68999999999999950,8.86046983371929642,8375
4068,-13.93999999999999950,8.98570064600234275,8376
4069,-14.74300000000000033,9.16906405430630045,8377
4070,-16.14300000000000068,9.17932889173438404,8378
4071,-11.79700000000000060,9.18071284199064941,8379
4072,-9.33730000000000082,9.19905949683167101,8380
4073,-8.04509999999999970,9.17439834446489932,6101
4074,-11.16600000000000037,9.14668381768060890,6102
4075,-14.44899999999999984,9.19598773914603740,6102
4076,-24.04700000000000060,9.19531963151609766,6103
4077,-30.98900000000000077,9.17218897020350354,6104
4078,-28.01899999999999835,9.16004787742275184,6105
4079,-25.75900000000000034,9.23323728514897013,6106
4080,-28.78600000000000136,9.25083112727546109,6107
4081,-24.10200000000000031,9.34571572225825165,6108
4082,-26.30999999999999872,9.33355063868341794,6109
4083,-24.56800000000000139,9.38549290656628443,6110
4084,-27.82199999999999918,9.41043530007087980,6111
4085,-29.29700000000000060,9.34262403725943891,6112
4086,-32.18999999999999773,9.17458425676447575,6113
4087,-31.80300000000000082,8.80514742955232776,6114
4088,-30.62099999999999866,8.62206660459713525,6115
4089,-29.11599999999999966,8.60596467024610945,6116
4090,-26.91400000000000148,8.68135638249413866,6117
4091,-28.28200000000000003,8.80691399941640185,6118
4092,-27.55699999999999861,9.06745677975941078,6119
4093,-26.95899999999999963,9.18325150235303767,6120
4094,-24.72400000000000020,9.36535788350349918,6121
4095,-21.87800000000000011,9.39537515222606245,6122
4096,-21.55900000000000105,9.28958479677412718,6123
4097,-23.48000000000000043,9.19917928627192616,6124
4098,-24.57900000000000063,9.21622493403437737,6125
4099,-22.87999999999999901,9.31870625691731824,6126
4100,-24.70499999999999829,9.33663674222057516,6127
4101,-24.15200000000000102,9.36521609765372354,6128
4102,-24.97200000000000131,9.38992975911177474,6129
4103,-24.17299999999999827,9.39239193148678986,6130
4104,-22.35000000000000142,9.41721667724076461,6131
4105,-22.40200000000000102,9.47847292615238146,6132
4106,-21.32100000000000151,9.50259467331912155,6133
4107,-17.52599999999999980,9.53389022217808879,6134
4108,-19.62399999999999878,9.51996260800029326,6135
4109,-20.41799999999999926,9.36404938867626946,6136
4110,-12.91499999999999915,9.33583830319120800,6137
4111,-15.14499999999999957,9.26902443130302345,6138
4112,-12.43699999999999939,9.25573998324203195,6139
4113,-11.24000000000000021,9.25266088418607957,6140
4114,-11.24699999999999989,9.28592747935224061,6141
4115,-9.81290000000000084,9.33234624692511261,6142
4116,-9.86669999999999980,9.39405261084569965,6143
4117,-14.26999999999999957,9.43855181345501215,6144
4118,-13.67800000000000082,9.47876428760338996,6145
4119,-15.08699999999999974,9.47104497767764641,6146
4120,-14.88899999999999935,9.51975578151402502,6147
4121,-17.48499999999999943,9.48353919806198142,6148
4122,-14.53999999999999915,9.47989188592347354,6149
4123,-15.87400000000000055,9.48477866520296686,6150
4124,-15.56900000000000084,9.50463795996245508,6151
4125,-14.50399999999999956,9.51762781445494888,6152
4126,-17.95299999999999940,9.51943032138467871,6153
4127,-16.35099999999999909,9.51158740040922446,6154
4128,-17.91100000000000136,9.52398406321434088,6155
4129,-17.13400000000000034,9.54454804533812862,6156
4130,-17.76399999999999935,9.53356881744123719,6157
4131,-16.38800000000000168,9.60241091954018522,6158
4132,-17.55099999999999838,9.59296793239860790,6159
4133,-16.31700000000000017,9.50591839179583253,6160
4134,-17.12600000000000122,9.52390676893940302,6161
4135,-19.34700000000000131,9.83976121527193293,6162
4136,-19.15899999999999892,10.12537544670972878,6163
4137,-19.60300000000000153,10.47702400869229855,6164
4138,-21.13800000000000168,10.45227134836368066,7432
4139,-22.08800000000000097,10.09100659125270916,7433
4140,-22.49800000000000111,9.82657895073829479,7434
4141,-22.66600000000000037,9.45071167469812146,7435
4142,-23.15899999999999892,9.14191038984865934,7436
4143,-23.83399999999999963,8.91342072449979206,7437
4144,-23.96600000000000108,8.70231400225490681,7438
4145,-23.96000000000000085,8.49611641804741247,7439
4146,-25.01200000000000045,8.29482516270891601,7440
4147,-25.38800000000000168,8.12153749772790334,7441
4148,-25.60600000000000165,7.99876894075734235,7442
4149,-25.08800000000000097,7.87138861995134409,7443
4150,-24.97500000000000142,7.78021138514225008,7444
4151,-24.32199999999999918,7.70809301523096213,7445
4152,-22.82100000000000151,7.60111473001091031,7446
4153,-21.32799999999999940,7.55686210380639523,7447
4154,-18.38899999999999935,7.54335268074768095,7448
4155,-13.59500000000000064,7.54842387329194331,7449
4156,-13.99099999999999966,7.54971162165724419,7450
4157,-13.96599999999999930,7.58122287398665939,7451
4158,-18.89799999999999969,7.60307319168417362,7452
4159,-26.53600000000000136,7.59780905490374003,7453
4160,-28.50400000000000134,7.49018470616407050,7454
4161,-18.62800000000000011,7.53083306142608500,7455
4162,-18.27899999999999991,7.50337591691871264,7456
4163,-22.13700000000000045,7.42567865648666103,5177
4164,-24.59900000000000020,7.42291873838865968,5178
4165,-24.12999999999999901,7.43608192606490626,5179
4166,-23.41400000000000148,7.36298031371188433,5180
4167,-22.83800000000000097,7.34327576809974580,5181
4168,-22.35200000000000031,7.33446531805579749,5182
4169,-22.43100000000000094,7.33760543519717778,5183
4170,-23.32600000000000051,7.33373853716241708,5184
4171,-25.37999999999999901,7.34220108461630616,5185
4172,-32.08299999999999841,7.30465176931617144,5186
4173,-24.31500000000000128,7.36375115186917206,5187
4174,-21.80499999999999972,7.34188397457334752,5188
4175,-20.76300000000000168,7.34342593279316880,5189
4176,-19.63299999999999912,7.38424155868618204,5190
4177,-22.50400000000000134,7.30939493489234238,5191
4178,-15.29299999999999926,7.30842848183538507,5192
4179,-17.21900000000000119,7.32410109597541847,5193
4180,-19.37699999999999889,7.32706392963792119,5194
4181,-19.89900000000000091,7.32594824050973692,5195
4182,-20.52499999999999858,7.32584503721648517,5196
4183,-20.37999999999999901,7.33013474910523577,5197
4184,-21.97599999999999909,7.34430506902479063,5198
4185,-21.72700000000000031,7.35601974739482678,5199
4186,-21.43299999999999983,7.35528319263885333,5200
4187,-18.31099999999999994,7.35111122031507058,5201
4188,-17.58500000000000085,7.33251001618556053,5202
4189,-18.83599999999999852,7.32309547112953929,5203
4190,-16.72400000000000020,7.30840139559927326,5204
4191,-14.96100000000000030,7.28389103529165016,5205
4192,-17.09199999999999875,7.25332539876361881,5206
4193,-15.61800000000000033,7.22850633716652879,5207
4194,-16.30399999999999849,7.20870502325332474,5208
4195,-15.94400000000000084,7.18806410606567336,5209
4196,-13.80899999999999928,7.17556109232881756,5210
4197,-14.25600000000000023,7.18480480089900553,5211
4198,-10.85899999999999999,7.19182008624295221,5212
4199,-10.22000000000000064,7.20687633395753391,5213
4200,-11.11299999999999955,7.21653903290068577,5214
4201,-9.94149999999999956,7.22347480059061109,5215
4202,-12.83600000000000030,7.24425882622002248,5216
4203,-12.41099999999999959,7.23145093136842565,5217
4204,-11.67600000000000016,7.26238141134418758,5218
4205,-15.42999999999999972,7.33449144201611958,5219
4206,-16.32100000000000151,7.42687170241030881,5220
4207,-16.97800000000000153,7.44025832649642282,5221
4208,-15.41399999999999970,7.46555436747652124,5222
4209,-16.28300000000000125,7.81334138575033421,5223
4210,-15.13199999999999967,8.23427845937699310,5224
4211,-13.59900000000000020,8.71746107933419800,5225
4212,-15.17300000000000004,8.81772339443157627,5226
4213,-12.56400000000000006,8.70600292464871295,5227
4214,-12.48799999999999955,8.73819843077750136,5228
4215,-14.93599999999999994,8.77803007058396467,5229
4216,-15.83399999999999963,8.79858002353926949,5230
4217,-14.10599999999999987,8.80395470181845852,5231
4218,-14.75300000000000011,8.87234663884035868,5232
4219,-15.39300000000000068,8.95299876763219871,5233
4220,-13.96000000000000085,9.25269521138576678,5234
4221,-13.34399999999999942,9.45864782392904857,5235
4222,-14.49499999999999922,9.58147356448606580,5236
4223,-16.13599999999999923,9.60443730798470163,5237
4224,-16.03000000000000114,9.56790651682861615,5238
4225,-15.28500000000000014,9.65656037579142890,5239
4226,-13.95700000000000074,9.65187162401296916,5240
4227,-15.01600000000000001,9.67643801040136609,5241
4228,-14.72400000000000020,9.69969295765894657,5242
4229,-14.99099999999999966,9.68003467936322792,5243
4230,-14.90900000000000070,9.66430748145799079,5244
4231,-14.86500000000000021,9.66449537604855635,5245
4232,-15.37500000000000000,9.66756022192366693,5246
4233,-16.71900000000000119,9.68949252059412025,5247
4234,-15.02599999999999980,9.70849022772157966,5248
4235,-22.30399999999999849,9.83028591742512603,5249
4236,-23.12900000000000134,9.88081783103542044,5250
4237,-15.04700000000000060,10.03025345614718766,5251
4238,-14.16799999999999926,10.19965870189543189,5252
4239,-16.87000000000000099,10.45550639417068695,5253
4240,-13.15499999999999936,10.53051399861243276,5254
4241,-15.63000000000000078,10.64468080840525666,5255
4242,-14.53999999999999915,10.70292738567133561,5256
4243,-17.46000000000000085,10.71794233469271340,5257
4244,-19.99099999999999966,10.71293119627507373,5258
4245,-21.60500000000000043,10.73229783556109140,5259
4246,-22.01200000000000045,10.76276131639784239,5260
4247,-23.79299999999999926,10.75990755237787688,5261
4248,-24.60099999999999909,10.83056457255204386,5262
4249,-23.10200000000000031,10.85509297628836478,5263
4250,-24.76000000000000156,10.95034506402244823,5264
4251,-22.87999999999999901,10.98894623068564691,5265
4252,-21.86799999999999855,11.06368045672515699,5266
4253,-21.82400000000000162,11.07886006936927714,5267
4254,-22.68199999999999861,11.22063914622876268,5268
4255,-22.59499999999999886,11.32428050220274685,5269
4256,-24.39000000000000057,11.45644034292929980,5270
4257,-22.47200000000000131,11.50493735135441931,5271
4258,-23.17699999999999960,11.53688442020942340,5272
4259,-22.71900000000000119,11.64328492991008979,5273
4260,-21.03500000000000014,11.77316143567003870,5274
4261,-20.64000000000000057,11.82466456349428796,5275
4262,-21.10699999999999932,11.79173954604057961,5276
4263,-22.30600000000000094,11.78635613471785959,5277
4264,-22.02599999999999980,11.77234559474251974,5278
4265,-21.38599999999999923,11.75636407824102392,5279
4266,-23.46300000000000097,11.73031623994233108,5280
4267,-23.03900000000000148,11.72938203906024768,5281
4268,-23.63400000000000034,11.71740701318064204,5282
4269,-21.96999999999999886,11.72318547243491693,5283
4270,-19.84100000000000108,11.71810972410501073,5284
4271,-13.81000000000000050,11.71175465822867601,5285
4272,-7.69850000000000012,11.72753715046724210,5286
4273,-7.49359999999999982,11.82468773319579824,5287
4274,-9.57479999999999976,11.84517700281896602,5288
4275,-19.40899999999999892,11.94435842133137982,7569
4276,-19.68299999999999983,11.99911184469322656,7570
4277,-16.44800000000000040,11.92436899132670192,7572
4278,-17.14900000000000091,11.76730681078624841,7573
4279,-17.39399999999999835,11.57680163835858878,7574
4280,-20.48799999999999955,11.35579424727064612,7575
4281,-21.27700000000000102,11.18514271936427917,7576
4282,-21.53999999999999915,11.06639589474428043,7577
4283,-22.54700000000000060,11.02300984839319220,7578
4284,-22.09499999999999886,11.11704212575204487,7579
4285,-22.55199999999999960,11.26932542756922828,7580
4286,-22.85200000000000031,11.54393311057306448,7581
4287,-26.13299999999999912,11.94838277359781209,7582
4288,-27.13400000000000034,12.22528539923017377,12471
4289,-18.95299999999999940,12.07260877865002513,12472
4290,-14.26299999999999990,12.12227280673650220,12473
4291,-14.17999999999999972,12.16893935211441935,12474
4292,-16.96900000000000119,12.31584795619003536,12475
4293,-13.13499999999999979,12.20068857955402208,4804
4294,-15.26500000000000057,12.10868908433639923,4805
4295,-15.28800000000000026,12.06147817789894283,4806
4296,-14.88599999999999923,11.93150834826483830,4808
4297,-14.53800000000000026,11.77948219693710641,4809
4298,-17.86599999999999966,11.64814260828934245,4809
4299,-15.78100000000000058,11.62003246833679349,4810
4300,-16.36299999999999955,11.67646050274208847,4811
4301,-13.80000000000000071,11.72272562269635543,4812
4302,-15.00099999999999945,11.69157558901038918,4813
4303,-14.10200000000000031,11.69392723072672169,4814
4304,-13.88599999999999923,11.77092359810335154,4815
4305,-17.00000000000000000,11.76257745472192262,4816
4306,-16.39999999999999858,11.71452963132873926,4817
4307,-16.79100000000000037,11.67443074927576241,4818
4308,-17.94900000000000162,11.63869497206822778,4819
4309,-17.64300000000000068,11.60456885984531361,4820
4310,-18.41000000000000014,11.52271986169655626,4821
4311,-16.80300000000000082,11.45848527606855605,4822
4312,-14.16600000000000037,11.39751436970891518,4823
4313,-12.93900000000000006,11.31454097817726101,4824
4314,-14.21899999999999942,11.27212075574204064,4824
4315,-12.95400000000000063,11.25653787198484146,4825
4316,-14.81900000000000084,11.35068833403866151,4826
4317,-13.07799999999999940,11.35456985739595659,4827
4318,-15.37100000000000044,11.44793830404739943,4828
4319,-21.30399999999999849,11.65926517159038234,4829
4320,-24.57499999999999929,11.69689566327584807,4830
4321,-19.02100000000000080,11.72056790740427523,4831
4322,-17.32999999999999829,11.68426866103845363,4832
4323,-19.30900000000000105,11.69738180322348242,4833
4324,-19.03099999999999881,11.75691244141457403,4834
4325,-16.59600000000000009,11.75479140151925961,4835
4326,-20.28000000000000114,11.76855455338028378,4836
4327,-18.72100000000000009,11.73181585614763911,4837
4328,-22.53699999999999903,11.69203059199701933,4838
4329,-20.55999999999999872,11.68178629494778598,4839
4330,-19.57799999999999940,11.68045154397744056,4840
4331,-21.58800000000000097,11.67863241419499509,4841
4332,-26.36100000000000065,11.68496117427336856,4842
4333,-18.79400000000000048,11.68217114027746639,4843
4334,-26.05900000000000105,11.63875045595407443,4844
4335,-28.47599999999999909,11.59480711567309186,4845
4336,-34.80899999999999750,11.59710121016790652,4846
4337,-34.57300000000000040,11.57698799329769379,4847
4338,-34.67900000000000205,11.47289439889634011,4848
4339,-35.00399999999999778,11.29874122401995784,4849
4340,-38.83200000000000074,11.12511745214048808,4850
4341,-36.60699999999999932,10.87558257856442268,4851
4342,-38.46399999999999864,10.72668880778417311,4852
4343,-35.83599999999999852,10.70241911963971759,4853
4344,-36.98199999999999932,10.76249797087904092,4854
4345,-36.51599999999999824,11.35269233237486297,4855
4346,-36.63799999999999812,11.81882746545433882,4856
4347,-32.19100000000000250,12.04290240519367217,4857
4348,-29.66400000000000148,12.11953608181799247,4858
4349,-26.80300000000000082,12.16899251149216710,4859
4350,-22.82600000000000051,12.19273671867737008,4860
4351,-29.85500000000000043,12.21290369485622307,4861
4352,-28.15500000000000114,12.30775305483756554,4862
4353,-22.85399999999999920,12.36904593201973235,4863
4354,-20.76200000000000045,12.52657955067066808,4864
4355,-23.06800000000000139,12.53183286409922381,4865
4356,-27.91900000000000048,12.54048662515296897,4866
4357,-28.95499999999999829,12.52135123263986038,4867
4358,-27.28999999999999915,12.51530216374093563,4868
4359,-27.82100000000000151,12.56223203178287307,4869
4360,-28.15200000000000102,12.63796148185391388,4870
4361,-27.91700000000000159,12.60850978898806218,4871
4362,-23.65399999999999991,12.64109240932596911,4872
4363,-22.29899999999999949,12.65633458888903107,4873
4364,-35.15999999999999659,12.62341826964780722,4874
4365,-33.27100000000000080,12.72949235279754987,4875
4366,-26.48999999999999844,12.82417646263470346,4876
4367,-21.58599999999999852,12.81877794305637330,4878
4368,-22.51599999999999824,12.82204273975876774,4879
4369,-22.28999999999999915,12.82706198705445289,4880
4370,-19.56299999999999883,12.83986156534155754,4881
4371,-20.53000000000000114,12.83631471773895072,4882
4372,-19.30999999999999872,12.83372528766864384,4882
4373,-20.24500000000000099,12.84759885041474980,4883
4374,-16.89699999999999847,12.84193347063964907,4884
4375,-13.68999999999999950,12.80834341611743632,4885
4376,-15.80300000000000082,12.77314417117385581,4886
4377,-18.92500000000000071,12.75403091413436307,4887
4378,-17.37300000000000111,12.71691485655469123,4888
4379,-18.42500000000000071,12.66962822027430846,4889
4380,-18.87399999999999878,12.59864716847007315,4890
4381,-18.84400000000000119,12.59422880482120100,4891
4382,-18.07199999999999918,12.44286650413550355,4892
4383,-15.67300000000000004,12.24525848778318426,4893
4384,-17.21699999999999875,12.24259151593523676,4894
4385,-17.40899999999999892,12.24304106896442157,4895
4386,-16.15099999999999980,12.24354439601703071,4896
4387,-16.81099999999999994,12.26490174913246278,4897
4388,-16.20599999999999952,12.27716088655011362,4898
4389,-14.04299999999999926,12.29003422847732985,4899
4390,-12.51800000000000068,12.33863131297727378,4900
4391,-8.80489999999999995,12.43772616934721853,4901
4392,-8.08799999999999919,12.57203396490257497,4902
4393,-7.60240000000000027,12.62289187037212557,4903
4394,-6.87260000000000026,12.70249632184243005,4904
4395,-13.35800000000000054,12.83091450268093325,4905
4396,-16.11899999999999977,12.91928856361440836,4906
4397,-16.55699999999999861,12.99894497953798655,4907
4398,-15.97000000000000064,13.03875820463846935,4908
4399,-14.22199999999999953,13.10495065915531221,4909
4400,-15.97400000000000020,13.18751715999250784,4910
4401,-13.04499999999999993,13.23799409773797997,4911
4402,-11.06300000000000061,13.31068391798140738,4912
4403,-9.25569999999999915,13.40044307147356584,4913
4404,-8.11129999999999995,13.49277615991268142,4914
4405,-7.50980000000000025,13.58768515039402303,4915
4406,-12.57600000000000051,13.68751450241236967,4916
4407,-19.50799999999999912,13.77422962758317126,4917
4408,-27.03800000000000026,13.82309350221008692,4918
4409,-29.26599999999999824,13.74412565844403922,4919
4410,-33.52400000000000091,13.69418858938166927,4920
4411,-34.11599999999999966,13.76623112664243997,4921
4412,-35.20600000000000307,13.82847359477778859,4922
4413,-26.22800000000000153,13.96829313501307901,4923
4414,-19.61499999999999844,14.02245229983706842,663
4415,-18.58299999999999841,13.96444794689842439,664
4416,-21.96900000000000119,13.91835427364128641,4926
4417,-18.00900000000000034,13.85643390692697174,4927
4418,-17.02100000000000080,13.81458129016055736,4928
4419,-11.36100000000000065,13.74992441624348594,4929
4420,-11.96199999999999974,13.57332072856895344,4930
4421,-11.19500000000000028,13.41464638471664195,4931
4422,-12.59299999999999997,13.25406510237739433,4932
4423,-12.86299999999999955,13.05902682319239538,4933
4424,-12.24900000000000055,12.96366370837647608,4934
4425,-25.85099999999999909,12.94602501498239633,4935
4426,-23.68700000000000117,12.90879515901398022,4936
4427,-14.74000000000000021,12.88566311124053065,4937
4428,-17.52199999999999847,12.86309305522517477,4938
4429,-21.63400000000000034,12.84612693569136432,4939
4430,-25.41600000000000037,12.80854536950858957,4940
4431,-26.23699999999999832,12.74346512208444615,4941
4432,-24.97200000000000131,12.65088865006150520,4942
4433,-24.64999999999999858,12.61329871785369150,4943
4434,-25.54599999999999937,12.77162898978294869,4944
4435,-23.59799999999999898,12.84825140295446744,4945
4436,-26.26099999999999923,12.91252762880713512,4946
4437,-24.42299999999999827,12.94678107037286274,4947
4438,-25.92200000000000060,13.04670581693195608,4948
4439,-24.46300000000000097,13.13038431834917574,4949
4440,-25.29299999999999926,13.21149767526290297,4950
4441,-24.35500000000000043,13.30273341526372377,4951
4442,-23.47400000000000020,13.45303677509776286,4952
4443,-23.90599999999999881,13.56115021184279001,4953
4444,-24.52599999999999980,13.63877968249081540,4954
4445,-25.49800000000000111,13.65069911206242814,4955
4446,-24.58800000000000097,13.64561757084739568,4956
4447,-25.76800000000000068,13.71179898813680786,4957
4448,-23.23499999999999943,13.77598085389842453,4958
4449,-25.47500000000000142,13.78474580862402199,4959
4450,-23.33099999999999952,13.80268234473104272,4960
4451,-23.91000000000000014,13.80630934676280397,4961
4452,-21.86299999999999955,13.83117966130030574,4962
4453,-24.73799999999999955,13.95335945864310112,4963
4454,-22.96300000000000097,13.97562728238530028,4964
4455,-21.92599999999999838,13.97740744069593433,4965
4456,-19.13299999999999912,13.97210187489105593,4966
4457,-23.60900000000000176,13.97713814590294135,4967
4458,-19.60900000000000176,13.96850772512611449,4968
4459,-23.49500000000000099,13.99192188504721379,4969
4460,-20.72200000000000131,14.03205373195661920,4970
4461,-15.55400000000000027,14.06953992016062571,4971
4462,-14.73799999999999955,14.06910517866891652,4972
4463,-14.81700000000000017,14.13365935348728719,4973
4464,-16.01200000000000045,14.20583029037404899,4974
4465,-13.91099999999999959,14.25687410884086859,4975
4466,-17.62699999999999889,14.31607511470893002,4976
4467,-16.27599999999999980,14.43617094711331283,4977
4468,-17.22400000000000020,14.47359981521290173,4978
4469,-17.31599999999999895,14.58917873724959335,4979
4470,-16.94200000000000017,14.62644828869726688,1468
4471,-16.35300000000000153,14.49825199897933992,1469
4472,-20.01800000000000068,14.40692219645774586,1470
4473,-25.44800000000000040,14.48220091415308275,1471
4474,-30.81599999999999895,14.35716218052799675,938
4475,-31.46799999999999997,14.43965747824507417,939
4476,-34.62899999999999778,14.52462848647518356,940
4477,-38.56099999999999994,14.59550023827650556,941
4478,-38.54899999999999949,14.60564325021890930,942
4479,-39.65100000000000335,14.67447891102327162,943
4480,-38.46200000000000330,14.83462921339861396,944
4481,-35.02799999999999869,14.60435557243354587,5570
4482,-29.33299999999999841,14.42188025915283234,5571
4483,-22.61299999999999955,14.34877626590522759,5572
4484,-18.69399999999999906,14.32238639281579040,5573
4485,-15.58799999999999919,14.34472402131794055,5574
4486,-12.89300000000000068,14.33087755674551111,5575
4487,-10.17500000000000071,14.38409509640869466,5576
4488,-9.05339999999999989,14.42279571054344345,5577
4489,-26.26500000000000057,14.39902156475263695,5578
4490,-14.33200000000000074,14.36617766378719807,5579
4491,-3.45160000000000000,14.39433119020850604,5580
4492,-8.17800000000000082,14.44092498592623031,5581
4493,-10.66000000000000014,14.51112104448126239,5582
4494,-12.87899999999999956,14.55504167402852822,958
4495,-13.01299999999999990,14.49038903834238035,959
4496,-14.17099999999999937,14.41587927249625700,960
4497,-14.74600000000000044,14.32922890554058704,961
4498,-17.50799999999999912,14.25007362488487672,962
4499,-23.41700000000000159,14.22817354898791109,963
4500,-23.02499999999999858,14.23854084686397670,964
4501,-15.26999999999999957,14.24667271688541881,965
4502,-13.76999999999999957,14.22014520797120873,966
4503,-14.64700000000000024,14.14834947775846885,967
4504,-22.26699999999999946,14.10511846715136564,968
4505,-31.37000000000000099,14.10445819266986334,969
4506,-32.78900000000000148,14.13148006275884683,970
4507,-30.09299999999999997,14.15938877845366584,971
4508,-28.20799999999999841,14.18547595035673758,972
4509,-33.11500000000000199,14.18951824630279823,973
4510,-31.70400000000000063,14.15506164106523812,974
4511,-29.81599999999999895,14.07569753327884676,975
4512,-33.01299999999999812,13.99493070521781668,976
4513,-31.47599999999999909,13.76273306372492122,977
4514,-32.27600000000000335,13.62784893899346983,978
4515,-30.35300000000000153,13.57466886055076039,979
4516,-23.71900000000000119,13.66822480793635286,980
4517,-11.87700000000000067,13.71225891444793632,981
4518,-8.94190000000000040,13.78934335357961416,982
4519,-11.39300000000000068,13.72387043801135675,983
4520,-23.23600000000000065,13.66105323198156718,984
4521,-30.53500000000000014,13.69866968927020068,985
4522,-21.93599999999999994,13.79755531067169017,986
4523,-33.05599999999999739,13.85702794763861689,987
4524,-27.55900000000000105,13.90512065581774337,988
4525,-22.20799999999999841,13.89176829093853094,989
4526,-20.51500000000000057,13.91230470120845553,990
4527,-19.42299999999999827,13.95256935972146728,991
4528,-19.76699999999999946,13.98508768395472934,992
4529,-20.14499999999999957,14.04116534619848444,993
4530,-19.60399999999999920,14.11041546279737879,994
4531,-21.01899999999999835,14.15561054008952979,995
4532,-19.41700000000000159,14.23120686999080853,996
4533,-21.14199999999999946,14.30069073504558119,997
4534,-18.67800000000000082,14.27162740118255080,998
4535,-16.57700000000000173,14.34753784301678969,999
4536,-14.55700000000000038,14.39597618254398093,1000
4537,-15.37599999999999945,14.42997801616314568,1001
4538,-14.31099999999999994,14.50061252582271543,1002
4539,-15.38000000000000078,14.54895703070831026,1003
4540,-14.36700000000000088,14.58803048971140726,1004
4541,-13.08500000000000085,14.64230182442289951,1005
4542,-13.07199999999999918,14.70874866063478059,1006
4543,-16.92699999999999960,14.76354816947411663,1007
4544,-40.07699999999999818,14.78052690550509318,1008
4545,-42.13199999999999790,15.07806346488746918,9727
4546,-36.08299999999999841,15.36681253039313866,9728
4547,-20.86299999999999955,15.41434728419258704,17398
4548,-19.77199999999999847,15.35195923509515481,17399
4549,-21.89499999999999957,15.34268482708399262,17400
4550,-20.22299999999999898,15.29753625670665862,17401
4551,-18.63599999999999923,15.30967260920298045,17402
4552,-20.62800000000000011,15.43746673247904333,17403
4553,-35.29899999999999949,15.44105553801414032,13777
4554,-23.57400000000000162,15.30108203346421192,17405
4555,-23.05099999999999838,15.29199637492302344,17406
4556,-22.63800000000000168,15.27348967364154930,17407
4557,-23.80300000000000082,15.27767542397218925,17408
4558,-23.94000000000000128,15.24983593928576298,13782
4559,-27.21399999999999864,15.18451655721204219,13783
4560,-25.58299999999999841,15.03903461006160391,17411
4561,-27.40200000000000102,14.89077173449487113,17412
4562,-27.16300000000000026,14.89801351417765396,17413
4563,-27.59600000000000009,14.81853710392523382,17414
4564,-25.68299999999999983,14.61859053903218175,17415
4565,-24.20700000000000074,14.56739692146802767,17416
4566,-23.62500000000000000,14.53481213072929101,17417
4567,-23.03399999999999892,14.47948943123560461,17418
4568,-22.84799999999999898,14.45757976855518656,17419
4569,-21.90099999999999980,14.49087902013502038,17420
4570,-19.80300000000000082,14.60115636428590413,17421
4571,-18.91600000000000037,14.74397250019182692,17422
4572,-19.98699999999999832,14.79182024626956604,8086
4573,-17.34400000000000119,14.73558501248634300,8087
4574,-13.90700000000000003,14.93534152181123353,98
4575,-13.13599999999999923,14.76829314221726364,8089
4576,-14.71400000000000041,14.68668926927653651,100
4577,-13.66000000000000014,14.67313585698798306,101
4578,-11.72300000000000075,14.61784679798769027,102
4579,-9.14729999999999954,14.61225451479981707,103
4580,-17.59799999999999898,14.41073996718892580,104
4581,-40.79299999999999926,14.37810921552089383,105
4582,-45.25699999999999790,14.37745867327460658,106
4583,-25.84199999999999875,14.32920072712997950,106
4584,-31.70100000000000051,14.36516170244274626,107
4585,-24.52799999999999869,14.41707615724494929,108
4586,-19.82700000000000173,14.46829939232084428,109
4587,-22.72800000000000153,14.45050802719906002,110
4588,-22.38800000000000168,14.47207355488748526,111
4589,-21.10000000000000142,14.47718052915692510,112
4590,-19.75900000000000034,14.47247359941628453,113
4591,-17.86899999999999977,14.44400050835466587,114
4592,-22.29400000000000048,14.36779721578235147,115
4593,-19.02599999999999980,14.37607528129372625,116
4594,-18.84499999999999886,14.34687554015102151,117
4595,-19.05499999999999972,14.35407210070368400,118
4596,-19.05199999999999960,14.37841789897479039,119
4597,-20.24800000000000111,14.36605431443922321,120
4598,-19.16900000000000048,14.37283281854904260,121
4599,-17.31200000000000117,14.45593296302159381,121
4600,-16.15899999999999892,14.46402861460595091,11984
4601,-16.08899999999999864,14.42821088766719662,11985
4602,-16.85600000000000165,14.41234261159921282,11986
4603,-17.02400000000000091,14.60538004518221022,11987
4604,-19.08699999999999974,14.67088986353577695,126
4605,-18.70599999999999952,14.65022427463831889,127
4606,-16.83299999999999841,14.64011956642603351,128
4607,-15.70299999999999940,14.62805443465543220,129
4608,-16.82600000000000051,14.62822536733239964,130
4609,-17.32600000000000051,14.61962298135381033,131
4610,-17.05300000000000082,14.59648746676919195,132
4611,-14.85999999999999943,14.60236005778615542,133
4612,-14.45899999999999963,14.66975302221660016,134
4613,-14.38299999999999912,14.70341282804106875,135
4614,-13.16399999999999970,14.73340583155475159,136
4615,-25.79700000000000060,14.77619517220204592,138
4616,-19.13100000000000023,14.67850344860877421,139
4617,-18.77199999999999847,14.66855175096859654,140
4618,-12.71199999999999974,14.65557769369369900,141
4619,-6.74760000000000026,14.69533830355132586,142
4620,-10.07300000000000040,14.76253560307776347,143
4621,-8.73399999999999999,14.83595905026337114,144
4622,-11.07199999999999918,14.90413827153420456,145
4623,-14.16699999999999982,14.96709498837077668,146
4624,-16.58200000000000074,15.00746900985306809,147
4625,-17.67099999999999937,15.01670100619009851,16253
4626,-17.19399999999999906,15.01872230984931988,16254
4627,-16.21499999999999986,14.99855228370824989,16255
4628,-14.60599999999999987,14.98369914768631617,16256
4629,-11.35999999999999943,14.97127409507562135,16257
4630,-13.74000000000000021,14.94774480197726518,16258
4631,-14.22400000000000020,14.96326546243806277,16259
4632,-18.49800000000000111,15.07084543491839845,16260
4633,-29.08200000000000074,15.11996448444402930,156
4634,-24.56200000000000117,15.13638841349209940,157
4635,-23.04899999999999949,15.20253499431375666,158
4636,-22.04799999999999827,15.29107953495180716,158
4637,-26.38500000000000156,15.39336460832567255,158
4638,-25.69500000000000028,15.35284329459874186,159
4639,-26.46699999999999875,15.27922985942212364,4974
4640,-27.18100000000000094,15.27693110604897697,4975
4641,-30.46699999999999875,15.23261064901785389,4976
4642,-28.79500000000000171,15.16644451851701092,4977
4643,-26.52499999999999858,15.06890545047591701,4978
4644,-19.88299999999999912,14.98280265128929756,4979
4645,-11.11700000000000088,14.87884346238702094,4980
4646,-7.61289999999999978,14.84632973145361312,4981
4647,-7.17149999999999999,14.83210394619455919,4982
4648,-12.85599999999999987,14.75237494533105753,4983
4649,-23.52899999999999991,14.68416742231337757,4984
4650,-24.55799999999999983,14.72958438669206593,4985
4651,-28.65099999999999980,14.84116429360591383,4986
4652,-39.58899999999999864,14.97251207279361296,4987
4653,-28.01500000000000057,14.95391516788055952,5148
4654,-18.69900000000000162,14.61958431381653689,5149
4655,-19.54700000000000060,14.45110588404425656,5150
4656,-21.41000000000000014,14.26245879528178584,5151
4657,-24.98600000000000065,14.04230987967559408,5152
4658,-24.44699999999999918,13.72128369302371453,5153
4659,-23.76300000000000168,13.45667278203522343,5154
4660,-24.86499999999999844,13.24802805950564810,5155
4661,-22.32700000000000173,13.04501640010209407,5156
4662,-20.36100000000000065,12.97013386325322237,5157
4663,-21.21099999999999852,12.93472443867849364,5158
4664,-20.11499999999999844,12.92772934614734659,5159
4665,-19.46099999999999852,12.98467301042425781,5160
4666,-14.71700000000000053,13.01237980744429734,5161
4667,-18.08500000000000085,13.07735437452623373,5162
4668,-11.02299999999999969,13.11870918302797762,5163
4669,-7.95420000000000016,13.07492166939705491,5164
4670,-6.05290000000000017,13.05787817773757453,5165
4671,-8.40620000000000012,13.11757581966966768,5166
4672,-8.77599999999999980,13.07964681113625360,5166
4673,-9.98809999999999931,13.05733402338116633,5167
4674,-12.30599999999999916,13.10594725931510141,5168
4675,-13.71299999999999919,13.15627102864319475,5169
4676,-18.30000000000000071,13.13972181868171951,5170
4677,-13.77599999999999980,13.16261738221436239,5171
4678,-27.15299999999999869,13.02647870742647918,5173
4679,-30.08299999999999841,13.07921956380920392,5174
4680,-19.63400000000000034,13.20013795668896783,5175
4681,-22.49399999999999977,13.17377377119702508,5176
4682,-21.54799999999999827,13.16583783829563892,5177
4683,-22.39999999999999858,13.17026788292799999,5178
4684,-19.79400000000000048,13.23674082581173650,5179
4685,-25.91700000000000159,13.30577651956065566,5180
4686,-16.36700000000000088,13.42256075497072842,5181
4687,-15.79299999999999926,13.39880138481305671,5182
4688,-19.64999999999999858,13.40487030385624045,5183
4689,-23.07700000000000173,13.44547900408568708,5184
4690,-20.74500000000000099,13.46664775499411171,5185
4691,-23.65299999999999869,13.40200302364741702,5186
4692,-22.58699999999999974,13.43710895511011039,5187
4693,-23.26599999999999824,13.44436508268143449,5188
4694,-22.05499999999999972,13.44502535414360445,5189
4695,-20.98499999999999943,13.45031144731782469,5190
4696,-21.13299999999999912,13.43499488546992993,5191
4697,-19.47800000000000153,13.44032408749065866,5192
4698,-23.24699999999999989,13.44509080750272823,5193
4699,-22.23199999999999932,13.44254397437538451,5194
4700,-21.87699999999999889,13.43542050635622864,8486
4701,-21.51899999999999835,13.37328286931854215,8487
4702,-21.48900000000000077,13.30714077562146436,8488
4703,-21.00000000000000000,13.26968000634596123,8489
4704,-20.80699999999999861,13.24637861097909663,8490
4705,-19.54100000000000037,13.18586481267507793,8491
4706,-17.30600000000000094,13.12426827492710402,8492
4707,-14.40199999999999925,13.07118100882192557,8493
4708,-13.88799999999999990,13.01541797014546020,8494
4709,-12.02599999999999980,12.94867272009166825,8495
4710,-18.47700000000000031,12.84677581765922127,8496
4711,-19.39699999999999847,12.78882467479030183,8497
4712,-9.08590000000000053,12.72778000347834393,8498
4713,-13.66399999999999970,12.64573545395640330,8499
4714,-10.56099999999999994,12.59405671997647147,8500
4715,-12.06499999999999950,12.55285303296073529,8501
4716,-28.97100000000000009,12.48938081172488879,8502
4717,-33.53499999999999659,12.25850835979757747,8503
4718,-22.02199999999999847,11.88601607275669991,8504
4719,-12.55899999999999928,11.79206956039953802,8505
4720,-11.37700000000000067,11.81166431130735539,8506
4721,-9.09019999999999939,12.00553244206934522,8507
4722,-12.27599999999999980,12.13184306438403759,8508
4723,-17.03600000000000136,12.28439181037973604,8509
4724,-21.39399999999999835,12.44466770354398477,8510
4725,-19.32300000000000040,12.42680454287157055,8511
4726,-19.79899999999999949,12.42514119550806306,8512
4727,-20.40599999999999881,12.42801397157136734,8513
4728,-20.18499999999999872,12.48393832408121362,8514
4729,-17.96999999999999886,12.48887471164029428,8515
4730,-19.58500000000000085,12.54712034653906727,8516
4731,-17.84700000000000131,12.62677165770420906,8517
4732,-19.83200000000000074,12.63289282584428896,8518
4733,-21.76899999999999835,12.59720816957524647,8519
4734,-18.17599999999999838,12.58923250404785854,8520
4735,-17.26200000000000045,12.62991123854699715,8521
4736,-18.49299999999999855,12.71830620931340228,8522
4737,-13.92200000000000060,12.71680457803906350,8523
4738,-15.57699999999999996,12.74563688338490586,8524
4739,-16.16400000000000148,12.76366830109450845,8525
4740,-15.42300000000000004,12.85075511735795395,8526
4741,-15.91900000000000048,13.07509387353342056,8527
4742,-31.57100000000000151,13.37939544561077021,8528
4743,-25.05099999999999838,13.43851625528748173,8529
4744,-12.99699999999999989,13.45726863685557717,8530
4745,-17.62099999999999866,13.50016257803974717,2957
4746,-13.67099999999999937,13.50339902537177572,2958
4747,-10.80199999999999960,13.59353172434137491,2958
4748,-2.10570000000000013,13.47772648348841251,4997
4749,-4.82549999999999990,13.36932138121409430,4998
4750,-6.48099999999999987,13.24453437844393022,3812
4751,-10.31700000000000017,13.16525879130775145,3813
4752,-9.66479999999999961,13.18260696443052638,3814
4753,-11.85399999999999920,13.23150727157463891,3815
4754,-14.31700000000000017,13.25751811209158859,3816
4755,-18.60900000000000176,13.29892025649141729,3817
4756,-14.59099999999999930,13.30078233149291123,3818
4757,-15.82600000000000051,13.33203098918788143,3819
4758,-13.94999999999999929,13.36099709221837273,3820
4759,-14.15900000000000070,13.40903054260031624,3821
4760,-11.48900000000000077,13.46191509718391721,3822
4761,-12.55100000000000016,13.53981395947207034,4246
4762,-21.27400000000000091,13.48404455260660484,4247
4763,-24.77499999999999858,13.47686778216647596,4248
4764,-29.70400000000000063,13.48670884296136663,4249
4765,-27.31599999999999895,13.46965543625069550,4250
4766,-26.94800000000000040,13.51580465630186190,4251
4767,-27.18900000000000006,13.56882702186655365,4253
4768,-29.13599999999999923,13.59062776880814027,4253
4769,-30.28699999999999903,13.61128338857271913,4254
4770,-31.63299999999999912,13.58850661684921945,4255
4771,-31.87600000000000122,13.53514633187427663,17927
4772,-25.91100000000000136,13.54999546998510596,4257
4773,-15.28599999999999959,13.59537912686845473,4258
4774,-32.67900000000000205,13.56160291600111734,4259
4775,-25.49299999999999855,13.56534140734273564,4261
4776,-20.18700000000000117,13.52561755386039799,4262
4777,-22.85500000000000043,13.50350552220949218,4263
4778,-20.24800000000000111,13.48305976930734218,4264
4779,-29.66300000000000026,13.46825165651725165,4265
4780,-23.64900000000000091,13.40970043991577576,4266
4781,-18.04100000000000037,13.40879549982699537,4267
4782,-18.96300000000000097,13.37912864856200201,4268
4783,-20.98199999999999932,13.38135973837850479,4269
4784,-21.21300000000000097,13.45113482222355117,4270
4785,-20.07900000000000063,13.45079472091935813,3847
4786,-20.30000000000000071,13.23729722262417674,3848
4787,-19.95899999999999963,12.93853114914253055,3849
4788,-21.38599999999999923,12.70688183148606853,3850
4789,-20.50600000000000023,12.75658140884593195,3851
4790,-19.94800000000000040,12.75521741732551284,8084
4791,-20.14000000000000057,12.45287052138744599,8085
4792,-20.50700000000000145,12.30562416954258609,8086
4793,-17.20400000000000063,12.45857180580539314,8087
4794,-13.36700000000000088,12.65844211825489829,3856
4795,-11.95199999999999996,12.63326054362858386,3857
4796,-14.44299999999999962,12.58298287992026587,3858
4797,-13.82699999999999996,12.48261415233220717,3859
4798,-13.03999999999999915,12.42510286347810045,3860
4799,-11.28899999999999970,12.41613088594717951,3861
4800,-11.05199999999999960,12.48719781464953726,3862
4801,-13.00500000000000078,12.55923070200272207,3863
4802,-32.00000000000000000,12.62933530254147563,3864
4803,-33.38900000000000290,12.45275609776074788,4292
4804,-21.19900000000000162,12.20068857955402208,4293
4805,-18.73199999999999932,12.10868908433639923,4294
4806,-23.95100000000000051,12.06147817789894283,4295
4807,-28.87399999999999878,11.96781486638091430,4296
4808,-27.96300000000000097,11.80201731333741044,4297
4809,-24.11199999999999832,11.64814260828934245,4298
4810,-18.14799999999999969,11.62003246833679349,4299
4811,-14.51800000000000068,11.67646050274208847,4300
4812,-18.43299999999999983,11.72272562269635543,4301
4813,-19.49699999999999989,11.69157558901038918,4302
4814,-21.06599999999999895,11.69392723072672169,4303
4815,-20.44099999999999895,11.77092359810335154,4304
4816,-17.67399999999999949,11.76257745472192262,4305
4817,-18.76599999999999824,11.71177804535789946,4307
4818,-18.81299999999999883,11.67443074927576241,4307
4819,-20.22599999999999909,11.63869497206822778,4308
4820,-22.82600000000000051,11.59299268384789805,4310
4821,-21.99699999999999989,11.52271986169655626,4310
4822,-21.93700000000000117,11.45848527606855605,4311
4823,-21.01200000000000045,11.36167402061556864,4313
4824,-23.25499999999999901,11.27212075574204064,4314
4825,-23.76000000000000156,11.25653787198484146,4315
4826,-22.73699999999999832,11.35068833403866151,4316
4827,-21.25199999999999889,11.35456985739595659,4317
4828,-21.89399999999999835,11.44793830404739943,4318
4829,-20.13800000000000168,11.62432099868546942,4318
4830,-19.03099999999999881,11.66779233761221768,4319
4831,-16.58399999999999963,11.72056790740427523,4321
4832,-13.75000000000000000,11.68426866103845363,4322
4833,-11.63599999999999923,11.69738180322348242,4323
4834,-8.90559999999999974,11.75691244141457403,4324
4835,-8.69139999999999979,11.75479140151925961,4325
4836,-8.97959999999999958,11.76855455338028378,4326
4837,-25.39199999999999946,11.73181585614763911,4327
4838,-24.94000000000000128,11.69203059199701933,4328
4839,-16.73600000000000065,11.68178629494778598,4329
4840,-19.06400000000000006,11.68045154397744056,4330
4841,-18.46900000000000119,11.67863241419499509,4331
4842,-22.31099999999999994,11.68496117427336856,4332
4843,-27.52400000000000091,11.68217114027746639,4333
4844,-36.14600000000000080,11.63875045595407443,4334
4845,-32.60600000000000165,11.59480711567309186,4335
4846,-25.20400000000000063,11.59710121016790652,4336
4847,-19.70599999999999952,11.57698799329769379,4337
4848,-16.90599999999999881,11.47289439889634011,4338
4849,-17.22299999999999898,11.29874122401995784,4339
4850,-17.62900000000000134,11.12511745214048808,4340
4851,-20.29299999999999926,10.87558257856442268,4341
4852,-27.20100000000000051,10.72668880778417311,4342
4853,-31.16499999999999915,10.70241911963971759,4343
4854,-31.53500000000000014,10.76249797087904092,4344
4855,-32.03699999999999903,11.13716772121334664,4344
4856,-30.86899999999999977,11.56209291049422028,4345
4857,-33.24199999999999733,11.91110635888260205,4346
4858,-31.59400000000000119,12.11953608181799247,4348
4859,-29.41499999999999915,12.16899251149216710,4349
4860,-29.53500000000000014,12.19273671867737008,4350
4861,-27.55000000000000071,12.21290369485622307,4351
4862,-25.95499999999999829,12.30775305483756554,4352
4863,-24.07600000000000051,12.36904593201973235,4353
4864,-20.91799999999999926,12.45805911969597979,4353
4865,-20.69300000000000139,12.53183286409922381,4355
4866,-18.32799999999999940,12.54048662515296897,4356
4867,-19.75199999999999889,12.52135123263986038,4357
4868,-28.65899999999999892,12.51530216374093563,4358
4869,-25.66400000000000148,12.56223203178287307,4359
4870,-18.09299999999999997,12.63796148185391388,4360
4871,-25.40099999999999980,12.60850978898806218,4361
4872,-28.19900000000000162,12.64109240932596911,4362
4873,-33.49799999999999756,12.65633458888903107,4363
4874,-30.00199999999999889,12.51725562016961746,3937
4875,-29.71999999999999886,12.40342851116727907,3938
4876,-21.14900000000000091,12.29953342636074964,3938
4877,-17.76599999999999824,12.29009709758155822,3939
4878,-22.13899999999999935,12.31082333893008318,3940
4879,-19.55799999999999983,12.28993076174747046,3941
4880,-22.39999999999999858,12.29543239999067872,3942
4881,-21.75700000000000145,12.30734995140154986,3943
4882,-20.21900000000000119,12.36071783020795500,3944
4883,-19.16300000000000026,12.46901208522369764,3945
4884,-17.14600000000000080,12.60132582216941266,3946
4885,-15.78400000000000070,12.74784311409374915,3947
4886,-15.14100000000000001,12.77314417117385581,4376
4887,-15.98900000000000077,12.75403091413436307,4377
4888,-14.71000000000000085,12.71691485655469123,4378
4889,-16.77599999999999980,12.66962822027430846,4379
4890,-15.41099999999999959,12.59864716847007315,4380
4891,-15.68200000000000038,12.59422880482120100,4381
4892,-15.44899999999999984,12.44286650413550355,4382
4893,-15.89000000000000057,12.24525848778318426,4383
4894,-15.77399999999999913,12.24259151593523676,4384
4895,-14.96100000000000030,12.24304106896442157,4385
4896,-13.92500000000000071,12.24354439601703071,4386
4897,-14.67099999999999937,12.26490174913246278,4387
4898,-14.17600000000000016,12.27716088655011362,4388
4899,-12.60699999999999932,12.29003422847732985,4389
4900,-12.15199999999999925,12.33863131297727378,4390
4901,-11.19100000000000072,12.43772616934721853,4391
4902,-13.65700000000000003,12.57203396490257497,4392
4903,-15.29400000000000048,12.62289187037212557,4393
4904,-10.47100000000000009,12.70249632184243005,4394
4905,-11.71000000000000085,12.83091450268093325,4395
4906,-11.01200000000000045,12.91928856361440836,4396
4907,-11.18900000000000006,12.99894497953798655,4397
4908,-9.31370000000000076,13.03875820463846935,4398
4909,-9.10069999999999979,13.10495065915531221,4399
4910,-9.41290000000000049,13.18751715999250784,4400
4911,-10.79299999999999926,13.23799409773797997,4401
4912,-11.66699999999999982,13.31068391798140738,4402
4913,-10.51800000000000068,13.40044307147356584,4403
4914,-9.95480000000000054,13.34173238627824887,10676
4915,-9.50459999999999994,13.24070297778973604,10677
4916,-9.97489999999999988,13.08480800530499621,10678
4917,-9.44319999999999915,12.95609163887116111,10679
4918,-11.01500000000000057,12.87682888827630201,10680
4919,-14.88599999999999923,12.79691080193195418,10681
4920,-28.44900000000000162,12.77297310786019580,10682
4921,-26.48499999999999943,12.78510158766143689,10683
4922,-26.50000000000000000,12.81815721309303591,10684
4923,-29.91000000000000014,12.78472528818939757,10685
4924,-30.33800000000000097,12.76425434660433744,10686
4925,-32.90500000000000114,12.84780870799702157,10687
4926,-34.61200000000000188,12.96616782438785798,10688
4927,-25.87699999999999889,13.08277333073602122,10689
4928,-18.91199999999999903,13.22887806333955041,10690
4929,-21.91600000000000037,13.39317792810784091,10691
4930,-22.53900000000000148,13.50264131953818136,10692
4931,-22.02599999999999980,13.41464638471664195,4421
4932,-27.09100000000000108,13.25406510237739433,4422
4933,-21.43700000000000117,13.05902682319239538,4423
4934,-16.85399999999999920,12.96366370837647608,4424
4935,-16.53699999999999903,12.94602501498239633,4425
4936,-17.48000000000000043,12.90879515901398022,4426
4937,-17.53000000000000114,12.88566311124053065,4427
4938,-15.86899999999999977,12.86309305522517477,4428
4939,-16.52499999999999858,12.84612693569136432,4429
4940,-15.83500000000000085,12.80854536950858957,4430
4941,-13.95599999999999952,12.74346512208444615,4431
4942,-15.11899999999999977,12.65088865006150520,4432
4943,-21.04400000000000048,12.61329871785369150,4433
4944,-19.96499999999999986,12.77162898978294869,4434
4945,-20.73499999999999943,12.84825140295446744,4435
4946,-20.70899999999999963,12.91252762880713512,4436
4947,-21.10200000000000031,12.94678107037286274,4437
4948,-22.10399999999999920,13.04670581693195608,4438
4949,-21.18400000000000105,13.13038431834917574,4439
4950,-22.09600000000000009,13.21149767526290297,4440
4951,-22.72100000000000009,13.24000211379335923,3761
4952,-21.77799999999999869,13.21218084878000454,3762
4953,-24.44999999999999929,13.18023919068691718,3763
4954,-23.49099999999999966,13.16694910457531087,3764
4955,-23.61799999999999855,13.14832034561505125,3765
4956,-23.69099999999999895,13.09883573933955070,3766
4957,-23.94399999999999906,13.18950282919443140,3766
4958,-24.26300000000000168,13.26447212282964294,3767
4959,-23.78500000000000014,13.33471026379065094,3768
4960,-23.44200000000000017,13.38546871742748756,10722
4961,-22.84299999999999997,13.34444761312961703,12375
4962,-22.96399999999999864,13.30300518592236259,12376
4963,-22.07000000000000028,13.26013875345046245,12376
4964,-23.50900000000000034,13.24089636853545393,12377
4965,-16.43900000000000006,13.19204252745849359,12378
4966,-14.44800000000000040,13.11208580216691111,409
4967,-14.47000000000000064,12.88084155566848210,410
4968,-16.21499999999999986,12.69591952828184311,411
4969,-22.54799999999999827,12.56117823040130510,411
4970,-21.95700000000000074,12.54574640429768273,412
4971,-16.80399999999999849,12.52918289170384192,413
4972,-14.67999999999999972,12.50667992393214689,414
4973,-15.70700000000000074,12.62047078186039428,415
4974,-14.60399999999999920,12.82195041126551871,416
4975,-14.71100000000000030,12.99810396859490602,417
4976,-15.39300000000000068,13.13323861401714154,418
4977,-15.10500000000000043,13.22204960724210565,11392
4978,-16.01200000000000045,13.10604341148651564,11393
4979,-15.93699999999999939,13.01528023016516222,11394
4980,-15.36800000000000033,12.96488563699735508,11395
4981,-14.29499999999999993,12.80673804859436871,11396
4982,-20.82000000000000028,12.60604446854134331,11397
4983,-26.59799999999999898,12.52873023939336683,11398
4984,-31.87800000000000011,12.54712700926367930,11399
4985,-33.23599999999999710,12.61813489334247862,11400
4986,-37.52000000000000313,12.66811448130275153,11401
4987,-39.27100000000000080,12.70641217646724641,11402
4988,-41.63300000000000267,12.66359763163386987,1947
4989,-45.03399999999999892,12.14453142658792473,1948
4990,-44.42300000000000182,11.60112615780197665,1949
4991,-34.74300000000000210,10.87834127303671394,1950
4992,-22.94800000000000040,10.50898478944032988,1951
4993,-21.22500000000000142,10.43415995055775447,1952
4994,-18.32700000000000173,10.33227908296549202,1953
4995,-20.32000000000000028,10.30213755521564423,1954
4996,-29.11100000000000065,10.25321790764552610,1955
4997,-17.12399999999999878,10.31702135309097912,1956
4998,-13.53400000000000070,10.27423982619359855,1957
4999,-10.24499999999999922,10.27766730164391973,1958
5000,-8.70829999999999949,10.08423428008504175,1959
5001,-7.39079999999999959,9.94737763062994063,1960
5002,-7.23500000000000032,9.83517460581543546,1961
5003,-8.80219999999999914,9.73971448756334723,1962
5004,-11.01800000000000068,9.60444829385132337,1963
5005,-8.59740000000000038,9.56418235408338901,1964
5006,-10.44400000000000084,9.47721616935730893,1965
5007,-8.83189999999999920,9.45335331954544600,1966
5008,-9.48310000000000031,9.29987100644305187,1967
5009,-9.91469999999999985,9.27793450043519741,1968
5010,-12.68200000000000038,9.21003918385026843,1969
5011,-14.51800000000000068,9.19121730894370970,1970
5012,-12.48199999999999932,9.16460766257835147,1971
5013,-19.03200000000000003,9.13285477554212832,1972
5014,-26.94800000000000040,9.12869119281520724,1973
5015,-28.41799999999999926,9.06652793866938467,1974
5016,-29.89000000000000057,8.96986679385887520,1975
5017,-27.67699999999999960,8.95026985886700466,1976
5018,-27.89600000000000080,8.94784126692126769,1977
5019,-29.35900000000000176,8.94560539734983529,1978
5020,-30.24399999999999977,8.94726797414885766,1979
5021,-30.35600000000000165,8.95348416074238784,1980
5022,-29.94000000000000128,8.93577943776582906,1981
5023,-29.55699999999999861,8.92147350781574922,1982
5024,-20.60500000000000043,8.86753124779997925,1983
5025,-11.43599999999999994,8.87385566742261567,1984
5026,-11.83900000000000041,8.67791970606798735,1985
5027,-25.71799999999999997,8.59358802754885076,1986
5028,-27.80900000000000105,8.61095321152911808,1987
5029,-19.36899999999999977,8.65691356126631995,1988
5030,-30.70799999999999841,8.65498548539056678,1989
5031,-31.10800000000000054,8.57420441743767725,1990
5032,-19.70200000000000173,8.48236450291394384,1991
5033,-19.76200000000000045,8.50367777853278817,1992
5034,-20.27499999999999858,8.51035046931655081,1993
5035,-18.77499999999999858,8.49521183725736861,1994
5036,-18.69800000000000040,8.48570158316518963,1995
5037,-19.48900000000000077,8.47886562683365419,1996
5038,-17.14199999999999946,8.48375705775742084,1997
5039,-16.48000000000000043,8.47993028073840271,1998
5040,-15.76900000000000013,8.47843560887127090,1999
5041,-14.91600000000000037,8.49193729746440873,2000
5042,-15.53100000000000058,8.55014554846988339,2001
5043,-12.72100000000000009,8.58476898035317681,2002
5044,-12.85599999999999987,8.62203162297524273,2003
5045,-11.22400000000000020,8.67316322913292481,2004
5046,-13.33600000000000030,8.70604390504465897,2005
5047,-13.72199999999999953,8.76923994935132001,2006
5048,-12.63000000000000078,8.82451450369304524,2007
5049,-12.24399999999999977,8.86126545735048410,2008
5050,-13.34600000000000009,8.83565168248617994,2009
5051,-13.01500000000000057,8.89604838800062581,2010
5052,-13.35999999999999943,8.94873038198512916,2011
5053,-12.37899999999999956,8.98098262818439608,2012
5054,-10.84299999999999997,8.99046864722885708,2013
5055,-15.11800000000000033,9.01288335896164128,2014
5056,-17.94999999999999929,9.01467823276589542,2015
5057,-18.44099999999999895,8.97581714395720276,2016
5058,-18.98100000000000165,8.95125763238557681,2017
5059,-22.75499999999999901,8.96767743391703576,2018
5060,-27.76599999999999824,8.91326342508491365,7341
5061,-26.90099999999999980,8.81006314656216283,7342
5062,-27.60300000000000153,8.31940483714702772,7343
5063,-16.38700000000000045,8.32212747890127957,7344
5064,-18.36100000000000065,8.26124845455801804,7344
5065,-17.79599999999999937,8.26108170817595955,7345
5066,-16.39499999999999957,8.25485407913650882,7346
5067,-16.78600000000000136,8.25124569506701988,7347
5068,-16.68799999999999883,8.23669169596325368,7348
5069,-15.98900000000000077,8.25402865369127525,7349
5070,-19.88599999999999923,8.28054398020255711,7350
5071,-20.31400000000000006,8.28314090723269736,7351
5072,-18.85000000000000142,8.39055030999701046,7352
5073,-17.66100000000000136,8.44267093175129091,7353
5074,-17.85500000000000043,8.48762694209686508,7354
5075,-16.98900000000000077,8.50320786844946852,7355
5076,-17.78200000000000003,8.49361870304921673,7356
5077,-17.04599999999999937,8.49191369500153215,7357
5078,-18.10399999999999920,8.47682661589118069,7358
5079,-17.95400000000000063,8.46559684710583760,7359
5080,-15.20199999999999996,8.42688880612796609,7360
5081,-12.89899999999999913,8.40671535433940775,7361
5082,-10.64400000000000013,8.35475745990355811,7362
5083,-9.51660000000000039,8.34014701763196342,7363
5084,-9.96330000000000027,8.33223169314334733,7364
5085,-9.81540000000000035,8.38170719369151662,7365
5086,-9.84750000000000014,8.40379053035126944,7366
5087,-7.55189999999999984,8.42492250896726524,7367
5088,-7.99329999999999963,8.39980766607184925,7368
5089,-7.56789999999999985,8.69129907838217441,7369
5090,-14.29800000000000004,8.71604662524781126,7370
5091,-33.35999999999999943,8.69213447974245845,7371
5092,-35.79099999999999682,8.70405322959041605,7372
5093,-30.13899999999999935,8.29447618029874789,7374
5094,-22.90700000000000003,8.23894854802083110,7375
5095,-25.07799999999999940,8.25094054518916487,7376
5096,-21.49399999999999977,8.25090205121729348,7377
5097,-24.37999999999999901,8.24454814203531683,7378
5098,-22.49800000000000111,8.24895630438114402,7379
5099,-26.31200000000000117,8.25697096911530792,7380
5100,-29.44300000000000139,8.29240387266495915,7381
5101,-28.85600000000000165,8.35337872917916258,7382
5102,-29.99200000000000088,8.36803601024010568,7383
5103,-30.45599999999999952,8.46078685767339955,7383
5104,-28.74699999999999989,8.55333083410351946,7384
5105,-27.42500000000000071,8.59827511673643663,7386
5106,-27.93900000000000006,8.64929315317257164,7387
5107,-24.82900000000000063,8.70650558479720260,7388
5108,-26.47100000000000009,8.75032182374484435,7388
5109,-24.37199999999999989,8.73976799974247420,7390
5110,-21.55099999999999838,8.74705099632988414,7391
5111,-21.82799999999999940,8.75924708539176144,7392
5112,-23.95400000000000063,8.76522998337213899,7393
5113,-22.36199999999999832,8.78624452585959048,7394
5114,-22.81400000000000006,8.77811995041832738,7395
5115,-21.51000000000000156,8.76375487051395652,7396
5116,-22.53999999999999915,8.76304400503259195,7397
5117,-24.82600000000000051,8.77614427445246292,7398
5118,-22.96000000000000085,8.80948847261467627,7399
5119,-24.69500000000000028,8.86266682365199365,7400
5120,-21.81299999999999883,8.98646273483889679,7401
5121,-21.70700000000000074,9.11037060983273861,7402
5122,-27.72800000000000153,9.13255672010003039,7403
5123,-22.02299999999999969,9.21509374561415129,7404
5124,-18.45100000000000051,9.18209747127237286,7405
5125,-14.38799999999999990,9.23791870629737311,7406
5126,-11.64499999999999957,9.39372449159184875,7407
5127,-10.25200000000000067,9.58887114996817402,7408
5128,-8.37509999999999977,9.64462760953285070,7409
5129,-8.06729999999999947,9.65397589368572184,7410
5130,-7.68860000000000010,9.64752926529412491,7411
5131,-8.67709999999999937,9.61518946873228231,7412
5132,-11.25300000000000011,9.66034122652121674,7413
5133,-7.43700000000000028,9.67813447344919808,7414
5134,-8.27570000000000050,9.65657169180891550,7415
5135,-9.15010000000000012,9.68747576178977177,7416
5136,-9.95969999999999978,9.70887568956710645,7417
5137,-9.57189999999999941,9.72693343813280364,7418
5138,-13.08500000000000085,9.72404438777773805,7419
5139,-12.88299999999999912,9.75567729856019206,7420
5140,-12.36899999999999977,9.78895965374488597,7421
5141,-12.11999999999999922,9.80937144364277280,7422
5142,-11.13000000000000078,9.84475612136188971,7423
5143,-10.72700000000000031,9.90251636524082990,7424
5144,-10.27599999999999980,9.95993139179462439,7425
5145,-9.74259999999999948,10.00556394278130590,7426
5146,-11.16699999999999982,9.98342767580428436,7427
5147,-10.92399999999999949,9.98621321455700262,7428
5148,-11.55599999999999916,9.94799151261150527,7429
5149,-12.25399999999999956,9.85043974775299169,7430
5150,-12.35999999999999943,9.74156467264081805,7431
5151,-11.58900000000000041,9.64648422597350397,7432
5152,-12.16000000000000014,9.49628036838701917,7433
5153,-12.22000000000000064,9.33607125394788362,7434
5154,-12.66000000000000014,9.23053837744250849,7435
5155,-13.96899999999999942,9.05043166904681406,7436
5156,-18.30499999999999972,8.87502709110848009,7437
5157,-17.77700000000000102,8.73786785704802327,7438
5158,-16.78099999999999881,8.61271704217570289,7439
5159,-18.23900000000000077,8.48778359079840428,7440
5160,-20.24099999999999966,8.39211804579868748,7441
5161,-18.90399999999999991,8.35024347923633314,7442
5162,-18.13400000000000034,8.30744388652246180,7443
5163,-18.69999999999999929,8.26925834496913836,7444
5164,-17.17099999999999937,8.26061353150564770,7445
5165,-17.09499999999999886,8.31986690037160947,7446
5166,-16.61299999999999955,8.23497632716305894,4152
5167,-17.27599999999999980,8.17043661356623829,4153
5168,-15.11200000000000010,8.13884020090875637,4154
5169,-12.33900000000000041,8.12076646522852386,4155
5170,-12.61200000000000010,8.15228689246656835,4156
5171,-20.15200000000000102,8.13380564120423166,4157
5172,-30.54200000000000159,8.04858836851512649,4158
5173,-34.00500000000000256,7.83433533625623912,4159
5174,-28.64900000000000091,7.77763196716558713,4160
5175,-28.47800000000000153,7.78235381165266649,4161
5176,-28.89300000000000068,7.60613428361896915,4162
5177,-23.97500000000000142,7.42567865648666103,4163
5178,-25.13599999999999923,7.42291873838865968,4164
5179,-29.16600000000000037,7.43608192606490626,4165
5180,-25.91199999999999903,7.36298031371188433,4166
5181,-26.48699999999999832,7.34327576809974580,4167
5182,-25.09199999999999875,7.33446531805579749,4168
5183,-24.65599999999999881,7.33760543519717778,4169
5184,-23.76200000000000045,7.33373853716241708,4170
5185,-31.87500000000000000,7.34220108461630616,4171
5186,-29.49800000000000111,7.30465176931617144,4172
5187,-20.58999999999999986,7.36375115186917206,4173
5188,-21.75799999999999912,7.34188397457334752,4174
5189,-21.41300000000000026,7.34342593279316880,4175
5190,-26.75700000000000145,7.38424155868618204,4176
5191,-21.38500000000000156,7.30939493489234238,4177
5192,-15.86999999999999922,7.30842848183538507,4178
5193,-18.48100000000000165,7.32410109597541847,4179
5194,-17.70799999999999841,7.32706392963792119,4180
5195,-20.12199999999999989,7.32594824050973692,4181
5196,-21.49899999999999878,7.32584503721648517,4182
5197,-21.13299999999999912,7.33013474910523577,4183
5198,-22.62500000000000000,7.34430506902479063,4184
5199,-22.54899999999999949,7.35601974739482678,4185
5200,-22.60800000000000054,7.35528319263885333,4186
5201,-21.56500000000000128,7.35111122031507058,4187
5202,-19.58899999999999864,7.33251001618556053,4188
5203,-19.34199999999999875,7.32309547112953929,4189
5204,-18.21499999999999986,7.30840139559927326,4190
5205,-17.68199999999999861,7.28389103529165016,4191
5206,-16.71799999999999997,7.25332539876361881,4192
5207,-15.08799999999999919,7.22850633716652879,4193
5208,-15.46599999999999930,7.20870502325332474,4194
5209,-15.19800000000000040,7.18806410606567336,4195
5210,-14.32600000000000051,7.17556109232881756,4196
5211,-15.31600000000000072,7.18480480089900553,4197
5212,-13.73099999999999987,7.19182008624295221,4198
5213,-13.25699999999999967,7.20687633395753391,4199
5214,-15.52500000000000036,7.21653903290068577,4200
5215,-11.26900000000000013,7.22347480059061109,4201
5216,-11.04899999999999949,7.24425882622002248,4202
5217,-10.12500000000000000,7.23145093136842565,4203
5218,-11.94699999999999918,7.26238141134418758,4204
5219,-18.06899999999999906,7.33449144201611958,4205
5220,-15.77899999999999991,7.42687170241030881,4206
5221,-13.51699999999999946,7.44025832649642282,4207
5222,-15.90099999999999980,7.46555436747652124,4208
5223,-15.53999999999999915,7.81334138575033421,4209
5224,-13.80700000000000038,8.03979007287121128,7505
5225,-13.69599999999999973,8.09080343927982781,7505
5226,-14.60100000000000087,8.08927939467730361,7506
5227,-12.93399999999999928,8.24796236714630915,7507
5228,-12.50900000000000034,8.29815859712783954,7508
5229,-14.53800000000000026,8.38689235284478762,7509
5230,-13.43399999999999928,8.40129811002350735,7510
5231,-11.03100000000000058,8.41912268604482961,7511
5232,-12.70700000000000074,8.40884244182383078,7512
5233,-14.29599999999999937,8.43691301482279776,7513
5234,-12.72899999999999920,8.46259325164010789,7514
5235,-13.44899999999999984,8.48556531119076674,7515
5236,-12.91999999999999993,8.52015026781529627,7516
5237,-12.53800000000000026,8.60206613402197107,7517
5238,-14.08200000000000074,8.74776083734226972,7518
5239,-12.04499999999999993,8.77514852569804304,7519
5240,-11.91999999999999993,8.77805726259605557,7520
5241,-9.95139999999999958,8.83429812162371064,7521
5242,-9.11110000000000042,8.87000672527586076,7522
5243,-8.93670000000000009,8.88623139657754990,7523
5244,-8.68950000000000067,8.95008662898626639,7524
5245,-9.37040000000000006,9.01849303720884699,7525
5246,-9.64109999999999978,9.08770224458919884,7526
5247,-9.83719999999999928,9.19827282108629696,7527
5248,-8.41000000000000014,9.26367635789154598,7528
5249,-25.80799999999999983,9.13534421998613944,7530
5250,-16.72899999999999920,9.12872196658572577,7531
5251,-11.81300000000000061,9.12100082259954625,7532
5252,-14.47400000000000020,9.09131943267106024,7533
5253,-14.44800000000000040,9.04615545947214450,7534
5254,-14.17300000000000004,9.04897357857019990,7535
5255,-17.95700000000000074,9.01057807596574811,7536
5256,-20.70899999999999963,9.01064868186117707,7537
5257,-23.06800000000000139,9.00199562548500154,7538
5258,-23.28399999999999892,9.00491270963711443,7539
5259,-25.76800000000000068,9.00744659778144907,7540
5260,-26.90599999999999881,9.01293037729742608,7541
5261,-25.45100000000000051,9.01719422845632934,7542
5262,-23.73300000000000054,9.02347710290960059,7543
5263,-22.51000000000000156,9.03684548651445141,7544
5264,-20.47800000000000153,9.02274243639954854,7545
5265,-21.22500000000000142,8.99605534909669835,7546
5266,-23.59199999999999875,8.94256600084655773,7547
5267,-23.59299999999999997,8.94188771593923626,7548
5268,-22.69300000000000139,8.91196487362405421,7549
5269,-22.45799999999999841,8.89493245953532607,7550
5270,-22.21300000000000097,8.89354672505160693,7551
5271,-20.52799999999999869,9.04692435748665602,7551
5272,-21.20599999999999952,9.09721699832792474,7552
5273,-21.40899999999999892,9.17943947966536022,7554
5274,-22.17000000000000171,9.07271903412238423,7555
5275,-23.78300000000000125,9.01263724197571925,7556
5276,-23.68100000000000094,8.99802126726213025,7557
5277,-24.82700000000000173,8.98616551912579631,7558
5278,-24.63500000000000156,8.99043183952502822,7559
5279,-26.03699999999999903,8.99128643031300889,7560
5280,-24.72800000000000153,9.01801477087214920,7561
5281,-24.85600000000000165,9.02715259251074897,7562
5282,-23.81299999999999883,9.02300445292145348,7563
5283,-22.33699999999999974,8.97735858149067845,7564
5284,-17.99800000000000111,8.86694442386883708,7565
5285,-14.66200000000000081,8.79589983364205530,7566
5286,-14.13199999999999967,8.78554842956170923,7567
5287,-19.40099999999999980,8.74904578422114021,7568
5288,-15.29100000000000037,8.73465586480146960,7569
5289,-14.62100000000000044,8.83519472837318887,7570
5290,-16.91100000000000136,8.92731526503865425,7571
5291,-17.14600000000000080,9.10537486572382271,7571
5292,-19.45299999999999940,9.30155359036318607,7572
5293,-20.03099999999999881,9.62010905340184408,7573
5294,-19.06500000000000128,9.96878733005497786,7574
5295,-22.15200000000000102,10.33606616939896305,7575
5296,-21.17399999999999949,10.84967272245200753,7576
5297,-23.96499999999999986,10.86812820732741791,3270
5298,-23.15800000000000125,10.84880937889076336,3271
5299,-22.60399999999999920,10.82428193116941451,3272
5300,-22.97200000000000131,11.11716694591910759,3273
5301,-27.18799999999999883,11.39912398040895702,3274
5302,-26.67800000000000082,11.46764195347159898,7582
5303,-19.10200000000000031,11.28263455712476571,7583
5304,-17.30300000000000082,11.19522379188996730,7584
5305,-17.59499999999999886,11.13750931853771498,7585
5306,-17.52899999999999991,11.09031180228821434,7587
5307,-15.76800000000000068,11.07295470824485939,7588
5308,-16.03000000000000114,11.26352598712169595,7589
5309,-17.83099999999999952,11.33488840954155741,7590
5310,-17.50000000000000000,11.33923710736464763,7591
5311,-15.55499999999999972,11.36559922349570506,7592
5312,-17.60699999999999932,11.37884746419391391,7593
5313,-15.28999999999999915,11.40450657353380137,7594
5314,-13.52500000000000036,11.43806037323936309,7595
5315,-16.94200000000000017,11.49459608884239437,7596
5316,-16.45400000000000063,11.50321845373908758,7597
5317,-18.02700000000000102,11.55657750291206298,7598
5318,-21.42800000000000082,11.58859499406914395,7599
5319,-22.22500000000000142,11.57148502475134855,7600
5320,-22.87199999999999989,11.56308878552217045,7601
5321,-22.40200000000000102,11.54802054019219426,7602
5322,-21.15599999999999881,11.55138369439714019,7603
5323,-22.30099999999999838,11.56829201445830790,7604
5324,-21.24899999999999878,11.59648666610241818,7605
5325,-22.61100000000000065,11.62554868700541633,7606
5326,-20.31400000000000006,11.66378339986878210,7607
5327,-15.24099999999999966,11.66083393245097177,7608
5328,-15.81000000000000050,11.72878324284210194,7609
5329,-13.05199999999999960,11.80839893170867150,7610
5330,-13.40300000000000047,11.88307852287434407,7611
5331,-15.43999999999999950,12.04686278512367004,7612
5332,-16.57199999999999918,12.12443409062205824,7613
5333,-26.74200000000000088,12.18874841614542603,7614
5334,-21.42500000000000071,11.94498087919475715,5841
5335,-22.69800000000000040,11.86720125251274283,5842
5336,-19.55799999999999983,11.79595126914160907,5843
5337,-22.38500000000000156,11.76072903881551390,5844
5338,-19.36400000000000077,11.67556730957072730,5845
5339,-19.25900000000000034,11.65948993458158078,5846
5340,-22.31599999999999895,11.65810062357692622,5847
5341,-20.46399999999999864,11.63132582048995900,5848
5342,-16.67500000000000071,11.63091651189430564,5849
5343,-18.29100000000000037,11.56084250840686245,5850
5344,-15.92999999999999972,11.15261403876191260,5851
5345,-25.78000000000000114,10.67460577172200331,5852
5346,-23.90099999999999980,10.66911897021169153,5853
5347,-24.59400000000000119,10.62487770189015635,5854
5348,-28.73900000000000077,10.55314780264052388,5855
5349,-29.76599999999999824,10.60170687926870237,5856
5350,-30.44000000000000128,10.43329538065247775,5857
5351,-32.22899999999999920,10.30553027388367049,5858
5352,-33.16400000000000148,10.15969446310855240,5859
5353,-31.92699999999999960,10.04048103931833147,5860
5354,-34.71099999999999852,10.05486977868792486,5861
5355,-33.56400000000000006,10.05010365384335813,5862
5356,-33.62599999999999767,10.07927432369267606,5863
5357,-33.17399999999999949,10.14780492261124500,5864
5358,-32.96399999999999864,10.22246789058622340,5865
5359,-31.33699999999999974,10.23940209336189078,5866
5360,-28.10900000000000176,10.28650185928091076,5867
5361,-28.30900000000000105,10.35848179669561375,5868
5362,-27.89199999999999946,10.36702323979619678,5869
5363,-24.32999999999999829,10.34181818657811647,5870
5364,-22.01999999999999957,10.27932156519260154,5871
5365,-29.20899999999999963,10.23364273155965698,5872
5366,-24.35300000000000153,10.14942005994497620,5873
5367,-21.76999999999999957,10.11932793281816956,5874
5368,-21.76800000000000068,10.11511175761923020,5875
5369,-27.76200000000000045,10.10218119421530858,5876
5370,-28.26200000000000045,10.06130177180871321,5877
5371,-28.58500000000000085,9.91672036275067192,5878
5372,-27.33500000000000085,9.75433393480240341,5879
5373,-27.19600000000000151,9.70827292977820555,5880
5374,-27.99099999999999966,9.60442794191891736,5881
5375,-30.89099999999999824,9.41242709455191573,5882
5376,-25.44399999999999906,9.48843434329959479,5883
5377,-22.80300000000000082,9.47226704476403114,5884
5378,-28.57999999999999829,9.46450796755257251,5885
5379,-30.10099999999999909,9.50608406282788110,5886
5380,-26.44399999999999906,9.59148765911350409,5887
5381,-23.66100000000000136,9.56137727674647842,5888
5382,-25.70100000000000051,9.54704136391787728,5889
5383,-23.47400000000000020,9.53155107288569425,5890
5384,-21.13599999999999923,9.50271883897533698,5891
5385,-19.21600000000000108,9.45923441197699333,5892
5386,-21.93199999999999861,9.36706777424664772,5893
5387,-19.80000000000000071,9.32137557998158250,5894
5388,-18.52499999999999858,9.26706769060196223,5895
5389,-19.34700000000000131,9.20910155860326896,5896
5390,-18.60999999999999943,9.13257608675219856,5897
5391,-18.77899999999999991,9.08291804598889030,5898
5392,-19.75600000000000023,9.02810320832788626,5899
5393,-19.91100000000000136,8.99162343924800034,5900
5394,-20.91199999999999903,8.97524773729477054,5901
5395,-19.53399999999999892,8.97517922679198321,5902
5396,-20.12500000000000000,9.19440772348075441,5903
5397,-19.28800000000000026,9.46347297642714658,5904
5398,-20.03200000000000003,9.50556923125876274,5905
5399,-17.30600000000000094,9.46821895544978354,5906
5400,-17.14600000000000080,9.30695524869166135,5907
5401,-16.32300000000000040,9.12466303501151188,5908
5402,-16.74299999999999855,9.01153815625147736,5909
5403,-14.65000000000000036,8.93700537907201742,5910
5404,-12.31600000000000072,8.96260812652599448,5911
5405,-12.42300000000000004,8.99657009048068090,5912
5406,-12.18500000000000050,9.01699366253238033,5913
5407,-12.05199999999999960,9.03738607951023631,5914
5408,-11.92200000000000060,9.05790027158310984,5915
5409,-13.89899999999999913,9.05147381197532042,5916
5410,-16.15200000000000102,9.03430871450363249,5917
5411,-16.76699999999999946,9.03110497711155880,5918
5412,-15.16699999999999982,8.99309239333445021,5919
5413,-13.76600000000000001,8.96477541984201309,5920
5414,-12.98900000000000077,8.95158138107145973,5921
5415,-13.93500000000000050,8.95030325181003406,5922
5416,-12.45299999999999940,8.94712297505324550,5923
5417,-15.12199999999999989,8.96194867961119535,5924
5418,-15.67300000000000004,8.95919755809821261,5925
5419,-17.10600000000000165,8.93573070334583797,5926
5420,-17.07799999999999940,8.92007666543997146,5927
5421,-14.69899999999999984,8.90154923809767418,5928
5422,-12.82199999999999918,8.90506057396333084,5929
5423,-12.77100000000000080,8.92230936756326543,5930
5424,-14.67600000000000016,8.51197229967874058,5931
5425,-23.59299999999999997,7.84998915995407209,5932
5426,-34.82000000000000028,7.86370968308448592,5933
5427,-31.41600000000000037,7.75748175994276945,5934
5428,-16.95599999999999952,7.68997668857616468,5935
5429,-21.06599999999999895,7.74327031255228349,5936
5430,-24.12500000000000000,7.72527226219645957,5937
5431,-24.89999999999999858,7.75953293488463558,5938
5432,-24.59199999999999875,7.78521181140070873,5939
5433,-27.04100000000000037,8.15198659281421634,5940
5434,-25.04299999999999926,8.86764128916003536,5941
5435,-21.58200000000000074,9.15116487881664220,5942
5436,-18.03800000000000026,9.20939582600334461,5943
5437,-13.56700000000000017,9.17919534145653415,5944
5438,-22.03699999999999903,9.18639841150268310,5945
5439,-30.82400000000000162,9.13547547857385034,5946
5440,-21.26500000000000057,9.26540965365430580,5947
5441,-21.76200000000000045,9.32949299054792291,5948
5442,-20.50600000000000023,9.37741252295259109,5949
5443,-18.55600000000000094,9.39924912841969906,5950
5444,-20.01999999999999957,9.43328460455423823,5951
5445,-21.02299999999999969,9.48392138799049178,5952
5446,-18.62500000000000000,9.52534307280048509,5953
5447,-17.09400000000000119,9.54634025789064999,5954
5448,-14.67699999999999960,9.54759944814657224,5955
5449,-17.56500000000000128,9.54521043580746209,5956
5450,-13.90700000000000003,9.55614323818010725,5957
5451,-13.59600000000000009,9.54488435481111175,5958
5452,-12.80799999999999983,9.56712331113032377,5959
5453,-17.00199999999999889,9.58549280892609268,5960
5454,-17.45899999999999963,9.55910750238884432,5961
5455,-18.29200000000000159,9.55302197212323989,5962
5456,-18.25400000000000134,9.55007533401917463,5963
5457,-19.48699999999999832,9.55120597870757315,5964
5458,-19.44399999999999906,9.59144614778672810,5965
5459,-18.98999999999999844,9.60069424345204503,5966
5460,-20.14499999999999957,9.60386432593492678,5967
5461,-18.05099999999999838,9.60198524585338475,5968
5462,-19.43599999999999994,9.75651358333533558,5969
5463,-16.44399999999999906,9.92368533195669222,5970
5464,-16.55399999999999849,10.00453395504710308,5971
5465,-15.77899999999999991,10.08169867623704974,5972
5466,-18.06400000000000006,10.27630235701733774,5973
5467,-13.36800000000000033,10.32351572825187525,5974
5468,-13.31700000000000017,10.52116974830771312,5975
5469,-10.72300000000000075,10.71448940347421264,5976
5470,-11.71700000000000053,10.80309761792417511,5977
5471,-17.59900000000000020,10.62158585316016257,5978
5472,-8.52459999999999951,10.58563504549581502,5979
5473,-11.79100000000000037,10.67868599909906457,5980
5474,-12.71199999999999974,10.73084639759780856,5981
5475,-14.01600000000000001,10.76436157617441935,5982
5476,-18.71300000000000097,10.79857119871707205,5983
5477,-17.35600000000000165,10.83866257158567237,5984
5478,-17.07900000000000063,10.95716931281384099,5985
5479,-17.71699999999999875,11.15808125428815778,5986
5480,-17.13899999999999935,11.14475904855627952,5987
5481,-15.01399999999999935,11.08353255321151565,5988
5482,-13.29899999999999949,11.05206005071432607,5989
5483,-14.89499999999999957,11.01933835915362181,5990
5484,-13.37800000000000011,11.04395981781428659,5991
5485,-13.52200000000000024,11.11734467206681032,5992
5486,-11.29800000000000004,11.23464116981418037,5993
5487,-14.22799999999999976,11.38179884787157725,5994
5488,-12.73399999999999999,11.76742309956101096,5995
5489,-15.52899999999999991,12.02700819640445928,5996
5490,-15.39000000000000057,12.13025065294228355,5997
5491,-17.86100000000000065,12.32618577944623262,5998
5492,-16.17399999999999949,12.42978248970029576,5999
5493,-15.76200000000000045,12.40053900498481099,6000
5494,-16.72800000000000153,12.39545570363920213,6001
5495,-13.42800000000000082,12.42765695543233484,6002
5496,-14.59900000000000020,12.51567918913327837,6003
5497,-14.17600000000000016,12.60813570386558524,6004
5498,-13.81099999999999994,12.61890804330104032,6005
5499,-31.20100000000000051,12.59070663619056418,6006
5500,-29.52299999999999969,12.59599132971394475,5754
5501,-33.80199999999999960,12.48153009139917025,5755
5502,-37.65999999999999659,12.19107142244567754,5756
5503,-29.43499999999999872,11.87351409774522892,5756
5504,-28.26999999999999957,11.95200171334559691,5757
5505,-34.41400000000000148,11.90378068860226968,5758
5506,-25.76000000000000156,11.50429338442827820,5759
5507,-16.54400000000000048,11.45645254606347052,5760
5508,-20.80699999999999861,11.44240322135190802,5761
5509,-21.73900000000000077,11.45177915370613420,5762
5510,-22.19699999999999918,11.46366501513332281,5763
5511,-18.50400000000000134,11.39500179579573391,5764
5512,-22.07499999999999929,11.37240455071044920,5765
5513,-20.67899999999999849,11.40131495603300493,5766
5514,-21.46699999999999875,11.39911470390489612,5767
5515,-18.73100000000000165,11.39539561448864902,5768
5516,-21.57900000000000063,11.36604056503611915,5769
5517,-19.94099999999999895,11.34778155392134202,5770
5518,-17.96300000000000097,11.30211273499389080,5771
5519,-19.90599999999999881,11.18962604058206800,5772
5520,-18.71499999999999986,11.14105085217695290,5773
5521,-19.48199999999999932,11.03000006224546681,5774
5522,-19.42699999999999960,10.94244716360451264,5775
5523,-22.39799999999999969,10.87691932118359794,5776
5524,-21.30799999999999983,10.85421622680657805,5777
5525,-23.04100000000000037,10.82428203910915876,5778
5526,-20.70599999999999952,10.85940464147975426,5779
5527,-20.13100000000000023,10.93310439428116432,5780
5528,-19.27700000000000102,11.32946766668914762,5781
5529,-18.76899999999999835,11.62018256157574214,5782
5530,-21.43799999999999883,11.72049674636281402,5783
5531,-18.39399999999999835,11.88174236609720680,5784
5532,-19.11799999999999855,11.94359725797220051,5785
5533,-13.26200000000000045,11.99292438091798907,5786
5534,-24.76399999999999935,11.88885051639501000,5787
5535,-22.48199999999999932,11.91903699679183859,5788
5536,-15.77100000000000080,11.95772821503303085,5789
5537,-20.27400000000000091,11.98581361938942003,5790
5538,-20.08500000000000085,11.94538223183420733,5791
5539,-20.70499999999999829,11.97653736230050825,5792
5540,-21.45799999999999841,12.13221435639954748,5793
5541,-21.07000000000000028,12.37144137657593390,5794
5542,-21.95400000000000063,12.47622659697930558,1488
5543,-22.71000000000000085,12.44449042179762976,1489
5544,-23.49200000000000088,12.43927960185940940,1490
5545,-22.88899999999999935,12.41431640651338419,1491
5546,-23.53399999999999892,12.36146713227147487,1492
5547,-22.98199999999999932,12.28706535908910169,1493
5548,-24.12900000000000134,12.21676638054341169,1494
5549,-27.06400000000000006,12.14798549798785565,1495
5550,-26.04400000000000048,11.95797043196425236,1496
5551,-24.71199999999999974,11.83471112700823547,1497
5552,-24.83299999999999841,11.76270303746964352,1498
5553,-23.74099999999999966,11.67092506957408027,1499
5554,-23.83699999999999974,11.60060235688015240,1500
5555,-22.92000000000000171,11.54807405754412208,1501
5556,-19.88599999999999923,11.50978951248219673,1502
5557,-17.44699999999999918,11.42778260909365429,1503
5558,-16.61899999999999977,11.45838609582894918,1504
5559,-14.73799999999999955,11.45885709367428618,1505
5560,-12.11599999999999966,11.46317446052281497,1506
5561,-11.70500000000000007,11.47449721594710681,1507
5562,-10.99499999999999922,11.45699631873872448,1508
5563,-11.00099999999999945,11.40683522151744178,1509
5564,-11.78800000000000026,11.33794035576337222,1510
5565,-9.89439999999999920,11.30727604079760695,1511
5566,-11.76699999999999946,11.22300328334366881,1512
5567,-15.65600000000000058,11.01904212971274966,1513
5568,-15.00099999999999945,11.11752007053385682,1514
5569,-12.91200000000000081,11.20000465550379332,1515
5570,-14.64700000000000024,11.29312306024047885,1516
5571,-15.72100000000000009,11.40897245600946164,1517
5572,-15.77599999999999980,11.51246865854828805,1518
5573,-17.10300000000000153,11.59395629004197303,1519
5574,-16.13299999999999912,11.65206106923232632,1520
5575,-17.56500000000000128,11.69937202632274698,1521
5576,-18.68799999999999883,11.72514350003550554,1522
5577,-19.31899999999999906,11.73149347041596791,1523
5578,-18.27799999999999869,11.72026986593174769,1524
5579,-14.42999999999999972,11.72203643514631999,1525
5580,-13.25200000000000067,11.72875421241254834,1526
5581,-11.86700000000000088,11.73959240374411195,1527
5582,-11.28100000000000058,11.74501539402282191,1528
5583,-8.52120000000000033,11.74519753722174897,1529
5584,-10.38100000000000023,11.71102680992352063,1530
5585,-8.29149999999999920,11.69292745746815676,1531
5586,-11.28700000000000081,11.68588053011124650,1532
5587,-10.16799999999999926,11.69594727183938332,1533
5588,-9.31140000000000079,11.70982865688741192,1534
5589,-8.43510000000000026,11.70147228082140245,1535
5590,-10.50500000000000078,11.76948103920961053,1536
5591,-9.74269999999999925,11.87725517116832741,1537
5592,-10.44699999999999918,11.96239803019945569,1538
5593,-12.72600000000000087,12.03057771077413740,1539
5594,-16.20200000000000173,12.07161760337021583,1540
5595,-28.98000000000000043,12.09153358743672335,1541
5596,-29.75900000000000034,12.10016035152519898,1542
5597,-35.57600000000000051,12.16866055153423432,1543
5598,-35.20499999999999829,12.46198139444171282,1544
5599,-36.17900000000000205,12.74241676445294402,1545
5600,-35.24099999999999966,13.03879339349067834,1546
5601,-32.19299999999999784,13.27859186979691053,1547
5602,-29.33800000000000097,13.36321993083444326,1548
5603,-22.46099999999999852,13.41133290836291714,1549
5604,-16.87699999999999889,13.42452714387709634,1550
5605,-17.26699999999999946,13.43647261566526296,1551
5606,-20.08299999999999841,13.42709096834211202,1552
5607,-24.68499999999999872,13.43756454735190431,1553
5608,-25.78500000000000014,13.48997394513811443,1554
5609,-24.92800000000000082,13.57731101596439949,1555
5610,-24.33899999999999864,13.63320293484429513,1556
5611,-26.55900000000000105,13.66835752339514620,1557
5612,-26.18599999999999994,13.73207164959780791,1558
5613,-26.21399999999999864,13.79064535307236739,1559
5614,-25.67500000000000071,13.82997432137262628,1560
5615,-25.83200000000000074,13.83582259178737317,1561
5616,-25.08500000000000085,13.71091925307311499,5487
5617,-24.10200000000000031,13.49460275765021144,5488
5618,-26.45899999999999963,13.27827631943701370,5489
5619,-25.82000000000000028,13.13684598616450749,5490
5620,-22.15399999999999991,12.89167057113822246,5491
5621,-19.46699999999999875,12.82736286651389079,5492
5622,-18.89799999999999969,12.92198992659910850,5492
5623,-21.36199999999999832,13.07716385190728836,5493
5624,-18.71199999999999974,13.04695340676417992,5495
5625,-19.48400000000000176,13.01475759033443325,5496
5626,-19.45299999999999940,12.97927452853213737,5497
5627,-18.35200000000000031,12.94802781468249009,5498
5628,-22.16499999999999915,12.93216884517501342,5499
5629,-24.60500000000000043,12.92182945609015476,5500
5630,-15.25699999999999967,12.95504514110001359,5501
5631,-20.58699999999999974,12.66621549699547522,5502
5632,-28.88200000000000145,12.48238455512667855,5503
5633,-30.50799999999999912,12.55175878116932253,5504
5634,-25.04700000000000060,12.65877354352789119,5505
5635,-20.74899999999999878,12.69437202184048630,5506
5636,-16.28500000000000014,12.66160657463887418,5507
5637,-15.71899999999999942,12.67007785194352643,5508
5638,-18.87099999999999866,12.63453387144283901,5509
5639,-21.81500000000000128,12.60715178097634315,5510
5640,-22.96799999999999997,12.60904851945917748,5511
5641,-21.03800000000000026,12.54881874136076725,5512
5642,-20.32799999999999940,12.50714835272332515,5513
5643,-20.55000000000000071,12.46790099679041397,5514
5644,-22.00600000000000023,12.42484262431380770,5515
5645,-22.04200000000000159,12.36017230687747670,5516
5646,-20.78300000000000125,12.33277736809099778,5517
5647,-18.46699999999999875,12.32075631460673115,5518
5648,-21.45200000000000173,12.34563132498186278,5519
5649,-21.69000000000000128,12.46751996330561418,5520
5650,-19.28300000000000125,12.74068070818373855,5521
5651,-17.22200000000000131,13.54238237643322051,5522
5652,-17.85099999999999909,13.61189217007151875,15358
5653,-17.67999999999999972,13.39620314721999073,15359
5654,-20.13100000000000023,13.28434463475131189,15360
5655,-18.58699999999999974,13.22584988518339877,15360
5656,-19.46999999999999886,13.23160790877548010,15361
5657,-23.22299999999999898,13.23172893289969743,15362
5658,-23.28000000000000114,13.23244495100733609,15363
5659,-22.49200000000000088,13.23843852563656931,15364
5660,-18.31200000000000117,13.25974582582505157,15365
5661,-10.76600000000000001,13.33802178125673166,15366
5662,-12.64199999999999946,13.40205560636336557,1608
5663,-16.61199999999999832,13.35481070486727440,1609
5664,-14.20599999999999952,13.30406959425289237,1610
5665,-11.50000000000000000,13.24593452055589360,1611
5666,-14.47100000000000009,13.22307665201138960,1612
5667,-12.11599999999999966,13.21607399964608298,1613
5668,-14.09500000000000064,13.23805144876735795,1614
5669,-19.26999999999999957,13.24696358058217882,1615
5670,-20.53200000000000003,13.17954625364867915,1616
5671,-21.45899999999999963,13.10387519242879328,1617
5672,-18.83200000000000074,13.01647346590655374,1618
5673,-20.78099999999999881,12.98109103828161714,1619
5674,-21.60200000000000031,12.90160041839549621,1620
5675,-22.35500000000000043,12.81305759141569389,1621
5676,-23.41499999999999915,12.71449078128767773,1622
5677,-24.00900000000000034,12.60180298263971643,1623
5678,-26.47500000000000142,12.48951442702037440,1624
5679,-22.26300000000000168,12.35144858016069591,1625
5680,-27.00499999999999901,12.30213506719284844,1626
5681,-23.25000000000000000,12.32642879778020806,1627
5682,-19.46199999999999974,12.30971624327652059,1628
5683,-21.24399999999999977,12.17777307182985247,1629
5684,-19.79400000000000048,12.08904922495150203,1630
5685,-16.19099999999999895,12.07015947895831331,1631
5686,-15.80799999999999983,12.04836066133866623,1632
5687,-10.18399999999999928,12.02723169421821403,1633
5688,-10.75799999999999912,12.10482301620178625,1634
5689,-15.15300000000000047,12.15839224166735910,1635
5690,-8.70170000000000066,12.15094464759108561,1636
5691,-8.79260000000000019,12.25357582168710380,1637
5692,-26.14600000000000080,12.32307064084843873,1638
5693,-24.66799999999999926,12.37464688704646676,1639
5694,-16.23000000000000043,12.40427832384052387,1640
5695,-16.46199999999999974,12.37746078670587124,1641
5696,-16.45499999999999829,12.33522168163197108,1642
5697,-17.49500000000000099,12.31336462152948030,1643
5698,-11.36299999999999955,12.33525932267922975,1644
5699,-15.69899999999999984,12.37730623705417443,1645
5700,-14.75000000000000000,12.39716692940543119,1646
5701,-16.46600000000000108,12.41716885867114684,1647
5702,-11.24900000000000055,12.43162437014855293,1648
5703,-13.80700000000000038,12.43988483231059305,1649
5704,-13.82699999999999996,12.44620259385078853,1650
5705,-18.12199999999999989,12.45228662617217807,1651
5706,-13.09699999999999953,12.46252326452718506,1652
5707,-17.19399999999999906,12.48304432722879298,1653
5708,-15.74900000000000055,12.49299681443480381,1654
5709,-15.26699999999999946,12.53125891805190761,1655
5710,-15.88700000000000045,12.57179852215273996,1656
5711,-13.94100000000000072,12.61311941180594332,1657
5712,-12.17699999999999960,12.67195083052784277,1658
5713,-12.26699999999999946,12.72628886419676242,1659
5714,-11.48399999999999999,12.77433671985205699,1660
5715,-11.08099999999999952,12.82664262697384139,1661
5716,-11.16099999999999959,12.84680525699739917,1662
5717,-8.40189999999999948,12.90288433271412316,1663
5718,-8.55969999999999942,12.99457711678333638,1664
5719,-7.43569999999999975,13.09575746339585045,1665
5720,-6.53200000000000003,13.18668610964837207,1666
5721,-7.40160000000000018,13.30672233056614573,5468
5722,-9.22170000000000023,13.20081252526342297,3272
5723,-12.49600000000000044,12.95349360981707321,3273
5724,-25.42000000000000171,12.81068252999072854,3274
5725,-18.91700000000000159,12.79131161824452967,3275
5726,-19.04100000000000037,12.86278959931089538,3276
5727,-29.23699999999999832,12.86185059563296740,9103
5728,-29.50900000000000034,13.01086398428407875,3278
5729,-25.49200000000000088,12.97295257485953179,11462
5730,-27.45700000000000074,12.84445011157284000,11463
5731,-27.54799999999999827,12.96942698076048472,11464
5732,-26.01800000000000068,13.09340604548282805,5478
5733,-26.58699999999999974,12.98913396191462333,5479
5734,-19.61599999999999966,12.91606939437325607,5480
5735,-13.29499999999999993,12.89823347463950398,5481
5736,-12.57900000000000063,12.94430176622649498,5482
5737,-13.12199999999999989,13.00081371313966372,5483
5738,-18.28300000000000125,13.03256046629801901,5484
5739,-24.43400000000000105,13.04651307306585650,5485
5740,-27.37000000000000099,13.02575035396699832,5486
5741,-25.16199999999999903,12.86698912143659612,5487
5742,-28.24299999999999855,12.92988415445827854,5488
5743,-26.78300000000000125,12.72740790409420164,5489
5744,-27.29100000000000037,12.57779233680531839,5490
5745,-25.80600000000000094,12.41039885600961767,5491
5746,-23.16000000000000014,12.78962721987540796,5492
5747,-25.18299999999999983,12.69728869496712953,5493
5748,-21.30900000000000105,12.59769529121613196,5494
5749,-20.66499999999999915,12.60316177863001741,5495
5750,-17.17099999999999937,12.58075895959751733,5496
5751,-15.58500000000000085,12.62156564357289845,5497
5752,-15.37599999999999945,12.64678808598248239,5498
5753,-18.73799999999999955,12.60004174009056221,5500
5754,-18.22800000000000153,12.50644949471089795,5501
5755,-16.12800000000000011,12.29488195983268106,5502
5756,-30.18799999999999883,11.87351409774522892,5503
5757,-20.92000000000000171,11.95200171334559691,5504
5758,-14.90300000000000047,11.90378068860226968,5505
5759,-21.38800000000000168,11.50429338442827820,5506
5760,-21.67699999999999960,11.45645254606347052,5507
5761,-20.38599999999999923,11.44240322135190802,5508
5762,-21.35200000000000031,11.45177915370613420,5509
5763,-15.44999999999999929,11.46366501513332281,5510
5764,-23.51500000000000057,11.39500179579573391,5511
5765,-25.55900000000000105,11.37240455071044920,5512
5766,-25.23699999999999832,11.40131495603300493,5513
5767,-26.97500000000000142,11.39911470390489612,5514
5768,-26.69500000000000028,11.39539561448864902,5515
5769,-25.46399999999999864,11.36604056503611915,5516
5770,-25.98199999999999932,11.34778155392134202,5517
5771,-27.27799999999999869,11.30211273499389080,5518
5772,-24.72700000000000031,11.18962604058206800,5519
5773,-25.77599999999999980,11.14105085217695290,5520
5774,-25.35699999999999932,11.03000006224546681,5521
5775,-25.08999999999999986,10.94244716360451264,5522
5776,-25.20799999999999841,10.87691932118359794,5523
5777,-23.66600000000000037,10.85421622680657805,5524
5778,-23.59700000000000131,10.82428203910915876,5525
5779,-23.49200000000000088,10.85940464147975426,5526
5780,-25.10500000000000043,10.93310439428116432,5527
5781,-23.89600000000000080,11.32946766668914762,5528
5782,-24.53000000000000114,11.62018256157574214,5529
5783,-23.51300000000000168,11.72049674636281402,5530
5784,-25.17899999999999849,11.88174236609720680,5531
5785,-23.66400000000000148,11.94359725797220051,5532
5786,-24.19999999999999929,11.99292438091798907,5533
5787,-24.91799999999999926,11.88885051639501000,5534
5788,-26.93799999999999883,11.91903699679183859,5535
5789,-19.23000000000000043,11.95772821503303085,5536
5790,-16.70200000000000173,11.98581361938942003,5537
5791,-18.46099999999999852,11.94538223183420733,5538
5792,-15.44599999999999973,11.97653736230050825,5539
5793,-17.35600000000000165,12.13221435639954748,5540
5794,-16.63200000000000145,12.37144137657593390,5541
5795,-18.02199999999999847,12.37510507156756923,1234
5796,-21.68700000000000117,12.37234466272572320,1235
5797,-22.04599999999999937,12.35538684539868370,1236
5798,-22.61199999999999832,12.33796199339935917,1237
5799,-21.71900000000000119,12.31876971372522434,1238
5800,-21.45200000000000173,12.31115471561263774,1239
5801,-21.84499999999999886,12.30317209517818888,1240
5802,-22.91600000000000037,12.24429799453299950,1748
5803,-21.88200000000000145,12.13313921293535103,1749
5804,-22.91600000000000037,12.10198022443525545,1750
5805,-23.07700000000000173,12.07787216669092700,1751
5806,-23.27299999999999969,12.07663714815190659,1752
5807,-23.17399999999999949,12.21958504616389796,1246
5808,-23.38200000000000145,12.30640262225353965,1247
5809,-21.89900000000000091,12.40554087761273472,5303
5810,-20.28500000000000014,12.29567972813456223,5304
5811,-20.73400000000000176,12.20186517489518074,5305
5812,-18.29100000000000037,12.06383701788260510,5306
5813,-15.30599999999999916,12.00552740533732177,5306
5814,-12.25900000000000034,11.98588906439444557,5307
5815,-15.65499999999999936,12.08518705882033473,5308
5816,-10.37400000000000055,12.09671635936971512,5309
5817,-10.34699999999999953,12.08983481378170488,5310
5818,-8.18520000000000003,12.08906721509136695,5311
5819,-8.25939999999999941,12.10325260377422474,5312
5820,-14.16399999999999970,12.10040945649871347,5313
5821,-13.15199999999999925,12.12330367950945487,5314
5822,-12.75600000000000023,12.16077703643006203,5315
5823,-13.08000000000000007,12.18074661737013642,5316
5824,-13.35599999999999987,12.09263368085620982,1770
5825,-14.38299999999999912,12.01236087251296603,1771
5826,-15.23900000000000077,12.02973830502148722,1772
5827,-16.47299999999999898,12.04256111024223230,1773
5828,-18.06700000000000017,12.04746922897471606,1774
5829,-16.81599999999999895,12.03729695094023810,1775
5830,-17.38500000000000156,12.04037262683351273,1776
5831,-16.15399999999999991,12.03746104072505396,1777
5832,-14.45299999999999940,12.05053785196680849,1778
5833,-18.20299999999999940,12.05921996348253522,5326
5834,-15.68500000000000050,12.05919557211394633,5327
5835,-14.60399999999999920,12.07255118174071384,5328
5836,-12.71000000000000085,12.09160835868453887,5329
5837,-10.56600000000000072,12.13020126015649502,5330
5838,-11.80799999999999983,12.18063637542998556,5331
5839,-10.13700000000000045,12.20576217476949665,5332
5840,-10.27399999999999913,12.13591487179499673,5334
5841,-12.17800000000000082,11.94498087919475715,5334
5842,-12.77200000000000024,11.86720125251274283,5335
5843,-12.44800000000000040,11.79595126914160907,5336
5844,-11.94699999999999918,11.76072903881551390,5337
5845,-13.43200000000000038,11.67556730957072730,5338
5846,-14.40399999999999991,11.65948993458158078,5339
5847,-16.26699999999999946,11.65810062357692622,5340
5848,-19.42299999999999827,11.63132582048995900,5341
5849,-23.74299999999999855,11.63091651189430564,5342
5850,-37.28399999999999892,11.56084250840686245,5343
5851,-34.92999999999999972,11.15261403876191260,5344
5852,-31.57100000000000151,10.67460577172200331,5345
5853,-30.42099999999999937,10.66911897021169153,5346
5854,-33.32399999999999807,10.62487770189015635,5347
5855,-27.57400000000000162,10.55314780264052388,5348
5856,-17.56700000000000017,10.60170687926870237,5349
5857,-19.26800000000000068,10.43329538065247775,5350
5858,-19.32600000000000051,10.30553027388367049,5351
5859,-20.88500000000000156,10.15969446310855240,5352
5860,-23.99099999999999966,10.04048103931833147,5353
5861,-25.29500000000000171,10.05486977868792486,5354
5862,-25.62300000000000111,10.05010365384335813,5355
5863,-26.72200000000000131,10.07927432369267606,5356
5864,-26.62099999999999866,10.14780492261124500,5357
5865,-25.42399999999999949,10.22246789058622340,5358
5866,-25.99699999999999989,10.23940209336189078,5359
5867,-25.66300000000000026,10.28650185928091076,5360
5868,-25.29899999999999949,10.35848179669561375,5361
5869,-24.01800000000000068,10.36702323979619678,5362
5870,-21.94200000000000017,10.34181818657811647,5363
5871,-24.93400000000000105,10.27932156519260154,5364
5872,-22.49299999999999855,10.23364273155965698,5365
5873,-19.69699999999999918,10.14942005994497620,5366
5874,-19.92999999999999972,10.11932793281816956,5367
5875,-21.52100000000000080,10.11511175761923020,5368
5876,-21.66700000000000159,10.10218119421530858,5369
5877,-18.27899999999999991,10.06130177180871321,5370
5878,-17.91799999999999926,9.91672036275067192,5371
5879,-20.23699999999999832,9.75433393480240341,5372
5880,-18.37900000000000134,9.70827292977820555,5373
5881,-16.81800000000000139,9.60442794191891736,5374
5882,-28.03500000000000014,9.41242709455191573,5375
5883,-21.14199999999999946,9.48843434329959479,5376
5884,-18.98400000000000176,9.47226704476403114,5377
5885,-24.82499999999999929,9.46450796755257251,5378
5886,-29.07900000000000063,9.50608406282788110,5379
5887,-22.14300000000000068,9.59148765911350409,5380
5888,-24.66900000000000048,9.56137727674647842,5381
5889,-24.01699999999999946,9.54704136391787728,5382
5890,-21.69900000000000162,9.53155107288569425,5383
5891,-21.86700000000000088,9.50271883897533698,5384
5892,-20.83399999999999963,9.45923441197699333,5385
5893,-20.54799999999999827,9.36706777424664772,5386
5894,-20.18400000000000105,9.32137557998158250,5387
5895,-18.13500000000000156,9.26706769060196223,5388
5896,-17.85900000000000176,9.20910155860326896,5389
5897,-17.90399999999999991,9.13257608675219856,5390
5898,-18.01899999999999835,9.08291804598889030,5391
5899,-19.46199999999999974,9.02810320832788626,5392
5900,-20.27799999999999869,8.99162343924800034,5393
5901,-19.84900000000000020,8.97524773729477054,5394
5902,-20.10699999999999932,8.97517922679198321,5395
5903,-18.85099999999999909,9.19440772348075441,5396
5904,-18.37199999999999989,9.46347297642714658,5397
5905,-18.55699999999999861,9.50556923125876274,5398
5906,-17.31099999999999994,9.46821895544978354,5399
5907,-16.96099999999999852,9.30695524869166135,5400
5908,-16.35500000000000043,9.12466303501151188,5401
5909,-16.36799999999999855,9.01153815625147736,5402
5910,-14.92699999999999960,8.93700537907201742,5403
5911,-14.41300000000000026,8.96260812652599448,5404
5912,-13.81700000000000017,8.99657009048068090,5405
5913,-13.19800000000000040,9.01699366253238033,5406
5914,-12.82799999999999940,9.03738607951023631,5407
5915,-11.95100000000000051,9.05790027158310984,5408
5916,-15.19299999999999962,9.05147381197532042,5409
5917,-15.64300000000000068,9.03430871450363249,5410
5918,-15.78800000000000026,9.03110497711155880,5411
5919,-12.52699999999999925,8.99309239333445021,5412
5920,-10.87100000000000044,8.96477541984201309,5413
5921,-9.65770000000000017,8.95158138107145973,5414
5922,-11.56799999999999962,8.95030325181003406,5415
5923,-10.44200000000000017,8.94712297505324550,5416
5924,-12.42999999999999972,8.96194867961119535,5417
5925,-14.78599999999999959,8.95919755809821261,5418
5926,-15.16699999999999982,8.93573070334583797,5419
5927,-12.56499999999999950,8.92007666543997146,5420
5928,-7.13750000000000018,8.90154923809767418,5421
5929,-6.40829999999999966,8.90506057396333084,5422
5930,-30.35399999999999920,8.92230936756326543,5423
5931,-36.45400000000000063,8.51197229967874058,5424
5932,-25.60000000000000142,7.84998915995407209,5425
5933,-24.69200000000000017,7.86370968308448592,5426
5934,-23.26699999999999946,7.75748175994276945,5427
5935,-18.66300000000000026,7.68997668857616468,5428
5936,-23.14699999999999847,7.74327031255228349,5429
5937,-24.36700000000000088,7.72527226219645957,5430
5938,-24.85200000000000031,7.75953293488463558,5431
5939,-25.96399999999999864,7.78521181140070873,5432
5940,-25.01999999999999957,8.15198659281421634,5433
5941,-24.21199999999999974,8.86764128916003536,5434
5942,-18.27700000000000102,9.15116487881664220,5435
5943,-11.81799999999999962,9.20939582600334461,5436
5944,-14.75399999999999956,9.17919534145653415,5437
5945,-30.20700000000000074,9.18639841150268310,5438
5946,-29.41700000000000159,9.13547547857385034,5439
5947,-23.57000000000000028,9.26540965365430580,5440
5948,-21.44099999999999895,9.32949299054792291,5441
5949,-21.07000000000000028,9.37741252295259109,5442
5950,-22.20700000000000074,9.39924912841969906,5443
5951,-19.66199999999999903,9.43328460455423823,5444
5952,-19.67099999999999937,9.48392138799049178,5445
5953,-18.27199999999999847,9.52534307280048509,5446
5954,-17.39399999999999835,9.54634025789064999,5447
5955,-18.22800000000000153,9.54759944814657224,5448
5956,-16.32700000000000173,9.54521043580746209,5449
5957,-17.21399999999999864,9.55614323818010725,5450
5958,-12.21599999999999930,9.54488435481111175,5451
5959,-13.84099999999999930,9.56712331113032377,5452
5960,-20.79299999999999926,9.58549280892609268,5453
5961,-19.50000000000000000,9.55910750238884432,5454
5962,-19.20100000000000051,9.55302197212323989,5455
5963,-17.10000000000000142,9.55007533401917463,5456
5964,-17.52899999999999991,9.55120597870757315,5457
5965,-18.33099999999999952,9.59144614778672810,5458
5966,-17.33800000000000097,9.60069424345204503,5459
5967,-16.90099999999999980,9.60386432593492678,5460
5968,-17.90200000000000102,9.60198524585338475,5461
5969,-15.10100000000000087,9.75651358333533558,5462
5970,-14.35899999999999999,9.92368533195669222,5463
5971,-13.85399999999999920,10.00453395504710308,5464
5972,-13.36500000000000021,10.08169867623704974,5465
5973,-11.41099999999999959,10.27630235701733774,5466
5974,-11.64600000000000080,10.32351572825187525,5467
5975,-12.92399999999999949,10.52116974830771312,5468
5976,-11.34699999999999953,10.71448940347421264,5469
5977,-25.58699999999999974,10.80309761792417511,5470
5978,-23.83599999999999852,10.62158585316016257,5471
5979,-11.21400000000000041,10.58563504549581502,5472
5980,-10.40600000000000058,10.67868599909906457,5473
5981,-12.58000000000000007,10.73084639759780856,5474
5982,-14.43099999999999916,10.76436157617441935,5475
5983,-14.86400000000000077,10.79857119871707205,5476
5984,-16.73600000000000065,10.83866257158567237,5477
5985,-17.16700000000000159,10.95716931281384099,5478
5986,-20.15099999999999980,11.15808125428815778,5479
5987,-20.14699999999999847,11.14475904855627952,5480
5988,-19.55199999999999960,11.08353255321151565,5481
5989,-19.41000000000000014,11.05206005071432607,5482
5990,-12.68699999999999939,11.01933835915362181,5483
5991,-11.70599999999999952,11.04395981781428659,5484
5992,-10.66499999999999915,11.11734467206681032,5485
5993,-10.74499999999999922,11.23464116981418037,5486
5994,-9.68389999999999951,11.38179884787157725,5487
5995,-14.03100000000000058,11.76742309956101096,5488
5996,-11.31900000000000084,12.02700819640445928,5489
5997,-13.83500000000000085,12.13025065294228355,5490
5998,-13.35299999999999976,12.32618577944623262,5491
5999,-15.85100000000000087,12.42978248970029576,5492
6000,-15.41799999999999926,12.40053900498481099,5493
6001,-15.39499999999999957,12.39545570363920213,5494
6002,-14.13599999999999923,12.42765695543233484,5495
6003,-15.89700000000000024,12.40894066271912521,8283
6004,-17.64600000000000080,12.24260612190030528,8284
6005,-18.31899999999999906,12.10383072283342010,8285
6006,-24.34700000000000131,11.99760886509239555,8286
6007,-24.66799999999999926,11.96301945946065004,8287
6008,-31.52199999999999847,11.90770562523153764,8288
6009,-36.48299999999999699,12.03319116216222540,8289
6010,-30.16600000000000037,12.31667490712653645,8290
6011,-28.85800000000000054,12.43022369227303159,8291
6012,-34.02300000000000324,12.52598170266242228,8292
6013,-30.12800000000000011,12.44630593095840254,8293
6014,-24.36899999999999977,12.38221247656738910,8294
6015,-17.37399999999999878,12.37828197443184308,8295
6016,-18.81500000000000128,12.36572249465812590,8296
6017,-18.67800000000000082,12.36876495845193880,8297
6018,-17.28500000000000014,12.36949317232366319,8298
6019,-16.03999999999999915,12.37618161206128065,8299
6020,-16.95400000000000063,12.36364071251588648,8300
6021,-17.23600000000000065,12.36395595045892293,8301
6022,-20.10800000000000054,12.37026647287822989,8302
6023,-20.47200000000000131,12.36548164560140783,8303
6024,-20.54299999999999926,12.33544844074338798,8304
6025,-18.82199999999999918,12.32520193866717229,8305
6026,-19.45700000000000074,12.30789344602459678,8306
6027,-20.46600000000000108,12.29136856468083394,8307
6028,-20.29500000000000171,12.25883716775317467,8308
6029,-20.16300000000000026,12.19708755350198537,8309
6030,-21.63800000000000168,12.12716893567663057,8310
6031,-19.91000000000000014,12.02243907691138247,8311
6032,-20.01099999999999923,11.94952551776283123,8312
6033,-18.71199999999999974,11.87535210559132182,8313
6034,-17.64600000000000080,11.82382805959085204,8314
6035,-19.44999999999999929,11.79385050841086269,8315
6036,-18.26500000000000057,11.66263616705158057,8316
6037,-19.03000000000000114,11.55647656719997229,8317
6038,-17.76899999999999835,11.43625394417595409,8318
6039,-15.07499999999999929,11.32912701765276609,8319
6040,-11.66000000000000014,11.33627855111939375,8320
6041,-25.05099999999999838,11.39495816074242818,8321
6042,-19.21099999999999852,11.36873921349073591,8322
6043,-16.39000000000000057,11.30730440631149136,8323
6044,-20.09900000000000020,11.26863230972424468,8324
6045,-18.54299999999999926,11.25528572451250398,8325
6046,-16.97200000000000131,11.23089861349850693,8326
6047,-19.85800000000000054,11.19886058041312182,8327
6048,-20.16100000000000136,11.18094877684003485,8328
6049,-21.83599999999999852,11.15681737636061932,8329
6050,-22.39600000000000080,11.13687437882451725,8330
6051,-24.05900000000000105,11.13479014497294628,8331
6052,-25.25600000000000023,11.10669905424872184,8332
6053,-25.69999999999999929,11.05685242905281207,8333
6054,-25.85699999999999932,11.00305578065978906,8334
6055,-25.53600000000000136,10.95108386138885770,8335
6056,-25.45799999999999841,10.88489697608427420,8336
6057,-26.50199999999999889,10.82780106906769291,8337
6058,-28.07799999999999940,10.68542420736196163,8338
6059,-28.54200000000000159,10.48391754147996657,8339
6060,-28.70200000000000173,10.31496459090628903,8340
6061,-27.49699999999999989,10.06411645829368418,8341
6062,-27.35900000000000176,9.88684574175797870,8342
6063,-23.96099999999999852,9.59620781341923923,8343
6064,-21.66799999999999926,9.33292667989559455,8344
6065,-18.71300000000000097,9.26539937330511343,8345
6066,-17.67800000000000082,9.24559012169817862,8346
6067,-17.34100000000000108,9.28242593128318383,8347
6068,-13.79599999999999937,9.29080885579819338,8348
6069,-12.51600000000000001,9.28969149804045635,8349
6070,-10.00999999999999979,9.36637862861609527,8350
6071,-12.27699999999999925,9.36555331000052860,8351
6072,-10.92399999999999949,9.40207246720036949,8352
6073,-14.85599999999999987,9.29566147077498073,8353
6074,-16.77799999999999869,9.10523405740768865,8355
6075,-13.55700000000000038,8.93558477679239616,8355
6076,-14.43200000000000038,8.77910713153494449,8356
6077,-13.93999999999999950,8.77633944987472958,8357
6078,-15.50200000000000067,8.76263438074409429,8358
6079,-18.43100000000000094,8.77812072897349438,8359
6080,-18.84900000000000020,8.77246846203160047,8360
6081,-17.62900000000000134,8.77940688582797257,8361
6082,-17.83800000000000097,8.75833140796732046,8362
6083,-18.64600000000000080,8.69878628369907148,8363
6084,-16.27400000000000091,8.63846425990271527,8364
6085,-14.55100000000000016,8.71898475339887824,8365
6086,-14.65300000000000047,8.76624217485494306,8366
6087,-13.72000000000000064,8.81366461131355550,8367
6088,-11.49600000000000044,8.81847950685094339,8368
6089,-11.42999999999999972,8.85413810527074752,8369
6090,-11.65099999999999980,8.89883878038538789,8370
6091,-10.68500000000000050,8.93472651462008649,8371
6092,-7.55560000000000009,8.99095727601120309,8372
6093,-8.99060000000000059,9.06178008139140267,8373
6094,-9.47100000000000009,9.15404774243577535,8374
6095,-9.70199999999999996,9.17688545052016913,4067
6096,-8.33569999999999922,9.19031181357584970,4068
6097,-9.54800000000000004,9.18793459517416977,4069
6098,-9.31039999999999957,9.18567036270151860,4070
6099,-10.84500000000000064,9.19540215471034905,4071
6100,-12.68099999999999916,9.23881779932330005,4072
6101,-16.07900000000000063,9.17439834446489932,4073
6102,-17.11700000000000088,9.14668381768060890,4074
6103,-16.20299999999999940,9.19531963151609766,4076
6104,-25.43700000000000117,9.17218897020350354,4077
6105,-27.28300000000000125,9.16004787742275184,4078
6106,-32.31000000000000227,9.23323728514897013,4079
6107,-34.53699999999999903,9.25083112727546109,4080
6108,-31.50100000000000122,9.34571572225825165,4081
6109,-29.85200000000000031,9.33355063868341794,4082
6110,-28.22800000000000153,9.38549290656628443,4083
6111,-21.12399999999999878,9.41043530007087980,4084
6112,-19.37199999999999989,9.34262403725943891,4085
6113,-18.44600000000000151,9.17458425676447575,4086
6114,-21.48100000000000165,8.80514742955232776,4087
6115,-26.17800000000000082,8.62206660459713525,4088
6116,-27.90200000000000102,8.60596467024610945,4089
6117,-29.12500000000000000,8.68135638249413866,4090
6118,-28.62099999999999866,8.80691399941640185,4091
6119,-28.88200000000000145,9.06745677975941078,4092
6120,-30.49599999999999866,9.18325150235303767,4093
6121,-29.95299999999999940,9.36535788350349918,4094
6122,-30.82000000000000028,9.39537515222606245,4095
6123,-29.63100000000000023,9.28958479677412718,4096
6124,-27.67299999999999827,9.19917928627192616,4097
6125,-27.03300000000000125,9.21622493403437737,4098
6126,-24.57300000000000040,9.31870625691731824,4099
6127,-23.53600000000000136,9.33663674222057516,4100
6128,-25.11700000000000088,9.36521609765372354,4101
6129,-22.48999999999999844,9.38992975911177474,4102
6130,-22.12099999999999866,9.39239193148678986,4103
6131,-21.95899999999999963,9.41721667724076461,4104
6132,-21.54799999999999827,9.47847292615238146,4105
6133,-21.27400000000000091,9.50259467331912155,4106
6134,-21.41900000000000048,9.53389022217808879,4107
6135,-29.32100000000000151,9.51996260800029326,4108
6136,-25.37999999999999901,9.36404938867626946,4109
6137,-19.20100000000000051,9.33583830319120800,4110
6138,-18.32000000000000028,9.26902443130302345,4111
6139,-14.15000000000000036,9.25573998324203195,4112
6140,-8.68130000000000024,9.25266088418607957,4113
6141,-10.87400000000000055,9.28592747935224061,4114
6142,-13.04100000000000037,9.33234624692511261,4115
6143,-11.97600000000000087,9.39405261084569965,4116
6144,-12.82099999999999973,9.43855181345501215,4117
6145,-15.97899999999999920,9.47876428760338996,4118
6146,-15.03700000000000081,9.47104497767764641,4119
6147,-15.72499999999999964,9.51975578151402502,4120
6148,-14.90499999999999936,9.48353919806198142,4121
6149,-15.95700000000000074,9.47989188592347354,4122
6150,-13.61100000000000065,9.48477866520296686,4123
6151,-15.37899999999999956,9.50463795996245508,4124
6152,-15.94400000000000084,9.51762781445494888,4125
6153,-16.29299999999999926,9.51943032138467871,4126
6154,-17.13899999999999935,9.51158740040922446,4127
6155,-17.62000000000000099,9.52398406321434088,4128
6156,-18.53999999999999915,9.54454804533812862,4129
6157,-18.76399999999999935,9.53356881744123719,4130
6158,-16.92599999999999838,9.60241091954018522,4131
6159,-17.97299999999999898,9.59296793239860790,4132
6160,-16.76899999999999835,9.50591839179583253,4133
6161,-18.22400000000000020,9.52390676893940302,4134
6162,-18.29899999999999949,9.83976121527193293,4135
6163,-18.66300000000000026,10.12537544670972878,4136
6164,-16.90800000000000125,10.47702400869229855,4137
6165,-19.57799999999999940,10.69958366259888294,4138
6166,-19.72800000000000153,10.97071650404595644,4139
6167,-20.01599999999999824,11.36500653049485798,4140
6168,-21.39799999999999969,11.67850005718450745,4141
6169,-24.32700000000000173,11.94827838533367981,4142
6170,-24.08200000000000074,12.27351025090596082,5156
6171,-21.63299999999999912,12.32482603523907194,5157
6172,-23.74699999999999989,12.42739059036375160,5158
6173,-22.54700000000000060,12.51472415951161032,5159
6174,-24.08999999999999986,12.60970759427695675,5160
6175,-26.20700000000000074,12.67826027647682174,5161
6176,-25.64000000000000057,12.69370217290752656,5162
6177,-27.12600000000000122,12.71229415474345892,5163
6178,-25.67000000000000171,12.60067239250734339,5164
6179,-24.64399999999999835,12.46693633640349930,5165
6180,-22.61199999999999832,12.25344465953622652,5166
6181,-21.47899999999999920,12.16485527492095997,5167
6182,-18.90299999999999869,12.11393787214582041,5168
6183,-16.71699999999999875,12.08267772526010475,5169
6184,-13.78400000000000070,12.02255937814050313,5170
6185,-12.90099999999999980,12.00508707338953585,5171
6186,-23.10699999999999932,11.89727510305320024,5172
6187,-29.73100000000000165,11.89126974223654187,5173
6188,-24.40200000000000102,12.01781748707425912,5174
6189,-20.95299999999999940,12.01481995796873470,5175
6190,-23.13100000000000023,11.94563381190797458,5176
6191,-25.74899999999999878,11.96232895534305563,5177
6192,-24.43100000000000094,11.95768725355653039,5178
6193,-24.51800000000000068,11.91424969750572771,5179
6194,-28.57199999999999918,12.01042870732764101,5180
6195,-25.88299999999999912,12.16042952333256366,5181
6196,-24.50600000000000023,12.28814303885309478,5182
6197,-22.91300000000000026,12.35220350299161041,5183
6198,-20.92899999999999849,12.41840290370453381,5184
6199,-31.85200000000000031,12.43100733669509061,5185
6200,-25.98499999999999943,12.57305189351946062,5187
6201,-21.46300000000000097,12.49706048321280250,5188
6202,-24.41700000000000159,12.49619278879209716,5189
6203,-25.81500000000000128,12.46221604174767172,5190
6204,-12.40700000000000003,12.51631447490965243,5191
6205,-15.49699999999999989,12.41796176298514531,5191
6206,-19.54299999999999926,12.39496179722856439,5192
6207,-22.42200000000000060,12.35978496454793607,5193
6208,-24.11700000000000088,12.31085495786615702,5194
6209,-24.07900000000000063,12.21117955360928953,5195
6210,-21.51999999999999957,12.14877157266028895,5196
6211,-20.26099999999999923,12.15551088497311838,5197
6212,-18.74099999999999966,12.15439723132034899,5198
6213,-19.99299999999999855,12.15999590766160487,5199
6214,-18.78999999999999915,12.16411409675199273,5200
6215,-17.97700000000000031,12.16645479851350409,5201
6216,-19.58299999999999841,12.16048794237084962,5202
6217,-18.95599999999999952,12.15635443400597460,5203
6218,-17.61199999999999832,12.20526906212166907,5204
6219,-17.00600000000000023,12.28347145081535174,5205
6220,-17.05799999999999983,12.34614230445970051,5206
6221,-18.05199999999999960,12.35780494873187862,5207
6222,-19.01500000000000057,12.34467709796528467,5208
6223,-16.80999999999999872,12.30603320887924923,5209
6224,-18.58099999999999952,12.29660215802348766,5210
6225,-16.49399999999999977,12.24520356349596106,5211
6226,-16.60200000000000031,12.23700343831798953,5212
6227,-15.68599999999999994,12.22146019298114439,5213
6228,-15.74499999999999922,12.26690458977842368,11547
6229,-15.05000000000000071,12.28334619655121074,11548
6230,-14.50500000000000078,12.33534429444602232,11549
6231,-13.88199999999999967,12.40146484353667944,11550
6232,-15.04800000000000004,12.45585335070300204,11551
6233,-17.42899999999999849,12.51498938622667900,11552
6234,-16.69000000000000128,12.54725179029480486,11553
6235,-15.94400000000000084,12.60528100738164703,11554
6236,-15.65000000000000036,12.63541297659469187,11555
6237,-13.22300000000000075,12.69166696060548993,11556
6238,-12.31099999999999994,12.75438134678506330,11557
6239,-10.89899999999999913,12.82856291732927723,11558
6240,-12.06400000000000006,12.93150008479745239,11559
6241,-11.30400000000000027,13.02723713071855904,11560
6242,-9.77270000000000039,13.02163969486499440,5228
6243,-12.22400000000000020,13.27552037463014400,5229
6244,-13.17800000000000082,13.37615017880992951,5230
6245,-12.82600000000000051,13.41456132240362464,5231
6246,-11.47400000000000020,13.45812230951462674,5232
6247,-13.70100000000000051,13.50781442357081197,5233
6248,-13.60200000000000031,13.48878254374638175,5234
6249,-12.84800000000000075,13.51393462281099112,5235
6250,-12.29400000000000048,13.62241416268266647,5236
6251,-11.46599999999999930,13.78751113367274250,18832
6252,-12.50900000000000034,13.58545747945464832,18833
6253,-12.66499999999999915,13.39321405452716185,18834
6254,-13.27100000000000080,13.23404332316281540,18835
6255,-12.86899999999999977,13.03086830802272722,18836
6256,-12.16399999999999970,12.87920519025877475,18837
6257,-11.47199999999999953,13.03198985321115266,8537
6258,-11.17900000000000027,13.25851305529313962,8538
6259,-10.79700000000000060,13.42145241004120493,18840
6260,-10.37899999999999956,13.51647634371253126,18841
6261,-10.72600000000000087,13.60370502975076512,18842
6262,-19.11700000000000088,13.78789010027267459,18843
6263,-24.04299999999999926,13.92415064728397667,18844
6264,-16.12000000000000099,14.05705413144112548,18845
6265,-16.46900000000000119,14.21487453751147712,18847
6266,-14.18999999999999950,14.34612285610938365,18847
6267,-16.53399999999999892,14.22582632930018320,6331
6268,-16.36599999999999966,14.08474612005784721,6332
6269,-17.70400000000000063,13.92164168455934892,6333
6270,-19.96600000000000108,13.77141821729636462,6334
6271,-19.29700000000000060,13.65074939779068153,6335
6272,-21.36700000000000088,13.54420701552857054,6336
6273,-19.74399999999999977,13.47993460793659537,6337
6274,-19.93100000000000094,13.40311720095870740,6338
6275,-19.96699999999999875,13.31315349066085751,6339
6276,-20.08500000000000085,13.24042949569550665,6340
6277,-19.62199999999999989,13.17651317429905333,6341
6278,-19.21600000000000108,13.11287385427872465,6342
6279,-20.37699999999999889,13.05821800455220227,6343
6280,-18.73400000000000176,12.97486188563222420,6344
6281,-20.19000000000000128,12.87426087814928799,6345
6282,-20.94399999999999906,12.78943351787209970,6346
6283,-21.50300000000000011,12.70103864278518202,6347
6284,-17.17699999999999960,12.62709030471939542,6348
6285,-18.45299999999999940,12.51672992660227912,6349
6286,-19.36299999999999955,12.40528187242250269,6350
6287,-21.63299999999999912,12.29289381027177974,6351
6288,-21.52499999999999858,12.23434349199647819,6352
6289,-22.96300000000000097,12.18991075961656811,6353
6290,-23.41199999999999903,12.19319380679745102,6353
6291,-24.25900000000000034,12.21770690207356935,6354
6292,-25.05699999999999861,12.27325288046271368,6355
6293,-24.58200000000000074,12.30187399124110570,6356
6294,-24.38500000000000156,12.33987960063056910,6357
6295,-25.38700000000000045,12.40503185528456598,6358
6296,-23.19600000000000151,12.44830912486665575,6359
6297,-21.81400000000000006,12.51445762503954029,6360
6298,-14.32799999999999940,12.50838209452616923,6361
6299,-8.26009999999999955,12.49899234434013628,6362
6300,-8.77100000000000080,12.34634789429930990,6364
6301,-14.88599999999999923,12.17908518164897913,6365
6302,-18.65399999999999991,12.13642403361201083,6366
6303,-12.06700000000000017,12.13363941618612962,6367
6304,-14.25999999999999979,12.04151853844962794,6368
6305,-20.71799999999999997,11.99881204430208470,6369
6306,-15.73099999999999987,12.03458947234179988,6370
6307,-18.69999999999999929,12.02169258891990999,6371
6308,-18.86100000000000065,12.05931808439779118,6372
6309,-20.50199999999999889,12.08927465974156945,6373
6310,-20.98699999999999832,12.12388244086555211,6374
6311,-21.39699999999999847,12.22272810300347068,6375
6312,-20.26899999999999835,12.31574767084423883,6376
6313,-21.01099999999999923,12.44248856894133937,6377
6314,-22.01599999999999824,12.57387837208158565,7648
6315,-25.31800000000000139,12.53162636220678827,7649
6316,-17.38800000000000168,12.50328645548391826,7650
6317,-19.37099999999999866,12.44593205771150934,7651
6318,-23.26500000000000057,12.39547945335640300,7652
6319,-20.85800000000000054,12.49797716831742278,7652
6320,-20.01399999999999935,12.54458178413200464,7653
6321,-16.64600000000000080,12.54285652743477719,7654
6322,-14.68599999999999994,12.50000322470023839,7655
6323,-15.81700000000000017,12.41441246512769858,7656
6324,-16.53399999999999892,12.33941585453728962,7657
6325,-12.36899999999999977,12.31704177229044284,7658
6326,-13.71700000000000053,12.31513657311364263,7659
6327,-14.29400000000000048,12.26639900388636129,7660
6328,-14.75399999999999956,12.20329648293963309,7662
6329,-15.18500000000000050,12.11602110473739202,7663
6330,-17.02199999999999847,11.78077721239764664,12665
6331,-18.58699999999999974,11.44128898903282199,12666
6332,-19.34600000000000009,11.26754950437116776,12667
6333,-19.55799999999999983,11.15118389047873215,12668
6334,-19.56899999999999906,11.09761827644457099,12669
6335,-16.30099999999999838,11.04904404588504008,12670
6336,-16.65399999999999991,10.99661450654610029,12671
6337,-15.10399999999999920,10.95593020391587480,12672
6338,-13.92699999999999960,10.88279748565350324,12673
6339,-12.84999999999999964,10.74403611284312454,12674
6340,-12.71199999999999974,10.56374159435412530,12675
6341,-14.84399999999999942,10.40551017919844590,12676
6342,-17.19200000000000017,10.28029221071742683,12677
6343,-15.72899999999999920,10.16083368656281749,12678
6344,-16.53200000000000003,9.95330716909544577,12679
6345,-15.80700000000000038,9.71831695542715579,12680
6346,-17.44999999999999929,9.46972856390293671,12681
6347,-24.25900000000000034,9.31129409230257821,12682
6348,-17.46399999999999864,9.26001950167550980,12683
6349,-17.16199999999999903,9.14953069732278834,12684
6350,-16.84600000000000009,9.09596449002640917,12685
6351,-18.06400000000000006,9.04968330265795551,12686
6352,-16.13599999999999923,9.02828883129642534,12687
6353,-20.12300000000000111,9.05638769365541307,12688
6354,-21.02599999999999980,9.06254747881237321,12689
6355,-19.22200000000000131,9.04004766092596590,12690
6356,-21.42399999999999949,9.02421526423554354,12691
6357,-25.86499999999999844,8.99470888674242453,12692
6358,-21.89999999999999858,8.85397271907648786,12693
6359,-27.95899999999999963,8.80728145510718363,12694
6360,-16.21999999999999886,8.62992974208156127,12695
6361,-14.31300000000000061,8.63206422643624371,12696
6362,-16.68700000000000117,8.63356296067419748,12697
6363,-19.99299999999999855,8.62915806901442650,12698
6364,-20.96799999999999997,8.62971347656528032,12699
6365,-19.94900000000000162,8.63066075215227180,12700
6366,-17.66499999999999915,8.61638761048255120,12701
6367,-20.45700000000000074,8.59695045549021586,12702
6368,-19.45599999999999952,8.53083181489545161,12703
6369,-18.68900000000000006,8.46323070666017507,12704
6370,-19.54599999999999937,8.41953317813662849,12705
6371,-18.62099999999999866,8.29735054283495188,12706
6372,-17.39399999999999835,8.23558847749273504,12707
6373,-17.31400000000000006,8.15984853648849473,12708
6374,-16.48600000000000065,8.10726637562967234,12709
6375,-16.09199999999999875,8.05169403713899356,12710
6376,-15.34800000000000075,7.99583972611165450,12711
6377,-17.73100000000000165,7.96540079772762422,12712
6378,-23.71600000000000108,7.93436732217482010,12713
6379,-29.05999999999999872,7.86179864681162677,12714
6380,-20.16900000000000048,7.61006787598092238,12715
6381,-19.40500000000000114,7.58602064636675077,12716
6382,-19.29400000000000048,7.58747430285693092,12717
6383,-23.98300000000000054,7.61113785182158598,12718
6384,-24.33099999999999952,7.62182352496808946,12719
6385,-26.07999999999999829,7.63816102397005370,12720
6386,-25.10200000000000031,7.62973298490178298,12721
6387,-27.70299999999999940,7.71118492523249355,12722
6388,-25.60300000000000153,7.67827819607416906,12723
6389,-24.87800000000000011,7.66496108178386848,12724
6390,-22.87900000000000134,7.64602555563206288,12725
6391,-20.73900000000000077,7.64893261750559539,12726
6392,-25.89399999999999835,7.66947673896563664,12727
6393,-19.69999999999999929,7.58387079258432717,12728
6394,-14.14100000000000001,7.59298312791432561,12729
6395,-13.76699999999999946,7.60874950883631751,12730
6396,-17.28600000000000136,7.65676955896943223,12731
6397,-15.50500000000000078,7.67070689902037817,12732
6398,-18.06800000000000139,7.70385371124270968,12733
6399,-16.28699999999999903,7.72431357196728818,12734
6400,-16.51999999999999957,7.78662375108945692,12735
6401,-14.80000000000000071,7.78721779019969862,12736
6402,-16.50400000000000134,7.86736447520556581,12737
6403,-14.69999999999999929,7.88175138972877320,12738
6404,-15.53200000000000003,7.86819432286177456,12739
6405,-16.59199999999999875,7.81760279401764713,12740
6406,-15.68299999999999983,7.73284307616741007,12741
6407,-15.17399999999999949,7.66442505637661231,12742
6408,-15.24300000000000033,7.57785046268440876,12743
6409,-16.37199999999999989,7.51980293372683750,12744
6410,-15.01600000000000001,7.48923674764325131,12745
6411,-15.90399999999999991,7.52847989619996216,12746
6412,-16.30399999999999849,7.55514145027594530,12747
6413,-16.63800000000000168,7.58953861452825329,12748
6414,-16.91400000000000148,7.58540247546583313,12749
6415,-16.18100000000000094,7.56385386615650201,12750
6416,-17.36599999999999966,7.53325082153981729,12751
6417,-19.23699999999999832,7.48806975044253864,12752
6418,-18.95799999999999841,7.36634280722309231,12753
6419,-18.45400000000000063,7.21930195119177931,12754
6420,-16.46699999999999875,7.05174097873454375,12755
6421,-16.29500000000000171,6.91124813273473571,12756
6422,-15.73300000000000054,6.78091357295344643,12757
6423,-15.85100000000000087,6.66236081622531451,12758
6424,-15.42500000000000071,6.59178943485309432,12759
6425,-15.33200000000000074,6.49655590878235500,12760
6426,-15.79199999999999982,6.48882872518881815,12761
6427,-18.84600000000000009,6.47349556495342160,12762
6428,-17.14600000000000080,6.49461745761883780,12763
6429,-19.97899999999999920,6.49072438567851506,12764
6430,-20.24800000000000111,6.51350089056875525,12765
6431,-18.62000000000000099,6.52373935284947581,12766
6432,-20.44200000000000017,6.51875117553419781,12767
6433,-20.66199999999999903,6.51925758579939352,12768
6434,-21.05699999999999861,6.55700292925217099,12769
6435,-18.71099999999999852,6.57797994107099626,12770
6436,-20.14300000000000068,6.62763418714797936,12771
6437,-20.19900000000000162,6.69455144668157409,12772
6438,-19.84600000000000009,6.75169111745021411,12773
6439,-22.23499999999999943,6.86423009777789250,12774
6440,-24.46199999999999974,6.92118161931332754,12775
6441,-29.05799999999999983,7.02649316290195802,12776
6442,-26.33800000000000097,7.00735766673339366,12777
6443,-26.12600000000000122,7.63119793873888597,12778
6444,-25.93499999999999872,8.01339527983070177,12779
6445,-23.11400000000000077,8.28221224728865657,12780
6446,-25.24899999999999878,8.70951423158399862,12781
6447,-26.16799999999999926,8.96213168039286145,12782
6448,-24.65099999999999980,9.13173329696934033,12783
6449,-26.59700000000000131,9.29733342207459224,12784
6450,-26.66700000000000159,9.50051582775576797,12785
6451,-28.26599999999999824,9.63263366915825969,12786
6452,-30.53099999999999881,9.70422739315939431,12787
6453,-30.25700000000000145,9.69002869812269374,12788
6454,-31.23100000000000165,9.76955195325474968,12789
6455,-29.70200000000000173,9.80231250417237021,12790
6456,-18.15299999999999869,9.82863977289433599,12791
6457,-14.10599999999999987,9.76484624070588048,12792
6458,-9.82099999999999973,9.72628060653856963,12794
6459,-10.19100000000000072,9.67309787669908516,12795
6460,-10.84699999999999953,9.67584518039689812,12795
6461,-6.75210000000000043,9.68800728419948598,12797
6462,-7.09269999999999978,9.67572336732155946,12798
6463,-8.82409999999999961,9.64808390754374123,12799
6464,-6.89550000000000018,9.57700898709734361,12800
6465,-6.72330000000000005,9.60833042159011619,12801
6466,-8.37010000000000076,9.64515476107823666,12802
6467,-8.73240000000000016,9.60162834977316315,12803
6468,-6.99340000000000028,9.51448426379114309,12804
6469,-7.62790000000000035,9.44512735823586169,12805
6470,-6.25809999999999977,9.33084921913975052,12806
6471,-6.00490000000000013,9.26518452056370556,12807
6472,-7.56419999999999959,9.25671000142697409,12808
6473,-7.61300000000000043,9.22068508637720186,12809
6474,-8.12870000000000026,9.18343788134278505,12810
6475,-7.38630000000000031,9.19997016325649852,12811
6476,-6.98040000000000038,9.13228998530573932,12812
6477,-7.80670000000000019,9.05141119323640631,12813
6478,-7.82000000000000028,8.96799151958358642,12814
6479,-6.59719999999999995,8.89349796650204638,12815
6480,-6.50959999999999983,8.85317628947015045,12816
6481,-7.55039999999999978,8.77013552344688918,12817
6482,-6.74920000000000009,8.70053536555780305,12818
6483,-7.30940000000000012,8.64687044755734213,12819
6484,-6.66169999999999973,8.60681220506659628,12820
6485,-6.23540000000000028,8.54535592221922613,12821
6486,-5.91329999999999956,8.49430491027859880,12822
6487,-7.48170000000000002,8.46066052060106166,12823
6488,-9.46809999999999974,8.42572882853535887,12824
6489,-8.37349999999999994,8.39672023920504706,12825
6490,-9.20379999999999932,8.37157458636328577,12826
6491,-10.39799999999999969,8.37416623239318092,12827
6492,-11.06499999999999950,8.45874524303015995,12827
6493,-11.19699999999999918,8.55238836372732614,12829
6494,-10.21899999999999942,8.56218352548651218,12830
6495,-11.31799999999999962,8.53280770525427101,12831
6496,-11.31900000000000084,8.71544789477432147,12832
6497,-12.38299999999999912,8.85401015280189441,12833
6498,-12.59999999999999964,8.81712574548768302,12834
6499,-14.03200000000000003,8.74344928133390731,12835
6500,-15.77399999999999913,8.76124862790141101,12835
6501,-12.47000000000000064,8.89328182200091177,12836
6502,-14.57499999999999929,9.17880764580216457,12836
6503,-15.42900000000000027,9.36656973407381699,12838
6504,-15.42399999999999949,9.47032817423778539,12839
6505,-17.47400000000000020,9.63943596133530534,12840
6506,-16.56099999999999994,9.74254870994652933,12842
6507,-18.06400000000000006,9.63844899314620918,12843
6508,-17.81500000000000128,9.65826317307320714,12844
6509,-17.74200000000000088,9.66778310952480702,12845
6510,-20.53999999999999915,9.67044589914853958,12846
6511,-20.40700000000000003,9.64939371050788530,12847
6512,-22.03699999999999903,9.65287502890354077,12848
6513,-23.93900000000000006,9.68019430006202697,12849
6514,-24.59299999999999997,9.64569587466144718,19957
6515,-25.30000000000000071,9.58362146667098713,19958
6516,-25.23699999999999832,9.53020227097839800,19961
6517,-26.86400000000000077,9.39070786541328317,19962
6518,-25.97599999999999909,9.22659723420000333,19963
6519,-19.46900000000000119,9.06995844688075437,19964
6520,-13.75500000000000078,9.03331267315527064,19963
6521,-9.26200000000000045,9.05102953678995803,19964
6522,-10.83000000000000007,9.09205374708254155,19965
6523,-10.95199999999999996,9.17003698340299955,19966
6524,-10.17399999999999949,9.24281261355807082,19969
6525,-9.85130000000000017,9.30799058497118459,19971
6526,-8.69170000000000087,9.38541294381870550,19971
6527,-8.68529999999999980,9.51079330383072197,19973
6528,-8.21299999999999919,9.60101543434091198,19973
6529,-8.92869999999999919,9.68941044515851857,19975
6530,-6.66120000000000001,9.75897502331461197,19976
6531,-6.29860000000000042,9.86716083828109980,19976
6532,-5.93829999999999991,9.93870087087367082,19978
6533,-5.38290000000000024,10.00428241356381598,19979
6534,-6.32139999999999969,10.05483652744595169,19980
6535,-7.03000000000000025,10.06786278125701806,19981
6536,-9.27469999999999928,10.07542575075232349,19982
6537,-8.51580000000000048,10.03880068748185650,19983
6538,-7.94779999999999998,10.15407906836834151,19983
6539,-9.40119999999999933,10.04569922814640215,12874
6540,-9.93900000000000006,9.90303853474464546,12875
6541,-9.03330000000000055,9.86788913400217460,12876
6542,-9.03529999999999944,9.88078379610947088,12877
6543,-7.58950000000000014,9.88015206088032549,12878
6544,-5.85320000000000018,9.87949316074948491,12879
6545,-6.84680000000000000,9.90631461590825779,12880
6546,-6.15280000000000005,9.92097681793780239,12881
6547,-5.58910000000000018,9.95072767112542245,12882
6548,-4.23040000000000038,10.00977293781383537,12883
6549,-3.66670000000000007,10.08482871333040443,12884
6550,-3.38090000000000002,10.15992259220117688,12885
6551,-6.96680000000000010,10.22090484453516090,12886
6552,-9.02480000000000082,10.26421993126388443,12887
6553,-12.84299999999999997,10.27688570308517058,12888
6554,-15.28500000000000014,10.29275198566307203,12889
6555,-15.12299999999999933,10.27174232654366648,12890
6556,-14.00500000000000078,10.26355741163967217,12891
6557,-13.60100000000000087,10.28842535778370859,12892
6558,-13.88799999999999990,10.32903926787411031,12893
6559,-15.28299999999999947,10.37123241667359252,12894
6560,-13.89100000000000001,10.37587243966496864,12895
6561,-12.11400000000000077,10.46464513728811774,12896
6562,-11.85599999999999987,10.52931644196182326,12897
6563,-11.47400000000000020,10.63160942633885320,12898
6564,-12.59699999999999953,10.64722176924235342,20010
6565,-12.58300000000000018,10.64203890285954301,20014
6566,-11.98399999999999999,10.59230584446653189,20015
6567,-11.31499999999999950,10.55993900562774357,20016
6568,-10.30599999999999916,10.50738701695817490,20017
6569,-9.31850000000000023,10.48194158190777081,20018
6570,-9.61730000000000018,10.55974703070588028,20021
6571,-9.10890000000000022,10.57463753618440983,20022
6572,-9.60030000000000072,10.62506205230136480,20023
6573,-9.05579999999999963,10.67296612858666371,20024
6574,-7.26710000000000012,10.80361885390206211,20024
6575,-7.08560000000000034,10.87246028335089498,20024
6576,-7.03840000000000021,10.91336427630589689,20025
6577,-7.93010000000000037,10.94278182786887577,20026
6578,-8.32370000000000054,10.99399429743867351,20027
6579,-7.34999999999999964,11.02122524498507516,20028
6580,-7.48569999999999958,11.05523111292186655,20029
6581,-6.14480000000000004,11.07888321198242387,20030
6582,-7.41110000000000024,11.11202428252299867,20031
6583,-9.74789999999999957,11.14056526034137384,20032
6584,-7.12619999999999987,11.14153981351589273,20033
6585,-11.82199999999999918,11.17274855068820294,20034
6586,-8.22450000000000081,11.27683924279983962,20034
6587,-9.64279999999999937,11.37523717127939982,20034
6588,-7.28430000000000000,11.42267053295051404,20034
6589,-7.86420000000000030,11.59891483146638969,20034
6590,-5.99070000000000036,11.66355320463944700,20033
6591,-4.91929999999999978,11.71480374057479246,20034
6592,-3.42969999999999997,11.88912340775975451,20034
6593,-3.65810000000000013,12.05314479761063495,20028
6594,-3.91679999999999984,12.12206947596943785,20031
6595,-2.15580000000000016,12.20427590965803510,20031
6596,-4.88260000000000005,12.29912288304582013,20031
6597,-1.96730000000000005,12.40607139429177685,20032
6598,-6.14939999999999998,12.52003549165810270,20034
6599,-5.25990000000000002,12.48441069281841820,7101
6600,-8.70010000000000083,12.45750885670359231,7102
6601,-6.59450000000000003,12.41043762008433937,7103
6602,-6.07889999999999997,12.48535025225642592,7104
6603,-7.77500000000000036,12.49240276652312609,7106
6604,-5.13539999999999974,12.43134436277087573,7106
6605,-6.08239999999999981,12.36742824027607668,7107
6606,-4.60559999999999992,12.39942572515268004,7108
6607,-5.79969999999999963,12.44493412834576063,7109
6608,-4.28530000000000033,12.52691766030227960,7110
6609,-5.55799999999999983,12.55874322536149812,7112
6610,-3.14190000000000014,12.58327033072409940,7113
6611,-3.58179999999999987,12.61026135237890955,7113
6612,-1.20470000000000010,12.66268566996136080,7114
6613,-4.35719999999999974,12.73732831456590908,7115
6614,-5.24680000000000035,12.82077209394344663,7116
6615,-7.77369999999999983,12.91314910259603188,7117
6616,-8.15240000000000009,12.78602770936039512,7119
6617,-9.94319999999999915,12.73699093800098581,7120
6618,-5.45889999999999986,12.75295298624674700,7121
6619,-5.49150000000000027,12.74600788739626189,7122
6620,-5.26060000000000016,12.73299810525070974,7123
6621,-3.37440000000000007,12.73736997368782653,7123
6622,-2.04809999999999981,12.72990079661446217,7125
6623,-0.90275000000000005,12.70383661021760346,7126
6624,-2.85369999999999990,12.62847537434557488,7127
6625,-1.39759999999999995,12.58862438713760845,7128
6626,-3.36129999999999995,12.53695729889738786,7129
6627,-1.90510000000000002,12.50201695169971927,7130
6628,-4.60909999999999975,12.44193871165145637,7131
6629,-3.33440000000000003,12.46343143060414249,7131
6630,-5.35379999999999967,12.49455146919030391,7133
6631,-6.13009999999999966,12.47071637567804103,7134
6632,-7.01389999999999958,12.45747028176315219,7135
6633,-7.17290000000000028,12.42380428090691780,7136
6634,-7.62319999999999975,12.42672647053687385,7137
6635,-7.13060000000000027,12.44446932846852860,7138
6636,-6.94819999999999993,12.69133750706031449,7138
6637,-7.43940000000000001,12.96917014536916568,7140
6638,-7.49559999999999960,12.72649851513620511,7141
6639,-7.10480000000000000,12.58514440391051536,7142
6640,-8.54579999999999984,12.53031673064621465,7143
6641,-7.09890000000000043,12.44749806834144046,7145
6642,-23.71199999999999974,12.34481761887217566,7145
6643,-19.77100000000000080,12.34689181709531347,7146
6644,-16.73799999999999955,12.34676927502975197,7147
6645,-19.12300000000000111,12.34123981212920818,7148
6646,-21.03600000000000136,12.31710743514522655,7150
6647,-20.61199999999999832,12.31779553956971718,7150
6648,-19.68199999999999861,12.32189172500163288,7151
6649,-17.33899999999999864,12.34479572389178337,7152
6650,-19.47899999999999920,12.34286233428761825,7153
6651,-25.12300000000000111,12.35281697627115349,7154
6652,-33.99900000000000233,12.40269329423717082,7156
6653,-36.03199999999999648,12.44311301806248515,7156
6654,-35.31199999999999761,12.36303790882231013,7158
6655,-31.08599999999999852,12.34332915179638412,7159
6656,-23.19699999999999918,12.32682402404582334,7160
6657,-17.80300000000000082,12.35408184577420343,7161
6658,-19.24299999999999855,12.37623191794298805,7162
6659,-16.85500000000000043,12.37177021494054863,7163
6660,-15.53800000000000026,12.36169468962311413,7164
6661,-16.04899999999999949,12.33195995742996232,7165
6662,-16.80199999999999960,12.33269305085350176,7166
6663,-16.93499999999999872,12.31739196511851020,7167
6664,-15.56099999999999994,12.33546125636585167,7168
6665,-16.14999999999999858,12.32630479948155156,7169
6666,-17.60399999999999920,12.39967818537268940,7170
6667,-19.03500000000000014,12.39251931009413532,7171
6668,-21.07999999999999829,12.40158475634534341,7172
6669,-22.62800000000000011,12.40727254696527559,7173
6670,-21.84400000000000119,12.37889808524042223,7174
6671,-21.31299999999999883,12.37718770446420535,7175
6672,-20.89099999999999824,12.38228786783941260,7176
6673,-20.96199999999999974,12.37846425831969377,7177
6674,-21.76000000000000156,12.37349189222272727,7178
6675,-23.36499999999999844,12.35315124032519307,7179
6676,-23.77799999999999869,12.29825650680863092,7180
6677,-25.44699999999999918,12.20518115209431009,7181
6678,-25.88599999999999923,12.09464777038305705,7182
6679,-24.65099999999999980,12.00557612715641476,7183
6680,-24.88599999999999923,11.95081901548086378,7184
6681,-23.57900000000000063,11.91446600559686786,7185
6682,-23.28300000000000125,11.88940444862140922,7186
6683,-21.46900000000000119,11.87142886683155929,7187
6684,-23.69099999999999895,11.87311915488898961,7188
6685,-22.43100000000000094,11.80543829374391329,7189
6686,-23.25100000000000122,11.77388845657941729,7190
6687,-22.92899999999999849,11.72533717284733612,7191
6688,-21.18599999999999994,11.69389196355950489,7192
6689,-21.15399999999999991,11.66750357316234599,7193
6690,-20.51599999999999824,11.62564121265519823,7194
6691,-18.25300000000000011,11.55922341731957204,7195
6692,-18.25799999999999912,11.49107755156556721,7196
6693,-16.44900000000000162,11.40988610063885922,7197
6694,-21.19800000000000040,11.35480759360766179,7198
6695,-12.33000000000000007,11.23078229565546948,7199
6696,-12.30899999999999928,11.23040155634856774,7200
6697,-21.63100000000000023,11.24377289133996349,7201
6698,-25.35600000000000165,11.30751806012400884,7202
6699,-25.33500000000000085,11.20816147349606240,7203
6700,-27.59799999999999898,11.20091124788342718,7204
6701,-29.34600000000000009,11.22285529810520543,7205
6702,-29.58699999999999974,11.18233727273930000,7206
6703,-30.27599999999999980,11.14637322109251905,7207
6704,-27.50100000000000122,11.10509002785283172,7208
6705,-24.94099999999999895,11.03686681376481005,7209
6706,-29.07799999999999940,10.91517256019887405,7210
6707,-17.29500000000000171,10.72531931079901213,7211
6708,-16.79299999999999926,10.68897362448008437,7212
6709,-17.22800000000000153,10.67637384566199898,7213
6710,-19.29599999999999937,10.61434501714431633,7214
6711,-16.59900000000000020,10.56994710073126598,7215
6712,-14.24200000000000088,10.55241372806490574,7216
6713,-13.34699999999999953,10.54514375131116211,7217
6714,-15.10100000000000087,10.52858210069302025,7218
6715,-12.03999999999999915,10.51978233777410487,7219
6716,-16.29599999999999937,10.43000260810159752,7220
6717,-15.72899999999999920,10.39550886087554993,7221
6718,-15.88199999999999967,10.35113159821254136,7222
6719,-16.20400000000000063,10.32183545947961001,7223
6720,-15.88700000000000045,10.28922422355821276,7224
6721,-15.61200000000000010,10.26553728833677148,7225
6722,-13.69800000000000040,10.24705814221719535,7226
6723,-12.04299999999999926,10.24370478431027820,7227
6724,-11.58600000000000030,10.25882940082938788,7228
6725,-11.22799999999999976,10.28945048759499414,7229
6726,-10.17200000000000060,10.31235416947692585,7230
6727,-11.55199999999999960,10.36102048628087324,7231
6728,-11.67900000000000027,10.36353118326131195,7232
6729,-11.60500000000000043,10.38292000578172036,7233
6730,-11.02500000000000036,10.39340022415248121,7234
6731,-12.68200000000000038,10.39207870104098852,7235
6732,-12.15600000000000058,10.37045637049456381,7236
6733,-14.14100000000000001,10.28729704357591679,7237
6734,-17.64600000000000080,10.12905879886127458,7238
6735,-17.90700000000000003,9.81930501492636587,7239
6736,-27.57900000000000063,9.41021849101077734,7240
6737,-38.34499999999999886,9.40558672452650946,7241
6738,-36.52199999999999847,9.67211112355708202,7242
6739,-33.83700000000000330,9.88425337179696051,7243
6740,-36.92600000000000193,10.07064233680483234,7244
6741,-29.76899999999999835,10.24669558938413694,7245
6742,-22.82000000000000028,10.31844282710697591,7246
6743,-21.97100000000000009,10.32994408633642536,7247
6744,-16.50100000000000122,10.35529936120066807,7248
6745,-18.23699999999999832,10.38327395921512597,7249
6746,-16.08599999999999852,10.36664902414460521,7250
6747,-12.41099999999999959,10.32887994192670078,7251
6748,-11.92099999999999937,10.37648817317247563,7252
6749,-12.75099999999999945,10.39593856351211443,7253
6750,-13.65499999999999936,10.45745249490613560,7254
6751,-14.92900000000000027,10.85842572812349616,7255
6752,-18.97500000000000142,11.06628027442800821,7256
6753,-18.42999999999999972,11.14352830323252341,7257
6754,-21.09600000000000009,11.43458906295589017,7258
6755,-18.38200000000000145,11.64008621057007353,7259
6756,-17.17699999999999960,11.81793729477701582,7260
6757,-15.29199999999999982,11.93589746591978873,7261
6758,-14.21700000000000053,12.00036268175344212,7262
6759,-16.33200000000000074,12.06975592215080617,7263
6760,-12.28200000000000003,12.07677069984659468,7264
6761,-14.36500000000000021,11.93021122345723839,7774
6762,-12.73300000000000054,11.88439612606290829,7775
6763,-13.24699999999999989,11.69034928102519189,7776
6764,-12.40399999999999991,11.46069797306311600,7777
6765,-15.58000000000000007,11.28349738385943546,7778
6766,-14.45100000000000051,11.14281732731478058,7779
6767,-15.90399999999999991,11.00282647882815645,7780
6768,-16.46199999999999974,10.86907459044257251,7781
6769,-35.19500000000000028,10.65954732789351311,7783
6770,-34.12599999999999767,10.81975924188139082,7784
6771,-35.05599999999999739,10.92144659313018273,7785
6772,-41.22299999999999898,10.96224770121849446,7786
6773,-40.26599999999999824,11.09974785615271919,7786
6774,-32.79399999999999693,11.28511221055085478,7787
6775,-26.05099999999999838,11.38986200908706437,19469
6776,-17.57999999999999829,11.23522846272323328,19470
6777,-11.57099999999999973,11.21883662567013040,19471
6778,-14.64600000000000080,11.24884059295810701,19472
6779,-14.48300000000000054,11.32343685052320481,19473
6780,-18.02899999999999991,11.35460654362832322,7793
6781,-16.55900000000000105,11.35306914185518856,7794
6782,-17.89499999999999957,11.35367454773157725,7795
6783,-14.54599999999999937,11.34987867611373602,7796
6784,-15.52899999999999991,11.36151242531465755,7797
6785,-13.18800000000000061,11.35100249202764466,7798
6786,-13.06799999999999962,11.36442533022091084,7799
6787,-13.14000000000000057,11.35376575020394796,7800
6788,-14.35599999999999987,11.35455527683371280,7801
6789,-15.58600000000000030,11.34950654006494908,7802
6790,-14.66300000000000026,11.32407050125339687,7803
6791,-12.28700000000000081,11.30115542108213056,7804
6792,-12.32499999999999929,11.31662776607818621,7805
6793,-12.79400000000000048,11.39079324056731046,7806
6794,-12.47700000000000031,11.43246417677896432,7807
6795,-11.37599999999999945,11.45270127374662650,7808
6796,-9.20700000000000074,11.48848323765204782,7809
6797,-10.22000000000000064,11.54269212115417353,7810
6798,-8.90300000000000047,11.58005699832361302,7811
6799,-7.53040000000000020,11.63100069416539739,7812
6800,-7.79830000000000023,11.68929985997763410,7813
6801,-23.79400000000000048,11.74438060585424815,7814
6802,-20.20499999999999829,11.62139429347789665,7815
6803,-16.09199999999999875,11.64351193861059919,7816
6804,-15.58699999999999974,11.65058242396357002,7817
6805,-18.88700000000000045,11.64401677392492473,7818
6806,-16.87699999999999889,11.58413829809320461,7819
6807,-12.19800000000000040,11.55109081004539817,7820
6808,-13.06799999999999962,11.52956634170011796,7821
6809,-15.32499999999999929,11.51379359383398082,7822
6810,-15.08399999999999963,11.49006508403136984,7823
6811,-14.89000000000000057,11.48676675252167634,7824
6812,-15.38700000000000045,11.48988822955825917,7825
6813,-15.92200000000000060,11.50507244748961533,7826
6814,-17.37800000000000011,11.52929745673711359,7827
6815,-16.00799999999999912,11.51834914607907123,7828
6816,-16.74899999999999878,11.50991364998527899,7829
6817,-15.45700000000000074,11.53226190788178052,7830
6818,-13.66099999999999959,11.52887976964496808,7831
6819,-15.37500000000000000,11.55944272069911349,7832
6820,-13.70299999999999940,11.95126186672152713,7833
6821,-17.24599999999999866,11.91144792466561064,6374
6822,-19.44399999999999906,11.88009694511751846,6375
6823,-19.28399999999999892,11.86904665917368362,6376
6824,-19.30999999999999872,12.14436858173475997,6377
6825,-17.30300000000000082,12.19273893084254112,6379
6826,-17.97100000000000009,12.53967463483009759,6380
6827,-20.34100000000000108,12.70777201339120488,7840
6828,-21.53600000000000136,12.59210766558585526,7841
6829,-22.15700000000000003,12.47025550613138911,7842
6830,-19.60800000000000054,12.50959386150702812,7843
6831,-20.92800000000000082,12.60833928962285100,7844
6832,-17.94699999999999918,12.61674733475307342,7845
6833,-25.18499999999999872,12.62523614312005726,7846
6834,-28.14199999999999946,12.63076791061035564,7847
6835,-37.67900000000000205,12.67952861916427487,7848
6836,-42.39900000000000091,12.61856979219107622,7847
6837,-41.52900000000000347,12.58888575358282225,7848
6838,-29.21799999999999997,12.51672419887629140,7849
6839,-25.66900000000000048,12.54670002401158513,7850
6840,-21.12099999999999866,12.53663527247544351,7853
6841,-17.87800000000000011,12.51338562652900244,7854
6842,-16.07100000000000151,12.50144573230754297,7855
6843,-17.01399999999999935,12.50721900226781891,7856
6844,-16.40399999999999991,12.49949004553325871,7857
6845,-14.61999999999999922,12.47708085836348069,7858
6846,-15.21199999999999974,12.47286156779517796,7859
6847,-14.55199999999999960,12.46552603096026246,7860
6848,-15.07199999999999918,12.49246061596245205,7861
6849,-13.71799999999999997,12.52642363593466079,7862
6850,-13.85999999999999943,12.54492892654785230,7863
6851,-14.71299999999999919,12.54699376715317705,7864
6852,-15.87199999999999989,12.52403611149866336,7865
6853,-15.29400000000000048,12.49452680794190584,7866
6854,-16.59199999999999875,12.45189001953388797,7867
6855,-16.45299999999999940,12.57564101685625957,7868
6856,-13.78599999999999959,12.53882580313675277,7869
6857,-12.87899999999999956,12.55296593038625907,7870
6858,-14.24200000000000088,12.57357413691689985,7871
6859,-14.40199999999999925,12.58405961482104374,7872
6860,-12.80799999999999983,12.59373941740655845,7873
6861,-11.47799999999999976,12.61149853680589672,7874
6862,-10.54299999999999926,12.62666218422951481,7875
6863,-7.79560000000000031,12.66691560467214650,7876
6864,-17.17299999999999827,12.71545702390589128,7877
6865,-23.59799999999999898,12.69814028806903394,7878
6866,-15.04400000000000048,12.74563800477802467,7879
6867,-19.38299999999999912,12.72829480458568696,7880
6868,-18.06700000000000017,12.73238860118966720,7881
6869,-17.43499999999999872,12.72525146375332561,7882
6870,-16.63500000000000156,12.71782279192036569,7883
6871,-17.44900000000000162,12.71810181451646393,7884
6872,-19.48799999999999955,12.71666222186240525,7885
6873,-20.05600000000000094,12.72726075683045011,7886
6874,-21.71799999999999997,12.73781946548585253,7887
6875,-23.05099999999999838,12.75069786900952984,7888
6876,-27.49200000000000088,12.78015088410978528,7889
6877,-28.57199999999999918,12.81621518038492802,7890
6878,-27.07400000000000162,12.84674991609979955,7891
6879,-27.28000000000000114,12.88055963839629747,7892
6880,-25.80099999999999838,12.88936016317154376,7893
6881,-23.65099999999999980,12.89417337266802299,7894
6882,-22.13400000000000034,12.88970027957204323,7895
6883,-20.44699999999999918,12.95584337947429887,423
6884,-23.58899999999999864,12.95374305255549707,424
6885,-23.19099999999999895,12.99513213648624266,425
6886,-24.26699999999999946,13.05035206300560269,426
6887,-24.50000000000000000,13.21060084645945842,427
6888,-22.50700000000000145,13.25607639845711461,7899
6889,-21.67399999999999949,13.14310790759192749,6763
6890,-22.74399999999999977,12.91462873126474697,6763
6891,-24.35999999999999943,12.82436446234160599,6764
6892,-23.71199999999999974,12.72644408506417868,6765
6893,-22.38500000000000156,12.68034955270843334,6766
6894,-21.73799999999999955,12.63083544597483865,6767
6895,-26.01399999999999935,12.61512561997549398,6768
6896,-31.59400000000000119,12.55792143412432793,6769
6897,-34.09199999999999875,12.71595758842090618,6770
6898,-38.55599999999999739,12.90498277779628822,6771
6899,-33.60000000000000142,12.59288392384317312,10792
6900,-22.71600000000000108,12.47449767720962122,10793
6901,-19.06099999999999994,12.39329481857411430,10794
6902,-18.03600000000000136,12.36453020675371839,10795
6903,-14.62199999999999989,12.34959450634451272,10796
6904,-16.01300000000000168,12.34910257239993037,10797
6905,-15.51699999999999946,12.34061543525228188,10798
6906,-15.46499999999999986,12.32764395869301843,10799
6907,-13.72300000000000075,12.31771608592174871,10800
6908,-14.15000000000000036,12.32963006118563776,10801
6909,-13.72300000000000075,12.33677175920912816,10802
6910,-10.51500000000000057,12.35648055314158356,10803
6911,-8.91789999999999949,12.38689087693276392,10804
6912,-9.34490000000000087,12.44487959143436839,10805
6913,-13.50799999999999912,12.51718090582280674,10806
6914,-12.49099999999999966,12.58828305083988397,10807
6915,-9.67989999999999995,12.70255452461021584,10808
6916,-8.13310000000000066,12.88464154483458479,10809
6917,-7.76869999999999994,12.88439269889306438,458
6918,-9.10779999999999923,12.75989346767997468,459
6919,-10.00300000000000011,12.95993701879028670,460
6920,-8.85299999999999976,12.98265477169091753,461
6921,-9.23000000000000043,12.97515444389197370,462
6922,-9.07879999999999932,12.99519056040209009,463
6923,-8.87049999999999983,13.02973944951084739,464
6924,-9.75839999999999996,13.04548924849365577,465
6925,-10.53800000000000026,13.06489287320332338,466
6926,-9.01720000000000077,13.09859100829744172,467
6927,-9.11200000000000010,13.19482902544377545,468
6928,-7.71649999999999991,13.18132380607806198,6738
6929,-13.01500000000000057,12.73699859070117846,6739
6930,-16.08200000000000074,12.52372775201059163,6740
6931,-11.66300000000000026,12.34267798607896793,6741
6932,-11.55400000000000027,12.14104745510798367,6742
6933,-14.32000000000000028,12.05949266373140993,6743
6934,-13.13400000000000034,12.03592493609187564,6744
6935,-14.92300000000000004,12.04672441485622691,6745
6936,-12.49300000000000033,12.05290407663938268,6746
6937,-12.18699999999999939,12.07282902022940974,6747
6938,-12.79899999999999949,12.08805107698991144,6748
6939,-12.33200000000000074,12.10678268203151653,6749
6940,-11.19200000000000017,12.14509366749080499,6750
6941,-11.60699999999999932,12.23442138050321759,6751
6942,-12.53200000000000003,12.32229497910260818,6752
6943,-12.54499999999999993,12.44613951114558148,6753
6944,-11.12500000000000000,12.58313066453941076,6754
6945,-12.33699999999999974,12.62850229287082371,6755
6946,-10.36899999999999977,12.64196120273426693,6756
6947,-18.83099999999999952,12.65026945318005325,6757
6948,-18.43400000000000105,12.66465162947801204,6758
6949,-10.29100000000000037,12.70857752857732592,6759
6950,-7.40190000000000037,12.59884803327443592,6760
6951,-7.09940000000000015,12.61019747590792583,6761
6952,-7.67879999999999985,12.72337837836663255,6762
6953,-6.74319999999999986,12.71593352029958801,6763
6954,-7.68100000000000005,12.69180038911102493,6764
6955,-9.80180000000000007,12.72699321142115991,6765
6956,-11.32000000000000028,12.73383554663000439,6766
6957,-13.35299999999999976,12.74746895917308365,6767
6958,-12.39400000000000013,12.74580024659953637,6768
6959,-31.65500000000000114,12.75371999270643997,6769
6960,-32.95600000000000307,12.92521334498983521,6770
6961,-38.45600000000000307,13.10386525286301485,6771
6962,-37.06099999999999994,13.35915300640685111,6772
6963,-23.70700000000000074,13.73552161878300382,6773
6964,-19.43100000000000094,13.77415205096656337,6774
6965,-18.11599999999999966,13.73823677348981320,6775
6966,-19.69000000000000128,13.72181294819953656,6776
6967,-19.39099999999999824,13.72038870767263852,6777
6968,-17.42099999999999937,13.68609506799057485,6778
6969,-17.80900000000000105,13.68102452257729951,6779
6970,-19.14300000000000068,13.67490559712394393,6780
6971,-17.29299999999999926,13.67110462443009133,6781
6972,-18.79599999999999937,13.67331365075429694,6782
6973,-18.05300000000000082,13.67035913079637055,6783
6974,-18.06899999999999906,13.66063184040036838,6784
6975,-17.47500000000000142,13.64706512295265739,6785
6976,-20.06599999999999895,13.63600421945270647,6786
6977,-19.98400000000000176,13.60656109027047300,6787
6978,-18.00499999999999901,13.58337106452146514,6788
6979,-16.74899999999999878,13.57709610985398996,6789
6980,-14.77399999999999913,13.57156950337798307,6790
6981,-16.21499999999999986,13.58650868944657475,6791
6982,-14.92500000000000071,13.58872979156267746,6792
6983,-15.92399999999999949,13.59956887583853025,6793
6984,-13.03700000000000081,13.69502121615932921,6794
6985,-15.59500000000000064,13.73045991452662840,6795
6986,-12.20899999999999963,13.73831688857545252,6858
6987,-13.53500000000000014,13.74359483780943414,6859
6988,-13.47499999999999964,13.75826171627882921,6860
6989,-11.19500000000000028,13.79171419916507269,6861
6990,-9.21969999999999956,13.81760588265390055,6862
6991,-19.79899999999999949,13.60776245923454297,6738
6992,-13.63100000000000023,13.56598463988451719,6739
6993,-8.78420000000000023,13.35692921803094535,6740
6994,-15.22499999999999964,12.83401106266170544,6741
6995,-14.92200000000000060,12.68612308383804610,6742
6996,-16.27400000000000091,12.63385067317089927,6743
6997,-16.68100000000000094,12.61278876939141824,6744
6998,-16.33200000000000074,12.58258643721792680,6745
6999,-13.84299999999999997,12.56129237628833550,6746
7000,-12.69299999999999962,12.58699089162830020,6747
7001,-15.57900000000000063,12.60133086433343408,6748
7002,-15.62199999999999989,12.60393655636319110,6749
7003,-18.31099999999999994,12.63466502165511685,6750
7004,-20.87199999999999989,12.69751466459066336,6751
7005,-25.15500000000000114,12.76935142017142333,6752
7006,-24.88200000000000145,12.84697531348950328,6753
7007,-24.12699999999999889,12.94510645703559071,6754
7008,-23.38200000000000145,13.07761939990806432,6755
7009,-23.43599999999999994,13.09481725031182719,6756
7010,-20.18199999999999861,13.04949038148273033,6757
7011,-18.93799999999999883,13.02088899158928470,6758
7012,-15.30300000000000082,12.98491750923911070,6759
7013,-12.83099999999999952,13.04237890214328388,6760
7014,-14.65399999999999991,12.96469028722613714,6761
7015,-9.47419999999999973,13.29450307119845576,6761
7016,-9.28650000000000020,13.52831881325572105,6763
7017,-10.13299999999999912,13.56507179328059109,6764
7018,-10.48799999999999955,13.58810926837852762,6765
7019,-7.62600000000000033,13.58367153206214972,6766
7020,-9.33380000000000010,13.57422149470758477,6767
7021,-10.87599999999999945,13.55744597145144148,6768
7022,-13.06400000000000006,13.54930741372135294,6769
7023,-29.19900000000000162,13.30729498864242721,6770
7024,-19.26000000000000156,13.46989707517553114,6771
7025,-36.95900000000000318,13.42000924690043107,6772
7026,-41.93599999999999994,13.83444448930644910,6773
7027,-40.28900000000000148,14.35761920986895390,6774
7028,-32.03000000000000114,14.36429487991444276,6711
7029,-17.95899999999999963,14.08701143299968450,6712
7030,-15.58699999999999974,14.02025029730812733,6713
7031,-16.84199999999999875,13.99496712049146652,6714
7032,-15.94999999999999929,13.95523785876482314,6715
7033,-15.15099999999999980,13.90788001479563363,6716
7034,-15.24099999999999966,13.89399474820453761,6717
7035,-18.14900000000000091,13.93259636458035544,6718
7036,-14.27899999999999991,13.98951356786466071,6719
7037,-16.30300000000000082,14.18737056317962697,6720
7038,-12.64000000000000057,14.37205086949932387,12100
7039,-14.17399999999999949,14.68841213246149735,12988
7040,-9.66639999999999944,14.87966456336967092,2732
7041,-12.02399999999999913,14.08136425817422221,2733
7042,-15.99099999999999966,13.52258347606562694,2734
7043,-14.94599999999999973,13.06835887574196242,2735
7044,-11.91399999999999970,12.67088688945826114,2736
7045,-13.83300000000000018,12.50557941287763875,2737
7046,-13.50300000000000011,12.43849029734986722,2738
7047,-15.21899999999999942,12.45087527018446849,2739
7048,-15.73000000000000043,12.45238493040549699,2740
7049,-14.69699999999999918,12.44122522509327844,2741
7050,-13.00799999999999912,12.42414246058001126,2742
7051,-11.08500000000000085,12.40152923926115314,2743
7052,-11.20100000000000051,12.41456462081497136,2744
7053,-9.70960000000000001,12.42783678410909332,2745
7054,-20.13400000000000034,12.47135414962797917,2746
7055,-23.98900000000000077,12.38656178646263939,2747
7056,-16.60000000000000142,12.42425926159127414,2748
7057,-18.73499999999999943,12.42100106558088513,2749
7058,-20.34700000000000131,12.42107245393916415,2750
7059,-21.12099999999999866,12.41249818303726116,2751
7060,-20.12199999999999989,12.33311288745619905,2752
7061,-15.99499999999999922,12.33782048666935793,2753
7062,-15.23399999999999999,12.33830004430488181,2754
7063,-14.53700000000000081,12.32541615748293040,2755
7064,-15.58200000000000074,12.31164045495326498,2756
7065,-15.75699999999999967,12.30388827341366209,2757
7066,-16.09299999999999997,12.26212821991432733,2758
7067,-17.54299999999999926,12.23633302805189871,2759
7068,-16.41000000000000014,12.22716900928130812,2760
7069,-18.38899999999999935,12.21437296992767685,2761
7070,-17.11100000000000065,12.23438171103769534,2762
7071,-18.16900000000000048,12.24478287915958674,2763
7072,-13.06300000000000061,12.29133889486270270,2764
7073,-14.89899999999999913,12.35213851339483249,2765
7074,-14.74699999999999989,12.62311206836525024,2766
7075,-12.97799999999999976,13.13167061138728720,2767
7076,-13.29800000000000004,13.64637871978589700,14801
7077,-16.48699999999999832,13.42627305812964167,14801
7078,-13.78999999999999915,13.22329295801052318,14803
7079,-11.55199999999999960,13.01478631667694685,14804
7080,-12.91900000000000048,12.78603981164585512,14804
7081,-12.55599999999999916,12.88712015237206465,14805
7082,-12.41999999999999993,12.99552261030379086,14806
7083,-11.89499999999999957,13.05489225062669156,14807
7084,-12.91000000000000014,13.07652015339414397,14808
7085,-14.88799999999999990,13.06088233280376443,14809
7086,-19.88500000000000156,13.06308572995100015,14810
7087,-30.83500000000000085,13.06638426773190886,14811
7088,-44.21999999999999886,13.03426968309008238,14812
7089,-44.93299999999999983,13.25295963091029172,14813
7090,-25.85099999999999909,12.84151056127336155,6588
7091,-19.97200000000000131,12.68350526400073974,6589
7092,-17.26000000000000156,12.63367764504215884,6590
7093,-18.50700000000000145,12.60430864534151674,6591
7094,-13.71899999999999942,12.55456021889315110,6592
7095,-13.50300000000000011,12.55371225566203286,6593
7096,-16.01800000000000068,12.55762828828658151,6594
7097,-13.91099999999999959,12.52916352446933956,6595
7098,-14.65700000000000003,12.52630712381104239,6596
7099,-14.49600000000000044,12.54228522121709233,6597
7100,-16.06500000000000128,12.52015609193194301,6598
7101,-15.51699999999999946,12.48441069281841820,6599
7102,-17.22500000000000142,12.45750885670359231,6600
7103,-18.00000000000000000,12.41043762008433937,6601
7104,-18.42200000000000060,12.46874342506557198,6601
7105,-21.08899999999999864,12.49383110658121510,6603
7106,-18.96199999999999974,12.43134436277087573,6604
7107,-17.03999999999999915,12.36742824027607668,6605
7108,-15.93299999999999983,12.39942572515268004,6606
7109,-14.48600000000000065,12.44493412834576063,6607
7110,-12.35399999999999920,12.48597477588547200,6607
7111,-13.42900000000000027,12.54382615085511077,6608
7112,-12.33500000000000085,12.50568792753548841,8980
7113,-9.62819999999999965,12.51834728558684517,8981
7114,-8.49009999999999998,12.57853110441622135,8982
7115,-6.76700000000000035,12.66676058248128456,8983
7116,-4.51740000000000030,12.76572587608151998,8984
7117,-6.95790000000000042,12.82181986873955637,8985
7118,-25.95499999999999829,12.84447154287134296,8986
7119,-18.80000000000000071,12.78602770936039512,6616
7120,-13.43299999999999983,12.73699093800098581,6617
7121,-14.35899999999999999,12.63945509510901211,8988
7122,-15.15199999999999925,12.61928292045643119,8989
7123,-12.56900000000000084,12.58384160712917677,8990
7124,-14.54800000000000004,12.56357538863441725,8991
7125,-15.21400000000000041,12.65070050010371183,8992
7126,-16.19500000000000028,12.68863284088121723,8993
7127,-15.30899999999999928,12.62847537434557488,6624
7128,-14.92300000000000004,12.58314560175624486,6626
7129,-14.93399999999999928,12.53695729889738786,6626
7130,-15.36500000000000021,12.49476264027502204,6628
7131,-13.24099999999999966,12.44193871165145637,6628
7132,-13.79400000000000048,12.48879598677548941,6629
7133,-15.64400000000000013,12.49455146919030391,6630
7134,-15.54299999999999926,12.47071637567804103,6631
7135,-15.97400000000000020,12.45747028176315219,6632
7136,-15.99200000000000088,12.42380428090691780,6633
7137,-16.26899999999999835,12.42672647053687385,6634
7138,-14.41099999999999959,12.44446932846852860,6635
7139,-16.34199999999999875,12.72714638524312925,6636
7140,-17.85999999999999943,12.96917014536916568,6637
7141,-18.10000000000000142,12.72649851513620511,6638
7142,-21.59900000000000020,12.58514440391051536,6639
7143,-21.47299999999999898,12.53031673064621465,6640
7144,-20.16700000000000159,12.45986239406254548,6641
7145,-17.39199999999999946,12.34481761887217566,6642
7146,-18.27100000000000080,12.34689181709531347,6643
7147,-19.11700000000000088,12.34676927502975197,6644
7148,-21.27299999999999969,12.34123981212920818,6645
7149,-26.81500000000000128,12.33630873450539234,6646
7150,-21.73100000000000165,12.31710743514522655,6646
7151,-18.90700000000000003,12.32130601640008827,6647
7152,-23.26200000000000045,12.34479572389178337,6649
7153,-23.96499999999999986,12.34286233428761825,6650
7154,-25.93900000000000006,12.34704381729475564,6650
7155,-23.39600000000000080,12.36852939107531846,6651
7156,-24.69200000000000017,12.40269329423717082,6652
7157,-19.48199999999999932,12.44329763070219386,6653
7158,-21.97500000000000142,12.36303790882231013,6654
7159,-20.03399999999999892,12.34332915179638412,6655
7160,-21.10999999999999943,12.32682402404582334,6656
7161,-20.01500000000000057,12.35408184577420343,6657
7162,-17.47899999999999920,12.37623191794298805,6658
7163,-18.82499999999999929,12.37177021494054863,6659
7164,-19.76699999999999946,12.36169468962311413,6660
7165,-16.67000000000000171,12.33195995742996232,6661
7166,-17.82000000000000028,12.33269305085350176,6662
7167,-16.80999999999999872,12.31739196511851020,6663
7168,-18.12900000000000134,12.33546125636585167,6664
7169,-17.72700000000000031,12.32630479948155156,6665
7170,-14.73300000000000054,12.39967818537268940,6666
7171,-13.16600000000000037,12.39251931009413532,6667
7172,-15.07399999999999984,12.40158475634534341,6668
7173,-15.22300000000000075,12.40727254696527559,6669
7174,-14.32399999999999984,12.37889808524042223,6670
7175,-16.20899999999999963,12.37718770446420535,6671
7176,-16.48799999999999955,12.38228786783941260,6672
7177,-17.74500000000000099,12.37846425831969377,6673
7178,-16.52899999999999991,12.37349189222272727,6674
7179,-14.86500000000000021,12.35315124032519307,6675
7180,-15.79199999999999982,12.29825650680863092,6676
7181,-16.38899999999999935,12.20518115209431009,6677
7182,-16.96000000000000085,12.09464777038305705,6678
7183,-20.79200000000000159,12.00557612715641476,6679
7184,-20.47700000000000031,11.95081901548086378,6680
7185,-19.22200000000000131,11.91446600559686786,6681
7186,-18.14399999999999835,11.88940444862140922,6682
7187,-16.86299999999999955,11.87142886683155929,6683
7188,-14.65199999999999925,11.87311915488898961,6684
7189,-16.28999999999999915,11.80543829374391329,6685
7190,-15.37299999999999933,11.77388845657941729,6686
7191,-16.48600000000000065,11.72533717284733612,6687
7192,-15.74499999999999922,11.69389196355950489,6688
7193,-13.72100000000000009,11.66750357316234599,6689
7194,-10.16300000000000026,11.62564121265519823,6690
7195,-6.71170000000000044,11.55922341731957204,6691
7196,-5.31920000000000037,11.49107755156556721,6692
7197,-5.91340000000000021,11.40988610063885922,6693
7198,-8.18079999999999963,11.35480759360766179,6694
7199,-17.03999999999999915,11.23078229565546948,6695
7200,-18.23300000000000054,11.23040155634856774,6696
7201,-21.17500000000000071,11.24377289133996349,6697
7202,-17.41300000000000026,11.30751806012400884,6698
7203,-18.60900000000000176,11.20816147349606240,6699
7204,-19.52299999999999969,11.20091124788342718,6700
7205,-19.75300000000000011,11.22285529810520543,6701
7206,-20.33399999999999963,11.18233727273930000,6702
7207,-21.03000000000000114,11.14637322109251905,6703
7208,-17.40399999999999991,11.10509002785283172,6704
7209,-12.56300000000000061,11.03686681376481005,6705
7210,-13.57199999999999918,10.91517256019887405,6706
7211,-10.48399999999999999,10.72531931079901213,6707
7212,-18.04599999999999937,10.68897362448008437,6708
7213,-25.43499999999999872,10.67637384566199898,6709
7214,-12.66799999999999926,10.61434501714431633,6710
7215,-14.98199999999999932,10.56994710073126598,6711
7216,-15.94400000000000084,10.55241372806490574,6712
7217,-16.87300000000000111,10.54514375131116211,6713
7218,-16.97599999999999909,10.52858210069302025,6714
7219,-20.98400000000000176,10.51978233777410487,6715
7220,-18.63899999999999935,10.43000260810159752,6716
7221,-19.27799999999999869,10.39550886087554993,6717
7222,-15.93399999999999928,10.35113159821254136,6718
7223,-16.05399999999999849,10.32183545947961001,6719
7224,-15.85500000000000043,10.28922422355821276,6720
7225,-14.34900000000000020,10.26553728833677148,6721
7226,-12.92300000000000004,10.24705814221719535,6722
7227,-12.90799999999999947,10.24370478431027820,6723
7228,-11.93200000000000038,10.25882940082938788,6724
7229,-11.43399999999999928,10.28945048759499414,6725
7230,-9.29289999999999949,10.31235416947692585,6726
7231,-10.49900000000000055,10.36102048628087324,6727
7232,-11.81199999999999939,10.36353118326131195,6728
7233,-13.50399999999999956,10.38292000578172036,6729
7234,-16.22700000000000031,10.39340022415248121,6730
7235,-18.42699999999999960,10.39207870104098852,6731
7236,-24.15099999999999980,10.37045637049456381,6732
7237,-28.86100000000000065,10.28729704357591679,6733
7238,-38.40299999999999869,10.12905879886127458,6734
7239,-40.29399999999999693,9.81930501492636587,6735
7240,-39.36800000000000210,9.41021849101077734,6736
7241,-39.50099999999999767,9.40558672452650946,6737
7242,-38.03000000000000114,9.67211112355708202,6738
7243,-36.58700000000000330,9.88425337179696051,6739
7244,-30.93400000000000105,10.07064233680483234,6740
7245,-24.13299999999999912,10.24669558938413694,6741
7246,-16.70400000000000063,10.31844282710697591,6742
7247,-20.51999999999999957,10.32994408633642536,6743
7248,-16.06400000000000006,10.35529936120066807,6744
7249,-13.74000000000000021,10.38327395921512597,6745
7250,-11.05899999999999928,10.36664902414460521,6746
7251,-12.15600000000000058,10.32887994192670078,6747
7252,-12.31099999999999994,10.37648817317247563,6748
7253,-13.47199999999999953,10.39593856351211443,6749
7254,-16.05799999999999983,10.45745249490613560,6750
7255,-15.39600000000000080,10.85842572812349616,6751
7256,-16.02299999999999969,11.06628027442800821,6752
7257,-16.25900000000000034,11.14352830323252341,6753
7258,-15.28500000000000014,11.43458906295589017,6754
7259,-14.66499999999999915,11.64008621057007353,6755
7260,-13.95299999999999940,11.81793729477701582,6756
7261,-14.35200000000000031,11.93589746591978873,6757
7262,-12.59900000000000020,12.00036268175344212,6758
7263,-12.31700000000000017,12.06975592215080617,6759
7264,-10.51299999999999990,12.07677069984659468,6760
7265,-12.00999999999999979,12.02854885497850823,6761
7266,-13.72199999999999953,12.00284285171245990,6762
7267,-14.43999999999999950,11.84559277769542440,6763
7268,-13.56900000000000084,11.83177021611260038,6764
7269,-13.85800000000000054,11.81635782679181013,8282
7270,-14.90700000000000003,11.64232090611291071,8283
7271,-17.73499999999999943,11.46279389804745996,8284
7272,-17.01000000000000156,11.29052478594801023,8285
7273,-26.00600000000000023,11.11464294409412545,8286
7274,-37.96900000000000119,11.13043582256679898,8287
7275,-44.52100000000000080,11.37578731623347217,8288
7276,-45.57800000000000296,11.73650957846001575,8289
7277,-34.17000000000000171,12.27413079288145425,8290
7278,-26.58699999999999974,12.49489363580116930,4997
7279,-22.72500000000000142,12.41259813108661270,4998
7280,-13.29400000000000048,12.34275671877191627,4999
7281,-11.69599999999999973,12.38406001616539420,5000
7282,-12.75200000000000067,12.44321274623079709,5001
7283,-15.16600000000000037,12.52574354566469417,8296
7284,-15.48199999999999932,12.51613036732700124,8297
7285,-18.41499999999999915,12.52156428880057248,8298
7286,-17.17699999999999960,12.51477739097527220,8299
7287,-15.42399999999999949,12.50744237992554986,8300
7288,-14.61500000000000021,12.48357358865938238,3993
7289,-15.31300000000000061,12.40661234658077738,3994
7290,-13.78999999999999915,12.34887682791034180,3995
7291,-15.08799999999999919,12.35229671085936864,3996
7292,-16.25100000000000122,12.34025624368064733,3997
7293,-17.74500000000000099,12.23022509738570562,3998
7294,-12.77500000000000036,12.10133746550743972,3999
7295,-13.22799999999999976,12.10152869880144166,4000
7296,-15.65000000000000036,12.09576298285179696,4001
7297,-15.93299999999999983,12.09287247559870515,4002
7298,-17.57799999999999940,12.04171199110114898,5017
7299,-14.31600000000000072,11.95055260149876553,5018
7300,-12.61100000000000065,11.79937673352116079,5019
7301,-13.64300000000000068,11.54639425857819646,5020
7302,-11.35399999999999920,11.28940260775352300,5021
7303,-10.58200000000000074,10.90590609449257542,5022
7304,-10.89199999999999946,10.48312063217155554,5023
7305,-10.69400000000000084,10.05861490117820622,5024
7306,-11.17500000000000071,9.91107755794742395,5025
7307,-8.77449999999999974,9.93058950353117353,5026
7308,-29.10600000000000165,9.94149356148045271,5027
7309,-24.60099999999999909,9.95611744369314167,5028
7310,-20.66199999999999903,9.98215523445258945,5029
7311,-17.85699999999999932,9.97259259547577592,5030
7312,-17.48300000000000054,9.78986866885267837,5031
7313,-14.51800000000000068,9.55121761086106424,5032
7314,-13.37500000000000000,9.49155388143018186,5033
7315,-13.85999999999999943,9.43017020138685780,5034
7316,-15.91499999999999915,9.35019885493422898,5035
7317,-17.57000000000000028,9.33476919596298593,5036
7318,-14.89799999999999969,9.31999468124225139,5037
7319,-15.74000000000000021,9.26513920651783707,5038
7320,-16.60999999999999943,9.25620151550740466,5039
7321,-14.77899999999999991,9.23701436583048086,5040
7322,-12.34099999999999930,9.21536875872712002,5041
7323,-13.09699999999999953,9.18451527558966418,5042
7324,-16.84799999999999898,9.13360978123121114,5043
7325,-14.40399999999999991,9.08279155259847215,5044
7326,-16.16700000000000159,9.04744235675240027,5045
7327,-16.74899999999999878,8.99403898409925873,5046
7328,-16.77499999999999858,8.95196070698824009,5047
7329,-18.81099999999999994,8.92609211676403724,5048
7330,-17.44399999999999906,9.06085199405680086,5049
7331,-13.19999999999999929,9.01086996061859935,5050
7332,-15.73700000000000010,9.02194009385840978,5051
7333,-14.07300000000000040,9.04149866683696501,5052
7334,-14.92300000000000004,9.06177861044375277,5053
7335,-15.15000000000000036,9.06594806463937886,5054
7336,-16.44999999999999929,9.08142860324920065,5055
7337,-17.21199999999999974,9.08515079038126139,5056
7338,-14.59500000000000064,9.07767348039718769,5057
7339,-17.02899999999999991,9.03462232953191702,5058
7340,-30.93199999999999861,9.00811267218878875,5059
7341,-37.68200000000000216,8.91326342508491365,5060
7342,-43.73299999999999699,8.81006314656216283,5061
7343,-31.37399999999999878,8.31940483714702772,5062
7344,-19.72700000000000031,8.26124845455801804,5064
7345,-19.49599999999999866,8.26108170817595955,5065
7346,-17.06099999999999994,8.25485407913650882,5066
7347,-17.80399999999999849,8.25124569506701988,5067
7348,-16.63899999999999935,8.23669169596325368,5068
7349,-16.31500000000000128,8.25402865369127525,5069
7350,-16.89999999999999858,8.28054398020255711,5070
7351,-19.61199999999999832,8.28314090723269736,5071
7352,-19.53099999999999881,8.39055030999701046,5072
7353,-19.15200000000000102,8.44267093175129091,5073
7354,-21.37600000000000122,8.48762694209686508,5074
7355,-18.17500000000000071,8.50320786844946852,5075
7356,-17.57700000000000173,8.49361870304921673,5076
7357,-19.30799999999999983,8.49191369500153215,5077
7358,-19.63200000000000145,8.47682661589118069,5078
7359,-20.41499999999999915,8.46559684710583760,5079
7360,-18.16000000000000014,8.42688880612796609,5080
7361,-18.67000000000000171,8.40671535433940775,5081
7362,-15.38000000000000078,8.35475745990355811,5082
7363,-15.46899999999999942,8.34014701763196342,5083
7364,-14.15399999999999991,8.33223169314334733,5084
7365,-15.15499999999999936,8.38170719369151662,5085
7366,-13.52399999999999913,8.40379053035126944,5086
7367,-14.97499999999999964,8.42492250896726524,5087
7368,-14.29199999999999982,8.39980766607184925,5088
7369,-11.91399999999999970,8.69129907838217441,5089
7370,-9.02120000000000033,8.71604662524781126,5090
7371,-25.37900000000000134,8.69213447974245845,5091
7372,-23.34199999999999875,8.70405322959041605,5092
7373,-16.58699999999999974,8.57522550115929860,5093
7374,-22.22400000000000020,8.29447618029874789,5093
7375,-21.78900000000000148,8.23894854802083110,5094
7376,-22.50499999999999901,8.25094054518916487,5095
7377,-20.04599999999999937,8.25090205121729348,5096
7378,-21.46699999999999875,8.24454814203531683,5097
7379,-22.77899999999999991,8.24895630438114402,5098
7380,-28.22899999999999920,8.25697096911530792,5099
7381,-28.47800000000000153,8.29240387266495915,5100
7382,-26.91199999999999903,8.35337872917916258,5101
7383,-30.21199999999999974,8.36803601024010568,5102
7384,-26.77199999999999847,8.50081530729278789,5103
7385,-25.86599999999999966,8.55471140567141219,5104
7386,-26.54799999999999827,8.59827511673643663,5105
7387,-26.71699999999999875,8.64929315317257164,5106
7388,-23.55699999999999861,8.70650558479720260,5107
7389,-21.70899999999999963,8.75447685989946578,5108
7390,-21.81299999999999883,8.73976799974247420,5109
7391,-21.37399999999999878,8.74705099632988414,5110
7392,-21.78699999999999903,8.75924708539176144,5111
7393,-22.03200000000000003,8.76522998337213899,5112
7394,-20.10500000000000043,8.78624452585959048,5113
7395,-20.56599999999999895,8.77811995041832738,5114
7396,-19.20799999999999841,8.76375487051395652,5115
7397,-22.15500000000000114,8.76304400503259195,5116
7398,-22.63200000000000145,8.77614427445246292,5117
7399,-20.87399999999999878,8.80948847261467627,5118
7400,-21.92800000000000082,8.86266682365199365,5119
7401,-21.91799999999999926,8.98646273483889679,5120
7402,-28.89000000000000057,9.11037060983273861,5121
7403,-23.51000000000000156,9.13255672010003039,5122
7404,-13.87599999999999945,9.21509374561415129,5123
7405,-15.93099999999999916,9.18209747127237286,5124
7406,-14.85699999999999932,9.23791870629737311,5125
7407,-9.44759999999999955,9.39372449159184875,5126
7408,-12.04299999999999926,9.58887114996817402,5127
7409,-13.31900000000000084,9.64462760953285070,5128
7410,-13.57499999999999929,9.65397589368572184,5129
7411,-14.19400000000000084,9.64752926529412491,5130
7412,-11.47000000000000064,9.61518946873228231,5131
7413,-13.68500000000000050,9.66034122652121674,5132
7414,-13.84399999999999942,9.67813447344919808,5133
7415,-12.79199999999999982,9.65657169180891550,5134
7416,-13.66999999999999993,9.68747576178977177,5135
7417,-13.41200000000000081,9.70887568956710645,5136
7418,-14.60899999999999999,9.72693343813280364,5137
7419,-11.59699999999999953,9.72404438777773805,5138
7420,-11.31099999999999994,9.75567729856019206,5139
7421,-10.76600000000000001,9.78895965374488597,5140
7422,-10.90199999999999925,9.80937144364277280,5141
7423,-9.74109999999999943,9.84475612136188971,5142
7424,-11.56099999999999994,9.90251636524082990,5143
7425,-12.08300000000000018,9.95993139179462439,5144
7426,-12.95599999999999952,10.00556394278130590,5145
7427,-14.24900000000000055,9.98342767580428436,5146
7428,-15.66200000000000081,9.98621321455700262,5147
7429,-15.06700000000000017,9.94799151261150527,5148
7430,-15.71000000000000085,9.85043974775299169,5149
7431,-12.36599999999999966,9.74156467264081805,5150
7432,-13.93699999999999939,9.64648422597350397,5151
7433,-15.62299999999999933,9.49628036838701917,5152
7434,-12.10100000000000087,9.33607125394788362,5153
7435,-15.38700000000000045,9.23053837744250849,5154
7436,-18.16600000000000037,9.05043166904681406,5155
7437,-18.09600000000000009,8.87502709110848009,5156
7438,-17.98600000000000065,8.70231400225490681,4144
7439,-18.52599999999999980,8.49611641804741247,4145
7440,-19.89199999999999946,8.29482516270891601,4146
7441,-20.48999999999999844,8.12153749772790334,4147
7442,-18.64799999999999969,7.99876894075734235,4148
7443,-19.18599999999999994,7.87138861995134409,4149
7444,-18.33399999999999963,7.78021138514225008,4150
7445,-18.73499999999999943,7.70809301523096213,4151
7446,-19.69600000000000151,7.60111473001091031,4152
7447,-17.77299999999999969,7.55686210380639523,4153
7448,-17.60399999999999920,7.54335268074768095,4154
7449,-16.48699999999999832,7.54842387329194331,4155
7450,-13.56199999999999939,7.54971162165724419,4156
7451,-13.48900000000000077,7.58122287398665939,4157
7452,-17.30600000000000094,7.60307319168417362,4158
7453,-18.54299999999999926,7.59780905490374003,4159
7454,-28.33299999999999841,7.49018470616407050,4160
7455,-23.08200000000000074,7.53083306142608500,4161
7456,-19.32199999999999918,7.50337591691871264,4162
7457,-26.22200000000000131,7.50102302748449379,4163
7458,-25.66000000000000014,7.49766860405116731,4164
7459,-26.26099999999999923,8.03192845905095609,4165
7460,-25.17299999999999827,8.12778074844579557,5179
7461,-23.42200000000000060,8.17901868699930290,4167
7462,-22.76599999999999824,8.17951813014703255,5181
7463,-21.61599999999999966,8.16403091247955714,5182
7464,-26.28699999999999903,8.13976549418718598,5183
7465,-25.67500000000000071,8.16144449637237557,5184
7466,-32.43299999999999983,8.20613200335449022,5185
7467,-25.29200000000000159,8.28662883569391973,5186
7468,-26.96000000000000085,8.30858742739859224,5187
7469,-21.87699999999999889,8.28476428317211422,5188
7470,-18.57400000000000162,8.31566368679903611,5189
7471,-22.88400000000000034,8.31635672504610923,4177
7472,-22.46399999999999864,8.34189722862840632,4178
7473,-22.55099999999999838,8.27321971047762084,4179
7474,-24.07499999999999929,8.24197965718704495,4180
7475,-24.32199999999999918,8.23101129528296127,4181
7476,-21.46099999999999852,8.21323640499445240,4182
7477,-21.01899999999999835,8.22011342676317192,4183
7478,-19.22200000000000131,8.21049876537422918,4184
7479,-18.52199999999999847,8.20396396316816201,4185
7480,-18.10800000000000054,8.19072898503750935,4186
7481,-18.50300000000000011,8.17229951344384631,4187
7482,-14.07099999999999973,8.17511535461635219,4188
7483,-14.49099999999999966,8.16281852865544977,4189
7484,-14.02899999999999991,8.12673639681183602,4190
7485,-14.65600000000000058,8.10220892555132188,4191
7486,-15.38000000000000078,8.08537848398660763,5205
7487,-13.54599999999999937,8.07346400256839303,5206
7488,-14.14799999999999969,8.08384768102159335,5207
7489,-15.59600000000000009,8.11084764319031137,5208
7490,-17.92399999999999949,8.14775021684303269,5209
7491,-16.46900000000000119,8.15694678135379014,5210
7492,-18.40899999999999892,8.15146661447340115,5211
7493,-12.68699999999999939,8.13510859753066029,5212
7494,-15.51500000000000057,8.14571100117912650,5213
7495,-14.17600000000000016,8.12531992861939933,5214
7496,-14.39899999999999913,8.11753418133114657,5215
7497,-12.83000000000000007,8.09687731516695308,5216
7498,-13.64499999999999957,8.08822694203299442,5217
7499,-16.38400000000000034,8.07794427938797277,5218
7500,-17.53200000000000003,8.04411590672902932,5219
7501,-15.80499999999999972,8.04205678859450579,5220
7502,-14.71000000000000085,8.05441169797364687,5221
7503,-14.76200000000000045,8.07383999067629077,5222
7504,-15.02399999999999913,8.06238681367425869,5223
7505,-14.91000000000000014,8.03979007287121128,5224
7506,-14.38299999999999912,8.08927939467730361,5226
7507,-14.36100000000000065,8.18362282442074118,5226
7508,-14.23600000000000065,8.29815859712783954,5228
7509,-14.46100000000000030,8.37886693716337128,5228
7510,-14.12100000000000044,8.40129811002350735,5230
7511,-14.55499999999999972,8.41751935713219623,5230
7512,-12.08300000000000018,8.40884244182383078,5232
7513,-10.85299999999999976,8.43691301482279776,5233
7514,-11.11299999999999955,8.46259325164010789,5234
7515,-10.58799999999999919,8.48556531119076674,5235
7516,-10.47799999999999976,8.52015026781529627,5236
7517,-11.15300000000000047,8.56544748781505660,5236
7518,-12.33399999999999963,8.62780620009663757,5237
7519,-12.48000000000000043,8.77514852569804304,5239
7520,-12.83300000000000018,8.77805726259605557,5240
7521,-12.02699999999999925,8.83429812162371064,5241
7522,-12.85200000000000031,8.87000672527586076,5242
7523,-10.54299999999999926,8.88623139657754990,5243
7524,-10.79700000000000060,8.95008662898626639,5244
7525,-10.02399999999999913,9.01849303720884699,5245
7526,-8.89719999999999978,9.08770224458919884,5246
7527,-10.58099999999999952,9.19827282108629696,5247
7528,-12.77399999999999913,9.26367635789154598,5248
7529,-20.59299999999999997,9.31848223890097316,5249
7530,-23.76200000000000045,9.13534421998613944,5249
7531,-16.36400000000000077,9.12872196658572577,5250
7532,-16.86899999999999977,9.12100082259954625,5251
7533,-17.95599999999999952,9.09131943267106024,5252
7534,-15.99699999999999989,9.04615545947214450,5253
7535,-18.27400000000000091,9.04897357857019990,5254
7536,-17.27299999999999969,9.01057807596574811,5255
7537,-21.03399999999999892,9.01064868186117707,5256
7538,-22.96399999999999864,9.00199562548500154,5257
7539,-24.47100000000000009,9.00491270963711443,5258
7540,-23.89900000000000091,9.00744659778144907,5259
7541,-23.91700000000000159,9.01293037729742608,5260
7542,-24.50100000000000122,9.01719422845632934,5261
7543,-25.12300000000000111,9.02347710290960059,5262
7544,-22.27400000000000091,9.03684548651445141,5263
7545,-22.72400000000000020,9.02274243639954854,5264
7546,-25.97599999999999909,8.99605534909669835,5265
7547,-24.80699999999999861,8.94256600084655773,5266
7548,-26.41700000000000159,8.94188771593923626,5267
7549,-26.68499999999999872,8.91196487362405421,5268
7550,-26.11299999999999955,8.89493245953532607,5269
7551,-28.32400000000000162,8.89354672505160693,5270
7552,-27.04799999999999827,9.09721699832792474,5272
7553,-27.16700000000000159,9.19495261452973089,5272
7554,-27.41100000000000136,9.17943947966536022,5273
7555,-26.44600000000000151,9.07271903412238423,5274
7556,-27.12800000000000011,9.01263724197571925,5275
7557,-28.22599999999999909,8.99802126726213025,5276
7558,-27.97299999999999898,8.98616551912579631,5277
7559,-27.60000000000000142,8.99043183952502822,5278
7560,-27.53099999999999881,8.99128643031300889,5279
7561,-26.94999999999999929,9.01801477087214920,5280
7562,-25.66199999999999903,9.02715259251074897,5281
7563,-19.90099999999999980,9.02300445292145348,5282
7564,-13.39499999999999957,8.97735858149067845,5283
7565,-10.10500000000000043,8.86694442386883708,5284
7566,-11.24000000000000021,8.79589983364205530,5285
7567,-18.16499999999999915,8.78554842956170923,5286
7568,-29.39600000000000080,8.74904578422114021,5287
7569,-14.84699999999999953,8.73465586480146960,5288
7570,-18.99399999999999977,8.83519472837318887,5289
7571,-20.28699999999999903,8.92731526503865425,5290
7572,-19.75000000000000000,9.23378030097118696,5291
7573,-22.37600000000000122,9.46749440051540958,5292
7574,-22.10399999999999920,9.79919523756593058,5293
7575,-21.43900000000000006,10.23392430994075752,5294
7576,-21.67200000000000060,10.57852151426384779,5295
7577,-22.23100000000000165,11.04261236571561611,5296
7578,-20.90099999999999980,11.02300984839319220,4283
7579,-21.31899999999999906,11.11704212575204487,4284
7580,-21.12399999999999878,11.22813586426989474,4284
7581,-21.78699999999999903,11.40414971784666598,4284
7582,-25.66799999999999926,11.44148302805234785,12795
7583,-20.39000000000000057,11.18044973104380624,12796
7584,-20.64199999999999946,11.03570508007544326,12797
7585,-18.27299999999999969,10.94767289294236789,12798
7586,-18.44200000000000017,10.89695153091735769,12799
7587,-16.93499999999999872,10.77414476999415172,12800
7588,-20.12399999999999878,10.68196434402295836,12801
7589,-17.21999999999999886,10.54085494642451870,12802
7590,-17.22800000000000153,10.46229456381436584,12803
7591,-16.26899999999999835,10.53362860044462224,12804
7592,-16.18799999999999883,10.75057851250737606,12805
7593,-15.53899999999999970,11.14310017186705082,12806
7594,-15.11100000000000065,11.24350496385424414,8101
7595,-13.38799999999999990,11.05210700366961518,8102
7596,-15.19400000000000084,10.83100205578435649,8103
7597,-16.03300000000000125,10.74237255271001601,8104
7598,-15.30400000000000027,10.58779173012043984,8105
7599,-16.39699999999999847,10.53193704348229431,8106
7600,-14.40799999999999947,10.52698709111314201,8107
7601,-15.03700000000000081,10.52768805571338184,8108
7602,-16.20899999999999963,10.48573840077202490,8109
7603,-15.39100000000000001,10.44023822892096653,8110
7604,-15.31600000000000072,10.39769000384450592,8111
7605,-15.10200000000000031,10.36964752583472205,8112
7606,-13.42600000000000016,10.34364832954177693,8113
7607,-10.42600000000000016,10.32342606954969533,8114
7608,-10.82799999999999940,10.32816269446416868,8115
7609,-15.19200000000000017,10.33231227484101389,8116
7610,-14.78400000000000070,10.22907862653642042,8117
7611,-13.45800000000000018,10.13694860035974799,8118
7612,-12.95899999999999963,10.04255502921672694,8119
7613,-16.95200000000000173,9.94741365949582068,8120
7614,-22.43599999999999994,9.84106109142186725,8121
7615,-18.53900000000000148,9.84139505337193476,8122
7616,-19.20100000000000051,9.83881054689065948,8123
7617,-20.45599999999999952,9.81959434350436489,8124
7618,-19.70400000000000063,9.80744031696373675,8125
7619,-17.55699999999999861,9.83587093696828596,8126
7620,-17.65399999999999991,9.83958449541714053,8127
7621,-23.94200000000000017,9.86813632338824398,8128
7622,-21.35999999999999943,9.78650515868361559,8129
7623,-18.24699999999999989,9.71525269849683681,8130
7624,-15.96899999999999942,9.71263432182023756,8131
7625,-17.15899999999999892,9.69413874975367307,8132
7626,-26.97200000000000131,9.59279437626846310,8133
7627,-22.18900000000000006,9.53648642448758643,8134
7628,-28.87800000000000011,9.54282765881056960,8135
7629,-30.06099999999999994,9.55338677701648287,8136
7630,-36.50099999999999767,9.52032370782116999,8137
7631,-35.72899999999999920,9.31699775138131869,8138
7632,-36.73400000000000176,9.13559515537818179,8139
7633,-33.42799999999999727,8.98616174532607381,8140
7634,-34.61200000000000188,8.94681377126017274,8141
7635,-35.94899999999999807,8.89616466408634032,8142
7636,-35.18200000000000216,8.79464631033630084,8143
7637,-34.34499999999999886,8.76447827251864275,8144
7638,-34.42699999999999960,8.74472728426730939,8145
7639,-35.27100000000000080,8.81562822240974242,8146
7640,-34.65599999999999881,8.90050347487526494,8147
7641,-32.28999999999999915,8.95502327628417838,8148
7642,-29.08899999999999864,9.37062804952239148,8149
7643,-28.37900000000000134,9.94244434284525624,8150
7644,-27.10800000000000054,10.12975567866329563,8151
7645,-29.91400000000000148,10.21333545115012953,8152
7646,-27.13899999999999935,10.27763859187006013,8153
7647,-20.50900000000000034,10.35821690246328508,8154
7648,-19.36799999999999855,10.30367795308068501,8155
7649,-21.89199999999999946,10.24014945329466642,8156
7650,-24.19600000000000151,10.29138088536596030,8157
7651,-25.46600000000000108,10.37688364407284070,8158
7652,-24.78200000000000003,10.47399324294496914,8159
7653,-24.77199999999999847,10.48251791020475565,8160
7654,-24.66499999999999915,10.47548007240268397,8161
7655,-25.25499999999999901,10.46374575691315556,8162
7656,-26.84400000000000119,10.47264908015378460,8163
7657,-20.36799999999999855,10.50458189029758316,8164
7658,-16.71699999999999875,10.48272000614926647,8165
7659,-23.39699999999999847,10.43665899737267466,8166
7660,-22.42000000000000171,10.46746584362820442,8167
7661,-26.42800000000000082,10.47734922220509546,8168
7662,-26.56099999999999994,10.50189534697939919,8169
7663,-24.57799999999999940,10.54760188647905395,8170
7664,-20.77299999999999969,10.51880886236662604,8171
7665,-15.75200000000000067,10.50148522633722514,8172
7666,-17.20599999999999952,10.41702946159025878,8173
7667,-17.75000000000000000,10.34852284947289647,8174
7668,-14.99900000000000055,10.30936883881514632,8175
7669,-12.85500000000000043,10.24753053231357924,8176
7670,-13.02399999999999913,10.11641387059885844,8177
7671,-14.59099999999999930,10.01043591769971997,8178
7672,-15.03700000000000081,9.93565395706362686,8179
7673,-15.44699999999999918,9.87793835771343609,8180
7674,-14.83399999999999963,9.82330227699280734,8181
7675,-16.16799999999999926,9.77495691966232627,8182
7676,-14.86299999999999955,9.75695759273085095,8183
7677,-15.12700000000000067,9.74557553287956502,8184
7678,-14.16999999999999993,9.75142046581932220,8185
7679,-15.11200000000000010,9.68207558513772781,8186
7680,-13.53800000000000026,9.64268745496282342,8187
7681,-13.63499999999999979,9.64737753768985762,8188
7682,-13.85999999999999943,9.62617796603595188,8189
7683,-13.78999999999999915,9.61824791402847090,8190
7684,-12.56499999999999950,9.80993507661934494,8191
7685,-12.82799999999999940,9.90469252508414932,8192
7686,-13.97000000000000064,9.95634319405502310,8193
7687,-15.54299999999999926,9.97680679276295379,8194
7688,-15.84099999999999930,9.97655630937939009,8195
7689,-16.67999999999999972,9.95710140812597366,8196
7690,-17.66000000000000014,9.91785219416287944,8197
7691,-16.64499999999999957,9.88412178047449963,8198
7692,-17.42699999999999960,9.84623228124120686,8199
7693,-14.81300000000000061,9.82596469647601189,8200
7694,-12.57699999999999996,9.83147690412488373,8201
7695,-13.48000000000000043,9.89211672186574908,8202
7696,-11.41900000000000048,9.92196521771578865,8203
7697,-11.99000000000000021,9.92402582124393540,8204
7698,-11.72899999999999920,9.90746331839183902,8205
7699,-12.07900000000000063,9.92476499076713559,8206
7700,-14.83200000000000074,9.95859632410212114,8207
7701,-12.76399999999999935,10.01798787832703219,8208
7702,-7.64219999999999988,10.06316549196503729,8209
7703,-6.80189999999999984,10.12789206560700173,8210
7704,-9.17149999999999999,10.14284368172481798,8211
7705,-23.71999999999999886,10.11361667151918908,8212
7706,-23.67699999999999960,10.08752637231590654,8213
7707,-24.31299999999999883,10.10475339703029185,8214
7708,-24.00000000000000000,10.15531114121378842,8215
7709,-19.70400000000000063,10.20215833871169231,8216
7710,-21.47800000000000153,10.15208578191379374,8217
7711,-22.98799999999999955,10.15764139285930945,8218
7712,-22.49099999999999966,10.30410294716186748,7839
7713,-23.55900000000000105,10.18253492880271516,7840
7714,-25.45799999999999841,10.08441760826829459,7841
7715,-22.40800000000000125,9.98918449152894716,7842
7716,-22.98400000000000176,9.78488382115918220,7843
7717,-21.64300000000000068,9.70710162396739129,7844
7718,-22.17000000000000171,9.71748597571653328,7845
7719,-27.80399999999999849,9.74243535380901449,7846
7720,-25.71499999999999986,9.74979541366081293,7847
7721,-21.28099999999999881,9.81055865491298640,7848
7722,-19.78399999999999892,9.81590747401113539,7849
7723,-20.26300000000000168,9.80015876232053706,7850
7724,-22.86599999999999966,9.78336688269305199,7851
7725,-20.74200000000000088,9.82226200716109688,7852
7726,-22.20299999999999940,9.83800412058342921,7853
7727,-18.11599999999999966,9.82466643417089003,7854
7728,-19.38800000000000168,9.86278870720203571,7855
7729,-18.16799999999999926,9.82523003579456500,7856
7730,-15.78200000000000003,9.81395825944817979,7857
7731,-14.92500000000000071,9.79789458881605313,7858
7732,-16.51699999999999946,9.80771899977450801,7859
7733,-13.92600000000000016,9.80150807282064918,7860
7734,-17.35999999999999943,9.75656350809290629,7861
7735,-16.52599999999999980,9.70342050180499349,7862
7736,-17.03600000000000136,9.65662585293404518,7863
7737,-16.21399999999999864,9.59122273460227603,7864
7738,-16.79299999999999926,9.51062077070438860,7865
7739,-16.96199999999999974,9.43902711878057943,7866
7740,-15.79700000000000060,9.36946410579186661,7867
7741,-17.29700000000000060,9.30614562397362732,7868
7742,-14.44200000000000017,9.64932109413810046,7869
7743,-15.18900000000000006,9.84019253146203177,7870
7744,-14.92200000000000060,9.84205484161173239,7871
7745,-14.94599999999999973,9.87057101747007515,7872
7746,-13.94800000000000040,9.87689801069527107,7873
7747,-16.31400000000000006,9.89086666975209106,7874
7748,-13.11700000000000088,9.92247792926070105,7875
7749,-15.41499999999999915,9.96319303126003319,7876
7750,-14.65499999999999936,9.97960454808558062,7877
7751,-26.71399999999999864,9.99248816801720707,7878
7752,-21.39399999999999835,10.04476934803445154,7879
7753,-14.35699999999999932,10.04847021657906048,7880
7754,-9.07259999999999955,9.98447228246541840,7881
7755,-11.59600000000000009,9.81491446955995528,7882
7756,-14.69100000000000072,9.73153236254281673,7883
7757,-16.15599999999999881,9.72432789826717858,7884
7758,-16.47400000000000020,9.72366275267064317,7885
7759,-15.24600000000000044,9.72263344720947487,7886
7760,-17.89300000000000068,9.71035903055092398,7887
7761,-13.37800000000000011,9.70409907615873024,7888
7762,-12.50500000000000078,9.62707791757360454,7889
7763,-11.54400000000000048,9.50749686898408797,7890
7764,-12.20500000000000007,9.44588708824988288,7891
7765,-12.55799999999999983,9.32129935227187012,7892
7766,-9.50300000000000011,9.22520016720280545,7893
7767,-14.07900000000000063,9.08684094185016455,7894
7768,-22.83800000000000097,9.06250951547106887,7895
7769,-19.60999999999999943,9.02247915023680669,7896
7770,-24.10099999999999909,9.06710490987690321,7897
7771,-30.21000000000000085,9.14579796792287070,7898
7772,-31.46999999999999886,9.14231215453017754,7899
7773,-32.56900000000000261,9.07507325641641494,7900
7774,-35.22200000000000131,8.97403335016496762,7901
7775,-35.11200000000000188,8.80579486147174784,7902
7776,-34.50399999999999778,8.61234998075830127,7903
7777,-30.86400000000000077,8.47512456573374884,7904
7778,-32.67600000000000193,8.39742047716709195,7905
7779,-31.19800000000000040,8.38605017032766753,7906
7780,-33.16700000000000159,8.44025498285843589,7907
7781,-35.29899999999999949,8.50983518466653344,7908
7782,-37.39900000000000091,8.62120526405508514,7909
7783,-36.70400000000000063,8.74182266929472718,7910
7784,-28.79799999999999827,8.80386952979827342,7911
7785,-26.72500000000000142,8.84812811536980171,7912
7786,-34.10999999999999943,8.87274668618496420,7913
7787,-32.68699999999999761,8.96779951203626702,7914
7788,-33.26700000000000301,9.06200874591479177,7915
7789,-32.15899999999999892,9.17182126434122225,7916
7790,-21.16000000000000014,9.30682842527763832,7917
7791,-17.30900000000000105,9.32193333368441479,7918
7792,-14.17300000000000004,9.33953065758197454,7919
7793,-17.19800000000000040,9.36429946641973920,7920
7794,-15.36299999999999955,9.36022402466686287,7921
7795,-15.14899999999999913,9.35692475381006972,7922
7796,-16.52700000000000102,9.36302308551894491,7923
7797,-13.47300000000000075,9.35533522015946595,7924
7798,-12.37899999999999956,9.35358808165039513,7925
7799,-12.66900000000000048,9.36446935129073843,7926
7800,-11.43999999999999950,9.36179372767708173,7927
7801,-9.43350000000000044,9.36034893971570803,7928
7802,-10.85699999999999932,9.37402161152936308,7929
7803,-9.99729999999999919,9.36810535933971700,7930
7804,-12.69699999999999918,9.37775408670334265,7931
7805,-11.83699999999999974,9.40115098770836610,7932
7806,-11.05499999999999972,9.38661499232285657,7933
7807,-11.45199999999999996,9.39076729518161812,7934
7808,-10.60999999999999943,9.39761954154144163,7935
7809,-6.43020000000000014,9.40338319737632311,7936
7810,-5.80799999999999983,9.44072206725792462,7937
7811,-4.78080000000000016,9.49860207326767281,7938
7812,-4.28620000000000001,9.57238478936974602,7939
7813,-5.33549999999999969,9.69341872706849372,7940
7814,-9.57740000000000080,9.81425090333836714,7941
7815,-24.24800000000000111,9.82328947471864034,7942
7816,-18.41700000000000159,9.44240853269206504,7943
7817,-14.12899999999999956,9.37984852778104639,7944
7818,-12.76699999999999946,9.34676582999517258,7945
7819,-14.06900000000000084,9.32098408327018291,7946
7820,-12.67500000000000071,9.29954978208203542,7947
7821,-12.08600000000000030,9.27379431369948470,7948
7822,-14.00799999999999912,9.24748103040832348,7949
7823,-15.69299999999999962,9.22172872518284592,7950
7824,-13.76500000000000057,9.20731358115055798,7951
7825,-17.19699999999999918,9.22344398375926211,7952
7826,-17.96900000000000119,9.24315183141746743,7953
7827,-21.15200000000000102,9.28338394332518035,7954
7828,-19.12999999999999901,9.34969245563172180,7955
7829,-17.56299999999999883,9.45779792183957468,7956
7830,-16.53300000000000125,9.52312723929411931,7957
7831,-16.51399999999999935,9.55075495284238052,7958
7832,-14.32199999999999918,9.54682464013821352,7959
7833,-16.52700000000000102,9.57716042995371097,7960
7834,-14.20800000000000018,9.71963899231165129,7961
7835,-15.05599999999999916,9.89618409421095890,7962
7836,-12.77200000000000024,9.93444153601699220,7963
7837,-12.13700000000000045,9.92338945883261125,7964
7838,-13.10200000000000031,10.03541838618447457,7965
7839,-12.93599999999999994,9.97363508392833076,7966
7840,-16.66300000000000026,9.93798083591461889,7967
7841,-37.48199999999999932,9.88877599101987670,7968
7842,-37.38499999999999801,9.98918449152894716,7715
7843,-27.41300000000000026,9.78488382115918220,7716
7844,-22.69300000000000139,9.70710162396739129,7717
7845,-18.48699999999999832,9.71748597571653328,7718
7846,-19.34100000000000108,9.74243535380901449,7719
7847,-25.72500000000000142,9.74979541366081293,7720
7848,-24.77199999999999847,9.81055865491298640,7721
7849,-24.35500000000000043,9.81590747401113539,7722
7850,-26.00900000000000034,9.80015876232053706,7723
7851,-26.55499999999999972,9.78336688269305199,7724
7852,-14.35599999999999987,9.82226200716109688,7725
7853,-13.28999999999999915,9.83800412058342921,7726
7854,-13.50999999999999979,9.82466643417089003,7727
7855,-12.31700000000000017,9.86278870720203571,7728
7856,-13.69500000000000028,9.82523003579456500,7729
7857,-13.42200000000000060,9.81395825944817979,7730
7858,-15.35299999999999976,9.79789458881605313,7731
7859,-15.18699999999999939,9.80771899977450801,7732
7860,-13.65499999999999936,9.80150807282064918,7733
7861,-13.78599999999999959,9.75656350809290629,7734
7862,-13.67300000000000004,9.70342050180499349,7735
7863,-13.98799999999999955,9.65662585293404518,7736
7864,-11.83600000000000030,9.59122273460227603,7737
7865,-12.00999999999999979,9.51062077070438860,7738
7866,-11.89400000000000013,9.43902711878057943,7739
7867,-13.82499999999999929,9.36946410579186661,7740
7868,-12.23900000000000077,9.30614562397362732,7741
7869,-10.72199999999999953,9.64932109413810046,7742
7870,-12.27299999999999969,9.84019253146203177,7743
7871,-12.36299999999999955,9.84205484161173239,7744
7872,-11.39300000000000068,9.87057101747007515,7745
7873,-10.91399999999999970,9.87689801069527107,7746
7874,-12.98900000000000077,9.89086666975209106,7747
7875,-9.99970000000000070,9.92247792926070105,7748
7876,-9.61870000000000047,9.96319303126003319,7749
7877,-9.50799999999999912,9.97960454808558062,7750
7878,-27.44600000000000151,9.99248816801720707,7751
7879,-23.00199999999999889,10.04476934803445154,7752
7880,-24.73100000000000165,10.04847021657906048,7753
7881,-25.55600000000000094,9.98447228246541840,7754
7882,-22.90899999999999892,9.81491446955995528,7755
7883,-17.82400000000000162,9.73153236254281673,7756
7884,-17.32199999999999918,9.72432789826717858,7757
7885,-17.26500000000000057,9.72366275267064317,7758
7886,-19.00400000000000134,9.72263344720947487,7759
7887,-20.85500000000000043,9.71035903055092398,7760
7888,-25.17800000000000082,9.70409907615873024,7761
7889,-25.80099999999999838,9.62707791757360454,7762
7890,-24.53000000000000114,9.50749686898408797,7763
7891,-25.56200000000000117,9.44588708824988288,7764
7892,-24.01000000000000156,9.32129935227187012,7765
7893,-22.74599999999999866,9.22520016720280545,7766
7894,-20.63400000000000034,9.08684094185016455,7767
7895,-22.22800000000000153,9.06250951547106887,7768
7896,-23.13899999999999935,9.02247915023680669,7769
7897,-22.14399999999999835,9.06710490987690321,7770
7898,-20.04799999999999827,9.14579796792287070,7771
7899,-19.87500000000000000,9.14231215453017754,7772
7900,-18.11400000000000077,9.07507325641641494,7773
7901,-17.13299999999999912,8.97403335016496762,7774
7902,-17.80099999999999838,8.80579486147174784,7775
7903,-19.74099999999999966,8.61234998075830127,7776
7904,-19.97700000000000031,8.47512456573374884,7777
7905,-24.71000000000000085,8.39742047716709195,7778
7906,-30.68400000000000105,8.38605017032766753,7779
7907,-33.33400000000000318,8.44025498285843589,7780
7908,-36.06199999999999761,8.50983518466653344,7781
7909,-37.74099999999999966,8.62120526405508514,7782
7910,-30.78800000000000026,8.74182266929472718,7783
7911,-30.67699999999999960,8.80386952979827342,7784
7912,-34.98499999999999943,8.84812811536980171,7785
7913,-33.71000000000000085,8.87274668618496420,7786
7914,-34.31799999999999784,8.96779951203626702,7787
7915,-33.76100000000000279,9.06200874591479177,7788
7916,-32.93599999999999994,9.17182126434122225,7789
7917,-23.42299999999999827,9.30682842527763832,7790
7918,-15.43999999999999950,9.32193333368441479,7791
7919,-15.28500000000000014,9.33953065758197454,7792
7920,-13.72700000000000031,9.36429946641973920,7793
7921,-14.42699999999999960,9.36022402466686287,7794
7922,-16.86599999999999966,9.35692475381006972,7795
7923,-13.98900000000000077,9.36302308551894491,7796
7924,-11.06000000000000050,9.35533522015946595,7797
7925,-10.68500000000000050,9.35358808165039513,7798
7926,-11.11599999999999966,9.36446935129073843,7799
7927,-8.01280000000000037,9.36179372767708173,7800
7928,-6.02139999999999986,9.36034893971570803,7801
7929,-6.55909999999999993,9.37402161152936308,7802
7930,-9.01629999999999932,9.36810535933971700,7803
7931,-7.79840000000000000,9.37775408670334265,7804
7932,-7.34450000000000003,9.40115098770836610,7805
7933,-5.98190000000000044,9.38661499232285657,7806
7934,-6.45600000000000041,9.39076729518161812,7807
7935,-5.72989999999999977,9.39761954154144163,7808
7936,-1.84010000000000007,9.40338319737632311,7809
7937,-1.05259999999999998,9.44072206725792462,7810
7938,-1.61640000000000006,9.49860207326767281,7811
7939,-3.63609999999999989,9.57238478936974602,7812
7940,-2.04870000000000019,9.69341872706849372,7813
7941,-2.24639999999999995,9.81425090333836714,7814
7942,-3.84900000000000020,9.82328947471864034,7815
7943,-12.26299999999999990,9.44240853269206504,7816
7944,-11.09200000000000053,9.37984852778104639,7817
7945,-15.35599999999999987,9.34676582999517258,7818
7946,-13.80700000000000038,9.32098408327018291,7819
7947,-11.57600000000000051,9.29954978208203542,7820
7948,-13.85999999999999943,9.27379431369948470,7821
7949,-13.15900000000000070,9.24748103040832348,7822
7950,-14.36999999999999922,9.22172872518284592,7823
7951,-15.59200000000000053,9.20731358115055798,7824
7952,-19.72500000000000142,9.22344398375926211,7825
7953,-18.43100000000000094,9.24315183141746743,7826
7954,-19.11299999999999955,9.28338394332518035,7827
7955,-19.14499999999999957,9.34969245563172180,7828
7956,-19.80000000000000071,9.45779792183957468,7829
7957,-21.90099999999999980,9.52312723929411931,7830
7958,-20.14399999999999835,9.55075495284238052,7831
7959,-20.84199999999999875,9.54682464013821352,7832
7960,-18.56599999999999895,9.57716042995371097,7833
7961,-22.62000000000000099,9.71963899231165129,7834
7962,-10.06700000000000017,9.89618409421095890,7835
7963,-4.02550000000000008,9.93444153601699220,7836
7964,-5.93529999999999980,9.92338945883261125,7837
7965,-4.27829999999999977,10.03541838618447457,7838
7966,-5.23149999999999959,9.97363508392833076,7839
7967,-7.35540000000000038,9.93798083591461889,7840
7968,-31.07900000000000063,9.88877599101987670,7841
7969,-23.66799999999999926,10.00691259834448488,7842
7970,-19.03600000000000136,9.94704948319073168,7843
7971,-17.12399999999999878,10.06794089280598037,7844
7972,-23.35500000000000043,10.04624946375177430,7845
7973,-30.98199999999999932,10.03277164057040061,7846
7974,-21.09799999999999898,9.94368730001577994,7847
7975,-24.35999999999999943,9.94015388997759075,7848
7976,-23.57700000000000173,9.96153071442743787,7849
7977,-23.11199999999999832,9.98692521068296024,7850
7978,-17.65800000000000125,10.01085428271309041,7851
7979,-15.65099999999999980,9.95969264497590601,7852
7980,-13.13400000000000034,9.96650889729923861,7853
7981,-14.11400000000000077,9.97724646137030824,7854
7982,-11.05300000000000082,9.98875737853945544,7855
7983,-13.42999999999999972,10.01437140187775476,7856
7984,-11.62100000000000044,10.04154829817663419,7857
7985,-14.83300000000000018,10.05175393189233191,7858
7986,-11.77699999999999925,10.05250456566951733,7859
7987,-11.96499999999999986,10.06617844056067668,7860
7988,-13.24000000000000021,10.08429046379291627,7861
7989,-15.23600000000000065,10.10143594127806388,7862
7990,-13.59399999999999942,10.12429644153958996,7863
7991,-14.54400000000000048,10.14671123166672650,7864
7992,-15.77100000000000080,10.17697860689462530,7865
7993,-14.53800000000000026,10.17014629022928318,7866
7994,-13.52200000000000024,10.16306273748193512,7867
7995,-10.58000000000000007,10.13538194444839746,7868
7996,-8.48349999999999937,10.25825027416356683,7869
7997,-9.30860000000000021,10.28706644843593487,7870
7998,-10.06099999999999994,10.30100858318635382,7871
7999,-8.33649999999999913,10.30657705753943176,7872
8000,-10.87100000000000044,10.31706077679447375,7873
8001,-8.37279999999999980,10.33856934085819290,7874
8002,-8.91430000000000078,10.34419299649656843,7875
8003,-9.70550000000000068,10.39522945088644867,7876
8004,-15.51500000000000057,10.46335359919226171,7877
8005,-22.50600000000000023,10.48834681416816572,7878
8006,-15.25300000000000011,10.52305149914055704,7879
8007,-17.90500000000000114,10.50437600514241332,7880
8008,-19.36799999999999855,10.49012674382004562,7881
8009,-19.96499999999999986,10.51759779010094853,7882
8010,-14.43599999999999994,10.62162743576645951,7883
8011,-14.79899999999999949,10.67418553307274998,7884
8012,-12.05199999999999960,10.68354564512984695,7885
8013,-13.50799999999999912,10.65623906057313164,7886
8014,-18.37199999999999989,10.62114801296992184,7887
8015,-20.24500000000000099,10.62119105032084398,7888
8016,-23.75499999999999901,10.61340473596507650,7889
8017,-25.05699999999999861,10.62984524410676457,7890
8018,-25.24399999999999977,10.67012598535488799,7891
8019,-24.07100000000000151,10.71307573831683513,7892
8020,-25.30499999999999972,10.75124184392177362,7893
8021,-25.51099999999999923,10.78725476048393972,7894
8022,-25.34100000000000108,10.79213358681539781,7895
8023,-23.43400000000000105,10.93399321699287619,7896
8024,-20.09900000000000020,11.05610444879333620,7897
8025,-20.04899999999999949,11.06181465446224621,7898
8026,-18.79200000000000159,11.04565157070411630,7899
8027,-15.22100000000000009,11.01418309238404980,7900
8028,-13.63199999999999967,10.99482389455258868,7901
8029,-15.64899999999999913,11.05880243845710531,7902
8030,-13.64700000000000024,11.11078064097907081,7903
8031,-17.61199999999999832,11.07813799448533310,7904
8032,-31.73900000000000077,11.04978772521358721,8285
8033,-35.43599999999999994,11.09719889877013621,7906
8034,-38.58599999999999852,11.19180106447094580,7907
8035,-38.14900000000000091,11.30584231439490850,7908
8036,-38.12700000000000244,11.47631689092501084,7909
8037,-29.11499999999999844,11.67394007304029202,7910
8038,-26.99800000000000111,11.74510719063614417,7911
8039,-30.73000000000000043,11.79338655809240599,7912
8040,-31.28699999999999903,11.92490731050237684,7913
8041,-29.50100000000000122,12.06557519693871683,7914
8042,-32.54899999999999949,12.22442568543655561,7915
8043,-31.87699999999999889,12.33678025640304377,8296
8044,-18.20400000000000063,12.14148941588588215,8297
8045,-20.29700000000000060,12.12810466723257896,8298
8046,-21.07900000000000063,12.09360754112918990,8299
8047,-20.09600000000000009,12.07200254139548434,8300
8048,-17.49899999999999878,12.04525734708889395,8301
8049,-17.36400000000000077,12.02888640181766533,8302
8050,-16.52299999999999969,12.01723126946543907,8303
8051,-17.58500000000000085,12.01544304985611511,8304
8052,-16.94999999999999929,11.99369338000971297,8305
8053,-16.87399999999999878,11.98225002033497866,8306
8054,-15.90199999999999925,11.95690105819953430,8307
8055,-10.45899999999999963,11.94553321216258368,8308
8056,-11.54299999999999926,11.96137061302065518,8309
8057,-10.82099999999999973,11.96168360223515137,8310
8058,-13.27599999999999980,11.96027984957647661,8311
8059,-11.66099999999999959,12.04053285187690214,8312
8060,-6.27740000000000009,12.03035448093641868,8313
8061,-5.96309999999999985,12.11763824298298964,8314
8062,-6.67009999999999970,12.19168182555620028,8315
8063,-4.85559999999999992,12.30188926324977672,8316
8064,-3.39920000000000000,12.46377133862957898,8317
8065,-4.44010000000000016,12.61652437016424244,8318
8066,-4.37910000000000021,12.79003622734638945,8319
8067,-4.00790000000000024,13.01246083596713277,8320
8068,-25.30000000000000071,13.19199790857342336,8322
8069,-21.35800000000000054,13.16387622660387358,8322
8070,-15.03700000000000081,13.17075476074898432,8323
8071,-17.75700000000000145,13.11675220591275348,7558
8072,-18.23600000000000065,13.06580545023301632,7559
8073,-17.73600000000000065,13.01628136394099222,7560
8074,-19.09600000000000009,12.98709056628285019,7561
8075,-21.10399999999999920,12.93492967242406877,7562
8076,-19.79599999999999937,12.92661589574059278,7563
8077,-19.78000000000000114,12.96320965104740885,7564
8078,-21.74399999999999977,13.06209363686340019,7565
8079,-20.97299999999999898,13.07520664572616553,7566
8080,-20.27499999999999858,13.21170243635494046,7567
8081,-19.42099999999999937,13.33382702807072562,7574
8082,-19.21300000000000097,13.14819288265397290,4788
8083,-19.07199999999999918,12.97703275250517407,4789
8084,-19.31800000000000139,12.75521741732551284,4790
8085,-18.92000000000000171,12.45287052138744599,4791
8086,-19.90200000000000102,12.30562416954258609,4792
8087,-18.87199999999999989,12.45522418248735796,7580
8088,-16.76899999999999835,12.29483914505794040,7581
8089,-14.25799999999999912,12.08155032388696526,7582
8090,-14.91300000000000026,11.76056321727359588,7583
8091,-12.16000000000000014,11.55236495440684941,7584
8092,-11.11500000000000021,11.46097316651701092,7585
8093,-10.32499999999999929,11.46856557714466973,7586
8094,-13.39100000000000001,11.59060083957996312,7587
8095,-29.03600000000000136,11.69541239883000827,7588
8096,-34.15200000000000102,11.73450159067283849,7589
8097,-29.43599999999999994,11.62686039653272374,7590
8098,-24.27299999999999969,11.50329362153252788,7591
8099,-25.48300000000000054,11.42250242579090802,7592
8100,-23.01899999999999835,11.31856819627781086,7593
8101,-27.75199999999999889,11.24350496385424414,7594
8102,-26.97200000000000131,11.05210700366961518,7595
8103,-22.84900000000000020,10.83100205578435649,7596
8104,-25.98900000000000077,10.74237255271001601,7597
8105,-19.28500000000000014,10.58779173012043984,7598
8106,-13.43399999999999928,10.53193704348229431,7599
8107,-12.59399999999999942,10.52698709111314201,7600
8108,-9.52549999999999919,10.52768805571338184,7601
8109,-10.12800000000000011,10.48573840077202490,7602
8110,-10.14400000000000013,10.44023822892096653,7603
8111,-8.84340000000000082,10.39769000384450592,7604
8112,-10.57900000000000063,10.36964752583472205,7605
8113,-9.20250000000000057,10.34364832954177693,7606
8114,-9.33789999999999942,10.32342606954969533,7607
8115,-9.36700000000000088,10.32816269446416868,7608
8116,-7.76529999999999987,10.33231227484101389,7609
8117,-9.07959999999999923,10.22907862653642042,7610
8118,-8.28430000000000000,10.13694860035974799,7611
8119,-9.32699999999999996,10.04255502921672694,7612
8120,-10.90900000000000070,9.94741365949582068,7613
8121,-12.29199999999999982,9.84106109142186725,7614
8122,-14.52299999999999969,9.84139505337193476,7615
8123,-11.81900000000000084,9.83881054689065948,7616
8124,-12.15199999999999925,9.81959434350436489,7617
8125,-13.65499999999999936,9.80744031696373675,7618
8126,-11.23300000000000054,9.83587093696828596,7619
8127,-11.50600000000000023,9.83958449541714053,7620
8128,-11.64000000000000057,9.86813632338824398,7621
8129,-10.62400000000000055,9.78650515868361559,7622
8130,-11.94599999999999973,9.71525269849683681,7623
8131,-21.77100000000000080,9.71263432182023756,7624
8132,-26.16900000000000048,9.69413874975367307,7625
8133,-16.77100000000000080,9.59279437626846310,7626
8134,-21.78000000000000114,9.53648642448758643,7627
8135,-22.69399999999999906,9.54282765881056960,7628
8136,-20.02100000000000080,9.55338677701648287,7629
8137,-17.95200000000000173,9.52032370782116999,7630
8138,-18.36799999999999855,9.31699775138131869,7631
8139,-20.35099999999999909,9.13559515537818179,7632
8140,-22.29500000000000171,8.98616174532607381,7633
8141,-23.06899999999999906,8.94681377126017274,7634
8142,-21.70899999999999963,8.89616466408634032,7635
8143,-24.51099999999999923,8.79464631033630084,7636
8144,-25.08800000000000097,8.76447827251864275,7637
8145,-24.70700000000000074,8.74472728426730939,7638
8146,-26.61400000000000077,8.81562822240974242,7639
8147,-28.03099999999999881,8.90050347487526494,7640
8148,-26.95100000000000051,8.95502327628417838,7641
8149,-25.96099999999999852,9.37062804952239148,7642
8150,-28.22899999999999920,9.94244434284525624,7643
8151,-26.28000000000000114,10.12975567866329563,7644
8152,-27.23400000000000176,10.21333545115012953,7645
8153,-27.25700000000000145,10.27763859187006013,7646
8154,-25.24299999999999855,10.35821690246328508,7647
8155,-25.89699999999999847,10.30367795308068501,7648
8156,-25.75499999999999901,10.24014945329466642,7649
8157,-21.79799999999999827,10.29138088536596030,7650
8158,-20.33800000000000097,10.37688364407284070,7651
8159,-21.81500000000000128,10.47399324294496914,7652
8160,-20.51800000000000068,10.48251791020475565,7653
8161,-19.74099999999999966,10.47548007240268397,7654
8162,-24.65599999999999881,10.46374575691315556,7655
8163,-25.53300000000000125,10.47264908015378460,7656
8164,-15.88400000000000034,10.50458189029758316,7657
8165,-24.35500000000000043,10.48272000614926647,7658
8166,-23.95599999999999952,10.43665899737267466,7659
8167,-22.57499999999999929,10.46746584362820442,7660
8168,-21.02400000000000091,10.47734922220509546,7661
8169,-24.31299999999999883,10.50189534697939919,7662
8170,-16.33599999999999852,10.54760188647905395,7663
8171,-20.91100000000000136,10.51880886236662604,7664
8172,-22.75600000000000023,10.50148522633722514,7665
8173,-23.18299999999999983,10.41702946159025878,7666
8174,-22.76000000000000156,10.34852284947289647,7667
8175,-20.23300000000000054,10.30936883881514632,7668
8176,-21.73600000000000065,10.24753053231357924,7669
8177,-20.98900000000000077,10.11641387059885844,7670
8178,-20.73199999999999932,10.01043591769971997,7671
8179,-19.63500000000000156,9.93565395706362686,7672
8180,-19.36899999999999977,9.87793835771343609,7673
8181,-19.06899999999999906,9.82330227699280734,7674
8182,-17.09499999999999886,9.77495691966232627,7675
8183,-18.39999999999999858,9.75695759273085095,7676
8184,-16.46300000000000097,9.74557553287956502,7677
8185,-16.66400000000000148,9.75142046581932220,7678
8186,-18.80600000000000094,9.68207558513772781,7679
8187,-15.25200000000000067,9.64268745496282342,7680
8188,-14.98300000000000054,9.64737753768985762,7681
8189,-15.75200000000000067,9.62617796603595188,7682
8190,-15.00300000000000011,9.61824791402847090,7683
8191,-14.58099999999999952,9.80993507661934494,7684
8192,-12.96499999999999986,9.90469252508414932,7685
8193,-12.56300000000000061,9.95634319405502310,7686
8194,-11.18800000000000061,9.97680679276295379,7687
8195,-13.55199999999999960,9.97655630937939009,7688
8196,-17.55399999999999849,9.95710140812597366,7689
8197,-20.44399999999999906,9.91785219416287944,7690
8198,-17.72500000000000142,9.88412178047449963,7691
8199,-16.98799999999999955,9.84623228124120686,7692
8200,-16.92399999999999949,9.82596469647601189,7693
8201,-15.39899999999999913,9.83147690412488373,7694
8202,-16.07999999999999829,9.89211672186574908,7695
8203,-13.78500000000000014,9.92196521771578865,7696
8204,-15.77399999999999913,9.92402582124393540,7697
8205,-16.17200000000000060,9.90746331839183902,7698
8206,-15.06199999999999939,9.92476499076713559,7699
8207,-15.97400000000000020,9.95859632410212114,7700
8208,-12.42600000000000016,10.01798787832703219,7701
8209,-8.38299999999999912,10.06316549196503729,7702
8210,-10.66099999999999959,10.12789206560700173,7703
8211,-15.40700000000000003,10.14284368172481798,7704
8212,-18.69000000000000128,10.11361667151918908,7705
8213,-20.77899999999999991,10.08752637231590654,7706
8214,-23.60800000000000054,10.10475339703029185,7707
8215,-20.25100000000000122,10.15531114121378842,7708
8216,-17.57600000000000051,10.20215833871169231,7709
8217,-21.41700000000000159,10.15208578191379374,7710
8218,-19.23100000000000165,10.15764139285930945,7711
8219,-18.93700000000000117,10.32765739981275566,7712
8220,-18.57400000000000162,10.54997787571877765,7713
8221,-18.43799999999999883,10.79357131264374026,7714
8222,-15.58399999999999963,11.03477172690484132,7715
8223,-19.36499999999999844,11.35465861912691210,7716
8224,-22.07000000000000028,11.65201006059569622,7971
8225,-23.88599999999999923,11.70219605687431041,7972
8226,-26.50100000000000122,11.77397587997021944,7973
8227,-21.79599999999999937,11.81872603790941056,7722
8228,-16.82700000000000173,11.80843346707378672,7723
8229,-17.35300000000000153,11.80568878740755423,7724
8230,-19.71300000000000097,11.81300061830933501,7725
8231,-19.96999999999999886,11.82439617817054156,7726
8232,-17.70400000000000063,11.82907727480937154,7727
8233,-19.77499999999999858,11.83239567792965730,7727
8234,-15.97100000000000009,11.83542857560179229,7728
8235,-15.52399999999999913,11.87769108059425349,7729
8236,-13.69500000000000028,11.89175969518904985,7983
8237,-14.01099999999999923,11.89698844107635090,7984
8238,-13.21400000000000041,11.89346436485967828,7985
8239,-15.29199999999999982,11.89871172079026174,7986
8240,-15.84399999999999942,11.88604282098667575,7987
8241,-18.34900000000000020,11.87666156219536440,7988
8242,-17.61100000000000065,11.85044905641087176,7989
8243,-14.26500000000000057,11.84212390697902251,7990
8244,-15.39499999999999957,11.84907453195337368,7991
8245,-15.41699999999999982,11.85951171329955045,7992
8246,-15.94699999999999918,11.87704278500422106,7993
8247,-17.48199999999999932,11.90531275446677029,7994
8248,-16.61199999999999832,11.86977862670677197,142
8249,-15.42399999999999949,11.83563505453285281,143
8250,-15.74900000000000055,11.80929119263000970,144
8251,-14.76099999999999923,11.79147473393197210,145
8252,-15.46599999999999930,11.79619174523184810,146
8253,-12.32000000000000028,11.81432266161300326,147
8254,-14.06300000000000061,11.85475606815732519,148
8255,-12.72499999999999964,11.89201123300527918,149
8256,-11.44500000000000028,11.94539191398662403,150
8257,-9.90900000000000070,11.99917566613596343,151
8258,-17.80499999999999972,12.08808040569861220,152
8259,-11.04100000000000037,12.07408797494817776,152
8260,-10.47199999999999953,12.12363048210187699,154
8261,-12.99099999999999966,12.12471427387793987,155
8262,-12.72300000000000075,12.13953953859085466,156
8263,-11.93999999999999950,12.09612904203286199,157
8264,-13.15099999999999980,12.07771674224622238,157
8265,-14.89300000000000068,12.04750842046705195,158
8266,-12.19899999999999984,12.16221815160293218,159
8267,-13.76999999999999957,12.23652082317303957,159
8268,-14.84800000000000075,12.29530451445369543,160
8269,-13.58500000000000085,12.29637361897176362,161
8270,-13.25799999999999912,12.41689156632673807,8017
8271,-11.93599999999999994,12.34670592268274802,8018
8272,-12.68500000000000050,12.26141890190173278,8019
8273,-11.61800000000000033,12.19605999798652363,8020
8274,-9.21100000000000030,12.10009013880237561,8021
8275,-13.37800000000000011,11.94981643825681594,8022
8276,-17.74699999999999989,11.87306641706461718,8023
8277,-23.45499999999999829,11.82652103559805390,43
8278,-24.21499999999999986,11.80750214394307207,44
8279,-24.44900000000000162,11.80510323348481805,45
8280,-29.59799999999999898,11.80833737652721460,8027
8281,-29.45499999999999829,11.68172245218594263,8028
8282,-28.52899999999999991,11.51456124234490908,8029
8283,-30.31899999999999906,11.44746318470880198,8030
8284,-33.89099999999999824,11.23422370011623173,8031
8285,-31.98699999999999832,11.04978772521358721,8032
8286,-35.95700000000000074,11.11464294409412545,7273
8287,-37.02300000000000324,11.13043582256679898,7274
8288,-39.65800000000000125,11.37578731623347217,7275
8289,-43.96600000000000108,11.73650957846001575,7276
8290,-37.68900000000000006,12.27413079288145425,7277
8291,-31.82900000000000063,12.43022369227303159,6011
8292,-18.92299999999999827,12.52598170266242228,6012
8293,-17.45400000000000063,12.44630593095840254,6013
8294,-18.21300000000000097,12.38221247656738910,6014
8295,-17.94600000000000151,12.37828197443184308,6015
8296,-15.76999999999999957,12.33678025640304377,8043
8297,-13.69999999999999929,12.14148941588588215,8044
8298,-13.38000000000000078,12.12810466723257896,8045
8299,-15.77500000000000036,12.09360754112918990,8046
8300,-13.09299999999999997,12.07200254139548434,8047
8301,-11.66900000000000048,12.04525734708889395,8048
8302,-13.16099999999999959,12.02888640181766533,8049
8303,-12.32399999999999984,12.01723126946543907,8050
8304,-11.80700000000000038,12.01544304985611511,8051
8305,-12.01600000000000001,11.99369338000971297,8052
8306,-13.76699999999999946,11.98225002033497866,8053
8307,-13.23199999999999932,11.95690105819953430,8054
8308,-9.20979999999999954,11.94553321216258368,8055
8309,-8.94919999999999938,11.96137061302065518,8056
8310,-8.83680000000000021,11.96168360223515137,8057
8311,-9.79299999999999926,11.96027984957647661,8058
8312,-8.36469999999999914,11.94952551776283123,6032
8313,-6.30809999999999960,11.87535210559132182,6033
8314,-6.83450000000000024,11.82382805959085204,6034
8315,-3.08769999999999989,11.79385050841086269,6035
8316,-2.29459999999999997,11.66263616705158057,6036
8317,-3.67720000000000002,11.55647656719997229,6037
8318,-2.48879999999999990,11.43625394417595409,6038
8319,-1.17579999999999996,11.32912701765276609,6039
8320,-2.09089999999999998,11.33627855111939375,6040
8321,-17.29500000000000171,11.39495816074242818,6041
8322,-26.03200000000000003,11.36873921349073591,6042
8323,-18.66600000000000037,11.30730440631149136,6043
8324,-18.11899999999999977,11.26863230972424468,6044
8325,-18.80600000000000094,11.25528572451250398,6045
8326,-17.59799999999999898,11.23089861349850693,6046
8327,-18.70299999999999940,11.19886058041312182,6047
8328,-16.51500000000000057,11.18094877684003485,6048
8329,-16.17200000000000060,11.15681737636061932,6049
8330,-18.71999999999999886,11.13687437882451725,6050
8331,-18.62399999999999878,11.13479014497294628,6051
8332,-16.96300000000000097,11.10669905424872184,6052
8333,-16.66900000000000048,11.05685242905281207,6053
8334,-17.36599999999999966,11.00305578065978906,6054
8335,-16.75700000000000145,10.95108386138885770,6055
8336,-17.70599999999999952,10.88489697608427420,6056
8337,-14.46199999999999974,10.82780106906769291,6057
8338,-13.49099999999999966,10.68542420736196163,6058
8339,-15.28599999999999959,10.48391754147996657,6059
8340,-12.85399999999999920,10.31496459090628903,6060
8341,-13.23199999999999932,10.06411645829368418,6061
8342,-10.21700000000000053,9.88684574175797870,6062
8343,-8.19030000000000058,9.59620781341923923,6063
8344,-10.61200000000000010,9.33292667989559455,6064
8345,-20.92099999999999937,9.26539937330511343,6065
8346,-19.78800000000000026,9.24559012169817862,6066
8347,-15.26099999999999923,9.28242593128318383,6067
8348,-16.61599999999999966,9.29080885579819338,6068
8349,-12.34900000000000020,9.28969149804045635,6069
8350,-14.12199999999999989,9.36637862861609527,6070
8351,-14.79800000000000004,9.36555331000052860,6071
8352,-18.08299999999999841,9.40207246720036949,6072
8353,-24.83599999999999852,9.29566147077498073,6073
8354,-26.75700000000000145,9.11500118322724262,6074
8355,-22.18299999999999983,8.93558477679239616,6075
8356,-14.97100000000000009,8.77910713153494449,6076
8357,-15.52200000000000024,8.77633944987472958,6077
8358,-14.74200000000000088,8.76263438074409429,6078
8359,-13.63400000000000034,8.77812072897349438,6079
8360,-11.68200000000000038,8.77246846203160047,6080
8361,-10.26200000000000045,8.77940688582797257,6081
8362,-8.70120000000000005,8.75833140796732046,6082
8363,-10.18399999999999928,8.69878628369907148,6083
8364,-9.90709999999999980,8.63846425990271527,6084
8365,-7.32219999999999960,8.71898475339887824,6085
8366,-8.38940000000000019,8.76624217485494306,6086
8367,-7.65230000000000032,8.81366461131355550,6087
8368,-5.88980000000000015,8.81847950685094339,6088
8369,-6.30759999999999987,8.85413810527074752,6089
8370,-7.25300000000000011,8.89883878038538789,6090
8371,-8.30369999999999919,8.83727345313873336,4063
8372,-8.00120000000000076,8.71972747592463904,4064
8373,-9.44410000000000061,8.67802930836072051,4065
8374,-8.46519999999999939,8.72766840222055151,4066
8375,-9.18699999999999939,8.86046983371929642,4067
8376,-8.69720000000000049,8.98570064600234275,4068
8377,-9.19309999999999938,9.16906405430630045,4069
8378,-10.58099999999999952,9.17932889173438404,4070
8379,-10.30599999999999916,9.18071284199064941,4071
8380,-9.39170000000000016,9.19905949683167101,4072
8381,-10.00500000000000078,9.30613323660451819,4073
8382,-11.32300000000000040,9.44394096396266214,4074
8383,-13.57099999999999973,9.55214219896830841,4075
8384,-13.38199999999999967,9.57173630080883697,4076
8385,-29.36799999999999855,9.43866630710555121,4077
8386,-19.57799999999999940,9.60691613844847936,4078
8387,-17.52499999999999858,9.56875861266513361,4079
8388,-20.67000000000000171,9.53228875985339741,4080
8389,-26.63100000000000023,9.47037772761707153,4081
8390,-31.16100000000000136,9.39306812230579524,11428
8391,-26.53600000000000136,9.22181801844075721,11429
8392,-22.92000000000000171,9.17940181938159583,11430
8393,-21.78099999999999881,9.19559960150233913,11431
8394,-22.23100000000000165,9.20630367288456775,11432
8395,-22.26699999999999946,9.21770707476403217,11433
8396,-24.73900000000000077,9.25899844755683787,11434
8397,-27.62800000000000011,9.36374690085002648,11435
8398,-26.87399999999999878,9.44436837501496562,11436
8399,-24.80600000000000094,9.66921642313846164,4091
8400,-28.51899999999999835,9.70929140192720119,4092
8401,-29.75000000000000000,9.80305209374881770,4093
8402,-30.21000000000000085,9.90078122843562447,4094
8403,-28.19000000000000128,9.94963016471017170,4095
8404,-25.78099999999999881,9.91828832439182762,4096
8405,-26.96099999999999852,9.88973681426830886,4097
8406,-26.90800000000000125,9.89186030359474699,4098
8407,-25.99699999999999989,9.93041682992781105,11445
8408,-22.28399999999999892,9.93501908023952929,11446
8409,-22.20799999999999841,9.93294536901335157,11447
8410,-21.24800000000000111,9.97462942244854567,11448
8411,-23.06099999999999994,10.05534771649634784,11449
8412,-24.50799999999999912,10.22132053485732328,11450
8413,-22.05099999999999838,10.35100716509054486,11451
8414,-22.11599999999999966,10.42061792107683438,11452
8415,-23.08899999999999864,10.46622734703475466,11453
8416,-27.96799999999999997,10.49390543712657120,11454
8417,-22.26800000000000068,10.06681951299344213,11455
8418,-13.62100000000000044,9.66158751495044044,11456
8419,-14.87299999999999933,9.68688783994625702,11457
8420,-12.57000000000000028,9.63838508692825613,11458
8421,-12.46199999999999974,9.67349268054164568,11459
8422,-8.72029999999999994,9.69539606066298632,11460
8423,-5.84659999999999958,9.75757805408572310,11461
8424,-8.12040000000000006,9.78410736767514955,11462
8425,-11.92999999999999972,9.75901027752689032,11463
8426,-13.46100000000000030,9.74391582067310758,11464
8427,-13.32699999999999996,9.76091577427253831,11465
8428,-14.36599999999999966,9.86174327190681765,11466
8429,-14.89899999999999913,9.87283994230988604,11467
8430,-14.64300000000000068,9.89625946309795523,11468
8431,-13.67800000000000082,9.89774849506287957,11469
8432,-13.35599999999999987,9.87660553177853728,11470
8433,-13.63100000000000023,9.94152517003169223,11471
8434,-14.86999999999999922,9.91922618449760662,11472
8435,-14.90900000000000070,9.92905913210958957,11473
8436,-15.25200000000000067,10.01443877067522870,11474
8437,-14.84699999999999953,10.19879807445058617,11475
8438,-15.08500000000000085,10.28776947776336748,11476
8439,-16.36799999999999855,10.22477457453474692,11477
8440,-16.84600000000000009,10.11346706121052108,11478
8441,-16.45700000000000074,9.98537631211957688,11479
8442,-16.49500000000000099,9.86317476831044004,11480
8443,-16.19000000000000128,9.81230419522884389,11481
8444,-17.10800000000000054,9.77775596385237833,11482
8445,-16.52400000000000091,9.70966017695876182,11483
8446,-17.87699999999999889,9.65117191117668582,11484
8447,-18.61100000000000065,9.67707561866553689,11485
8448,-17.37800000000000011,9.69413135376363755,11486
8449,-18.39699999999999847,9.70121944908696499,11487
8450,-21.95499999999999829,9.70831927893121716,11488
8451,-21.49399999999999977,9.72609108625997365,11489
8452,-23.16700000000000159,9.74704763348183079,11490
8453,-23.35999999999999943,9.76544295428622000,11491
8454,-23.79400000000000048,9.79010466543416236,11492
8455,-24.31299999999999883,9.80385371078238776,11493
8456,-23.40099999999999980,9.82075077650200079,11494
8457,-24.40899999999999892,9.86417010858894372,11495
8458,-24.30000000000000071,10.15987943335299626,11496
8459,-23.63200000000000145,10.58682629160235145,11497
8460,-22.87099999999999866,10.46502421838753172,11498
8461,-21.24699999999999989,10.51762310081257112,11499
8462,-16.45299999999999940,10.53751681247783090,9476
8463,-11.50699999999999967,10.50577024683173555,9477
8464,-17.77599999999999980,10.35482239976167662,9478
8465,-19.39099999999999824,10.28975867356557572,9479
8466,-20.19399999999999906,10.29394803495877042,5176
8467,-23.92200000000000060,10.22440479112060352,9481
8468,-26.27199999999999847,10.16393628342280486,9482
8469,-17.36599999999999966,10.14740720417296238,9483
8470,-25.58699999999999974,10.13417417837506918,9484
8471,-22.42099999999999937,10.05376371984952222,9485
8472,-19.68400000000000105,10.22368948251778420,9486
8473,-21.25199999999999889,10.45138579099747567,9487
8474,-19.26300000000000168,10.59032641384896145,5184
8475,-17.63899999999999935,10.60597776300077122,5185
8476,-19.06599999999999895,10.46936306023273922,5186
8477,-17.53699999999999903,10.48325029301099320,5187
8478,-17.13500000000000156,10.52150140948227630,5188
8479,-30.17500000000000071,10.54163947639395715,5189
8480,-30.28999999999999915,10.45126368084812007,5190
8481,-21.03399999999999892,10.52887996480136756,5191
8482,-26.01399999999999935,10.59671728299307780,5192
8483,-16.98400000000000176,10.39424485382889962,5193
8484,-19.37500000000000000,10.44308443200696779,5194
8485,-21.02700000000000102,10.50853394821331399,5195
8486,-20.56400000000000006,10.57020567483784745,7476
8487,-18.72700000000000031,10.57457553891774360,7477
8488,-20.10000000000000142,10.57157238355944173,7478
8489,-20.75100000000000122,10.53445091576385018,7479
8490,-20.67000000000000171,10.48770449268602256,7480
8491,-19.55300000000000082,10.42319741121383281,7481
8492,-17.51999999999999957,10.37847786686320184,7482
8493,-15.76699999999999946,10.31766674487813695,7483
8494,-15.40300000000000047,10.28532959111970158,7484
8495,-16.19099999999999895,10.24391508820146335,7485
8496,-13.94599999999999973,10.19952549719551449,7486
8497,-14.74399999999999977,10.18570004662955775,7487
8498,-15.48000000000000043,10.18378075341893130,7488
8499,-13.61800000000000033,10.18012758729115497,7489
8500,-13.07399999999999984,10.21670122944793846,7490
8501,-14.46299999999999919,10.24225378317082757,7491
8502,-11.96899999999999942,10.26314590290527207,7492
8503,-10.67399999999999949,10.28388154706497026,7493
8504,-9.38790000000000013,10.29805145956661683,7494
8505,-11.30700000000000038,10.31021568086614870,7495
8506,-11.16699999999999982,10.32436149249453194,7496
8507,-10.82699999999999996,10.32582966853522244,7497
8508,-7.71199999999999974,10.35512115297860269,7498
8509,-9.20889999999999986,10.35776529392966516,7499
8510,-9.37669999999999959,10.32718502541323247,7500
8511,-7.53080000000000016,10.31455393128939235,7501
8512,-6.88510000000000044,10.34433602983312817,7502
8513,-13.33699999999999974,10.46616340013530966,7503
8514,-12.49200000000000088,10.50590122768603862,7504
8515,-12.29899999999999949,10.47199675590077739,7505
8516,-14.23799999999999955,10.61081197064551596,7506
8517,-12.96000000000000085,10.76270610570040809,7507
8518,-12.93800000000000061,10.80050041982557651,7508
8519,-15.77599999999999980,10.80324754807864984,7509
8520,-13.66999999999999993,10.78683527029580169,7509
8521,-13.56900000000000084,10.81363893812152988,7510
8522,-14.00600000000000023,10.83519120254847579,7512
8523,-13.02999999999999936,10.85586259851274882,7513
8524,-13.21899999999999942,11.00253217678044315,7513
8525,-12.89300000000000068,11.03055188197385483,7514
8526,-12.13199999999999967,11.02550903032819996,7515
8527,-12.78100000000000058,11.13043355683542757,7516
8528,-11.84699999999999953,11.23498075584652511,7517
8529,-13.36200000000000010,11.40637366235785244,7518
8530,-13.60999999999999943,11.44067236871448756,7520
8531,-11.50600000000000023,11.50272962946534072,7521
8532,-12.12599999999999945,11.60952748394935874,7521
8533,-12.77399999999999913,11.93970937649344322,7522
8534,-11.76699999999999946,12.20352056236650640,7521
8535,-10.58300000000000018,12.34789245024032667,12203
8536,-9.90900000000000070,12.05169486967013626,12204
8537,-9.06230000000000047,12.00914870150728042,12205
8538,-10.08099999999999952,11.95181726714002757,12206
8539,-9.68159999999999954,11.89461085552875730,12207
8540,-10.27500000000000036,11.90040500548423097,12208
8541,-13.06300000000000061,11.90406268305616422,12209
8542,-16.59199999999999875,11.89395665365348975,12210
8543,-27.21399999999999864,11.88205942834162165,12211
8544,-20.25400000000000134,11.92967706820137153,12212
8545,-14.43999999999999950,11.87143579478836664,12213
8546,-18.90800000000000125,11.63315380969629942,12214
8547,-17.22299999999999898,11.54276736240671930,12215
8548,-18.83800000000000097,11.43800671857659701,12216
8549,-23.25799999999999912,11.41935043443263353,12217
8550,-23.75300000000000011,11.45746672350896489,12218
8551,-24.64900000000000091,11.48381302447988084,12219
8552,-21.14000000000000057,11.52927494665368791,12220
8553,-19.37999999999999901,11.49309769443609497,12221
8554,-18.25799999999999912,11.49599086345208399,12222
8555,-17.04500000000000171,11.50396460528804354,12223
8556,-17.29500000000000171,11.53235257513482281,12224
8557,-17.75100000000000122,11.57696434763933979,12225
8558,-20.73699999999999832,11.60697501185143210,12224
8559,-21.19500000000000028,11.65493226991471332,12225
8560,-22.74299999999999855,11.70072274764728881,12226
8561,-22.14499999999999957,11.74459399846057650,12227
8562,-22.23900000000000077,11.79690642433665992,12228
8563,-22.11599999999999966,11.83228100011955597,12231
8564,-23.84199999999999875,11.78511448616323065,12232
8565,-23.58399999999999963,11.68329542567567714,12233
8566,-24.31099999999999994,11.68558437175912523,12234
8567,-22.50799999999999912,11.60081505286415826,12235
8568,-22.77499999999999858,11.58244349056173483,12236
8569,-19.08800000000000097,11.51515296734710780,12237
8570,-20.48999999999999844,11.55569232951516412,12238
8571,-20.00199999999999889,11.57797541057212243,12239
8572,-20.88100000000000023,11.63577571035533076,12240
8573,-17.89499999999999957,11.70596528113791024,12241
8574,-14.69400000000000084,11.83323124539165683,12242
8575,-14.10699999999999932,11.95029165769493851,12243
8576,-12.43399999999999928,12.08341431559442114,12244
8577,-22.69000000000000128,12.21345499551238589,12245
8578,-19.68799999999999883,12.18817479174139073,11743
8579,-11.72000000000000064,12.15207150788611123,11744
8580,-13.31700000000000017,12.13546706174120082,11745
8581,-14.60500000000000043,12.12345338758069779,11746
8582,-15.60599999999999987,12.12458564920840232,11747
8583,-17.00700000000000145,12.10961903490780678,11748
8584,-21.20499999999999829,12.08901117504209743,11749
8585,-21.14300000000000068,12.03707552646451084,11750
8586,-20.44900000000000162,12.00004329286979576,11751
8587,-21.45299999999999940,11.96377582668515949,11752
8588,-21.37199999999999989,11.90891776085942944,11753
8589,-20.94600000000000151,11.86194612987941710,11754
8590,-18.76699999999999946,11.81036277048912275,11755
8591,-20.08699999999999974,11.78095439789223953,11756
8592,-18.47599999999999909,11.75015609320383980,11757
8593,-17.32600000000000051,11.71915571141078161,11758
8594,-13.61200000000000010,11.71537057942654947,11759
8595,-23.39499999999999957,11.69452526857394226,11760
8596,-21.39699999999999847,11.66520497521563371,11761
8597,-14.63199999999999967,11.66433800451562597,11762
8598,-12.35899999999999999,11.61305799886469714,5050
8599,-14.61700000000000088,11.64055875878957558,5051
8600,-16.07300000000000040,11.70781729762382462,7509
8601,-14.94899999999999984,11.71888299587566351,7510
8602,-17.27799999999999869,11.73467348430437696,7511
8603,-16.58299999999999841,11.71868032148062433,7512
8604,-13.89899999999999913,11.68464061802117016,7513
8605,-12.67500000000000071,11.67983241796684268,7514
8606,-14.00500000000000078,11.69821511616708420,7515
8607,-15.70100000000000051,11.68968282429278283,7516
8608,-14.16900000000000048,11.64881978593526135,7517
8609,-17.04599999999999937,11.42616797659900563,7343
8610,-22.96399999999999864,10.77228033736325585,7343
8611,-22.37999999999999901,10.68121352800998558,7344
8612,-19.69699999999999918,10.65888632314783102,7345
8613,-19.12900000000000134,10.63434425066185618,7346
8614,-17.23300000000000054,10.55310256495355326,7347
8615,-14.69699999999999918,10.50030382480032820,7348
8616,-14.57300000000000040,10.45723297165030807,7349
8617,-12.29400000000000048,10.44318362998167160,7350
8618,-17.20700000000000074,10.45885000746072535,7351
8619,-15.12700000000000067,10.48198248384682074,7352
8620,-16.36199999999999832,10.53309376389270646,7353
8621,-14.85800000000000054,10.65744515733711495,7354
8622,-14.14499999999999957,10.59325238895815957,7355
8623,-15.10800000000000054,10.52858471642497307,7356
8624,-14.33000000000000007,10.44859870585742989,7357
8625,-14.94699999999999918,10.33235830453193671,7358
8626,-16.33500000000000085,10.24070710731401057,7359
8627,-19.56400000000000006,10.22637536296075922,7360
8628,-19.97800000000000153,10.49521394763006654,7361
8629,-20.23499999999999943,10.47708880184384839,7362
8630,-20.58699999999999974,10.41619678988364939,7363
8631,-20.06200000000000117,10.40416002288255726,7364
8632,-19.05099999999999838,10.38324221377844481,7365
8633,-18.05600000000000094,10.40739255717092426,7366
8634,-15.77399999999999913,10.44672309678036903,7367
8635,-15.00200000000000067,10.45404774321573882,7368
8636,-13.40499999999999936,10.58632376789751461,7369
8637,-18.01599999999999824,10.63985373264150347,7370
8638,-23.47599999999999909,10.54105155992446896,7371
8639,-27.68499999999999872,10.56689933154691907,7372
8640,-28.23600000000000065,10.58676597083816873,7373
8641,-28.71999999999999886,10.45645388859911584,7374
8642,-30.32199999999999918,10.46516909561572106,7375
8643,-27.64199999999999946,10.44159690593194334,7376
8644,-28.63700000000000045,10.44443219546607082,7377
8645,-26.11899999999999977,10.41166508132570634,7378
8646,-27.49299999999999855,10.43584981239320975,7379
8647,-25.71099999999999852,10.46197505083850743,7380
8648,-23.59600000000000009,10.50697237271886131,7381
8649,-23.20499999999999829,10.54297195877354731,7382
8650,-21.84799999999999898,10.64269525621288004,7383
8651,-20.22299999999999898,10.60739771006658749,7384
8652,-17.86299999999999955,10.73627448291203024,7385
8653,-17.05300000000000082,10.88936951054288294,7386
8654,-18.29400000000000048,10.81936310236554455,7387
8655,-17.28900000000000148,10.78139650519010395,7388
8656,-19.97500000000000142,10.75600533541431503,7389
8657,-19.86799999999999855,10.76297394775915528,7390
8658,-18.74699999999999989,10.76405690897411382,7391
8659,-28.35999999999999943,10.76677432536342316,7392
8660,-24.48300000000000054,11.05286586466639420,7393
8661,-17.37999999999999901,11.39486026642633476,7394
8662,-18.39999999999999858,11.55312864434981890,7395
8663,-21.40700000000000003,11.58057844280712878,7396
8664,-21.94800000000000040,11.59072120247580528,7397
8665,-20.69000000000000128,11.59840500625166548,7398
8666,-26.30900000000000105,11.60165269415377232,7399
8667,-28.88500000000000156,11.49273125245573013,19818
8668,-22.92999999999999972,11.32379741363645920,19818
8669,-20.20100000000000051,11.27931013714911224,19819
8670,-17.57999999999999829,11.27595340707173577,19820
8671,-12.29400000000000048,11.26943852723646167,19821
8672,-15.67800000000000082,11.21869835722463016,19822
8673,-16.91600000000000037,11.18806396976294870,19823
8674,-15.55799999999999983,11.17316867600747798,19824
8675,-17.10900000000000176,11.20604704155321230,19825
8676,-12.97400000000000020,11.28639130719385264,19825
8677,-12.01600000000000001,11.37900365130423808,19826
8678,-11.24200000000000088,11.41879084953753143,19828
8679,-9.11780000000000079,11.44711540425303298,19829
8680,-8.45919999999999916,11.44034075925432248,19830
8681,-8.64119999999999955,11.44996327770091504,19830
8682,-11.42800000000000082,11.55019255899351549,19832
8683,-11.17900000000000027,11.56019193552253732,19833
8684,-9.98760000000000048,11.56858027886228157,19834
8685,-7.95720000000000027,11.63986825364215605,19834
8686,-7.71699999999999964,11.70118332852741716,19836
8687,-9.16060000000000052,11.73520202979555904,19836
8688,-9.68500000000000050,12.11606610210024826,19837
8689,-11.21599999999999930,12.55423055250531306,7422
8690,-10.56900000000000084,12.69185301425521217,7423
8691,-9.78829999999999956,12.80209062127616626,7424
8692,-11.18500000000000050,12.90625567890993075,7425
8693,-10.23700000000000010,13.01160807923127116,7426
8694,-9.88640000000000008,13.05152956747727444,5140
8695,-8.43299999999999983,13.07952409973394481,5141
8696,-10.32000000000000028,13.12462419711841655,15944
8697,-9.29110000000000014,13.04659887209803948,15945
8698,-9.17479999999999940,13.07322158631989950,15946
8699,-8.32310000000000016,13.06983580550694413,15947
8700,-9.63470000000000049,13.09699665344880160,15948
8701,-9.09040000000000070,13.08069227066916262,15949
8702,-8.73579999999999934,13.07802095059104097,15950
8703,-11.91300000000000026,13.10323930253377611,15951
8704,-14.66399999999999970,13.02737517087877350,11491
8705,-13.83600000000000030,12.95904949642047654,11492
8706,-12.41499999999999915,12.90231538497811847,11493
8707,-13.94400000000000084,12.80853220549126803,11494
8708,-12.71799999999999997,12.81856847013693823,11495
8709,-12.62199999999999989,13.08565163422042588,11496
8710,-16.71900000000000119,13.22365202564226827,15958
8711,-17.59799999999999898,13.22259043727557248,15959
8712,-17.41499999999999915,13.23628357448964898,15960
8713,-13.64600000000000080,13.27083388659450947,15961
8714,-10.37500000000000000,13.31227418988196476,15962
8715,-11.04899999999999949,13.35360811941680304,15963
8716,-10.13599999999999923,13.18366001032660861,1371
8717,-16.36700000000000088,13.14445565822979312,1372
8718,-20.60900000000000176,13.15642318772340147,1373
8719,-20.30300000000000082,13.17734145560729253,1374
8720,-20.49599999999999866,13.28797156072015540,15968
8721,-23.09100000000000108,13.23840711962294137,15969
8722,-15.93900000000000006,13.16439013800005498,15970
8723,-10.11599999999999966,13.17894690539087676,15971
8724,-16.55399999999999849,13.16013506949028233,1379
8725,-22.79799999999999827,13.22727028627999246,1380
8726,-28.34600000000000009,13.26651663706231510,1381
8727,-29.82400000000000162,13.24340425605772253,1382
8728,-30.75900000000000034,13.23198834662400181,1383
8729,-30.34100000000000108,13.17873703627854987,1384
8730,-33.10199999999999676,13.18493048734834439,1385
8731,-33.85300000000000153,13.28679242416301420,1386
8732,-37.95199999999999818,13.16415700747516837,1387
8733,-36.48400000000000176,12.66397988653269380,9239
8734,-33.35000000000000142,12.54277513566340474,9240
8735,-34.67199999999999704,12.75865870552839176,9241
8736,-24.93299999999999983,12.72284034121566165,1391
8737,-24.29599999999999937,12.72228301006856732,1392
8738,-25.08899999999999864,12.71396256163969518,1393
8739,-25.26899999999999835,12.66532341782957261,1394
8740,-24.73999999999999844,12.61511873942322914,1395
8741,-22.19000000000000128,12.55462066251415898,1396
8742,-21.45400000000000063,12.54976812123212682,1397
8743,-21.17500000000000071,12.54785216601513298,1398
8744,-20.25400000000000134,12.59853252420361258,1399
8745,-19.75400000000000134,12.63609045276045073,217
8746,-19.13800000000000168,12.64069451713025138,218
8747,-17.06200000000000117,12.66711687041689949,219
8748,-20.52799999999999869,12.68189038636997346,1403
8749,-16.51399999999999935,12.66229162354620286,1404
8750,-18.08299999999999841,12.71189128974356031,1405
8751,-16.24500000000000099,12.71896354754782621,223
8752,-17.25300000000000011,12.66884484026753732,224
8753,-16.27199999999999847,12.59174670803846396,225
8754,-16.34199999999999875,12.55782006491607383,226
8755,-14.23399999999999999,12.58763495536190291,227
8756,-14.06400000000000006,12.72279242832081536,228
8757,-14.71299999999999919,12.96920434489864782,229
8758,-12.94400000000000084,13.02633573603894490,230
8759,-11.60500000000000043,13.13000125000979956,1414
8760,-11.74200000000000088,13.15648514243308576,17440
8761,-11.15600000000000058,13.17049932702536630,17441
8762,-10.23600000000000065,13.13932522086775201,1417
8763,-12.13400000000000034,13.10081500779329744,1418
8764,-12.81099999999999994,13.10621789813406757,1419
8765,-24.48000000000000043,13.09005145463604514,17445
8766,-18.89000000000000057,13.06115987167587633,1421
8767,-24.92099999999999937,13.07630038270125539,17447
8768,-20.94200000000000017,13.08376240355668330,17448
8769,-9.45780000000000065,13.09615498906533482,17449
8770,-8.74540000000000006,13.05042107630134218,17450
8771,-8.91680000000000028,13.01239588800932623,17451
8772,-10.55599999999999916,12.99242763449654170,17452
8773,-11.02599999999999980,12.97290390426170426,17453
8774,-12.02999999999999936,13.06282193587422924,17454
8775,-11.14400000000000013,12.95202592376347184,8902
8776,-9.85970000000000013,12.88597502012845908,8903
8777,-7.90380000000000038,12.89294661514280982,8904
8778,-8.58580000000000076,12.80049856555166876,8905
8779,-10.24200000000000088,12.45476201085489265,8906
8780,-12.47799999999999976,12.19022954115145652,8907
8781,-15.22400000000000020,12.36754520170361005,8908
8782,-10.86899999999999977,12.58112867306418359,8909
8783,-9.67070000000000007,12.81978462011100817,8910
8784,-10.68399999999999928,12.89182280845368034,8911
8785,-13.77800000000000047,12.94613812334477565,8912
8786,-9.89339999999999975,12.95614734223974374,8913
8787,-9.84200000000000053,12.92620993611468982,8914
8788,-12.24200000000000088,12.78818947373264336,8915
8789,-10.78200000000000003,12.86129170856926152,8916
8790,-11.16600000000000037,12.86344912333012047,8917
8791,-11.80199999999999960,12.87821441761829000,8918
8792,-11.39700000000000024,12.88486229877778300,8919
8793,-10.86599999999999966,12.87669271010156358,8920
8794,-13.66499999999999915,12.88778521526935528,8921
8795,-10.93699999999999939,12.90930168192872785,8922
8796,-16.72100000000000009,12.90575921378746038,8923
8797,-28.69099999999999895,12.78233218135223126,8924
8798,-20.34600000000000009,12.71579913105238724,8925
8799,-20.69500000000000028,12.69806805020611407,8926
8800,-22.54100000000000037,12.68971281075934954,8927
8801,-14.59900000000000020,12.65983163858102856,8928
8802,-17.75499999999999901,12.61785411455691985,8929
8803,-19.27700000000000102,12.55011500331381846,8930
8804,-19.06700000000000017,12.49422148688718259,8931
8805,-18.75799999999999912,12.42278931693454957,8932
8806,-19.30900000000000105,12.36405276422009436,8933
8807,-21.64099999999999824,12.30788920451328394,8934
8808,-22.17399999999999949,12.28882329373524485,8935
8809,-21.62699999999999889,12.27091217188001870,8936
8810,-24.89300000000000068,12.25329671380304752,8937
8811,-26.30600000000000094,12.24780441919162044,8938
8812,-28.02499999999999858,12.23833022811766646,8939
8813,-28.75600000000000023,12.24265602246288687,8940
8814,-27.31099999999999994,12.31318257737001609,8941
8815,-25.53999999999999915,12.34525804541784666,8942
8816,-23.53999999999999915,12.02046281274773420,8943
8817,-20.79299999999999926,11.68270325741976023,8944
8818,-21.93499999999999872,11.58895854175781359,8945
8819,-19.03600000000000136,11.54147798028468230,8946
8820,-16.36899999999999977,11.52883819502875795,8947
8821,-24.10800000000000054,11.41090643708489516,8948
8822,-27.21399999999999864,11.42877793212688786,8949
8823,-30.59199999999999875,11.47248661790536950,8950
8824,-32.42300000000000182,11.56978992746005197,8951
8825,-29.35500000000000043,11.67661788354971186,8952
8826,-23.07799999999999940,11.74996705443521350,8953
8827,-11.49399999999999977,11.77501415848306365,8954
8828,-23.65800000000000125,11.68964330014997977,8955
8829,-24.50000000000000000,11.65017114271743814,8956
8830,-13.98199999999999932,11.53094854817037529,8957
8831,-17.75199999999999889,11.48486344497870881,8958
8832,-16.20100000000000051,11.48822591303746421,8959
8833,-18.40700000000000003,11.48905057878130620,8960
8834,-20.13700000000000045,11.48120323774139528,8961
8835,-17.84900000000000020,11.45908417790350597,8962
8836,-20.42399999999999949,11.45638656196325122,8963
8837,-15.64700000000000024,11.42882514006870309,8964
8838,-17.03200000000000003,11.42685621908291260,8965
8839,-18.23400000000000176,11.42877711999473078,8966
8840,-18.74099999999999966,11.43710057776442035,8967
8841,-17.54599999999999937,11.43108345887680422,8968
8842,-17.72500000000000142,11.45795532904178415,8969
8843,-19.51399999999999935,11.47209568403942548,8970
8844,-16.44900000000000162,11.47886182852336390,8971
8845,-14.50099999999999945,11.51047260577749931,8972
8846,-16.11599999999999966,11.53296124528358213,8973
8847,-19.36599999999999966,11.55747669704497049,8974
8848,-16.62999999999999901,11.57011130422131373,8975
8849,-16.21600000000000108,11.56684431450464778,8976
8850,-21.93299999999999983,11.65923401246655366,8977
8851,-35.41899999999999693,11.59944019092923817,8978
8852,-34.06000000000000227,11.77805783673566076,8979
8853,-21.89300000000000068,11.93046934998919717,8980
8854,-21.23000000000000043,11.88739354309547203,8981
8855,-16.38700000000000045,11.82968842237916185,8982
8856,-18.11299999999999955,11.81986532300740222,8983
8857,-15.87800000000000011,11.78924183738105214,8984
8858,-17.52299999999999969,11.83221798821233328,8985
8859,-34.19100000000000250,11.83244956698384520,8986
8860,-35.23400000000000176,11.99978391535418432,8987
8861,-28.52700000000000102,12.12180857904263398,8988
8862,-18.08500000000000085,12.11807201634068676,8989
8863,-17.85300000000000153,12.09470559150412505,8990
8864,-14.83500000000000085,12.11594420384414406,8991
8865,-15.62500000000000000,12.28635112499896209,8992
8866,-15.82600000000000051,12.40049154438451851,8993
8867,-16.59299999999999997,12.54101905647481452,8994
8868,-16.64300000000000068,12.60654562428082848,8995
8869,-14.74000000000000021,12.64272113092724048,8996
8870,-14.12100000000000044,12.63490648017836371,8997
8871,-14.27299999999999969,12.62369541911101400,8998
8872,-14.21299999999999919,12.59228118837390831,8999
8873,-12.64799999999999969,12.57403380243078495,9000
8874,-13.93999999999999950,12.63988334733909547,9001
8875,-12.86700000000000088,12.81885621971423461,9002
8876,-13.12400000000000055,13.16179551387725510,9003
8877,-15.29499999999999993,13.32497696110034902,15208
8878,-15.10299999999999976,13.29422615537207619,15209
8879,-16.38500000000000156,13.27500251619632010,15210
8880,-16.32100000000000151,13.27671608258268598,15211
8881,-15.57799999999999940,13.26298771082897332,15212
8882,-15.70700000000000074,13.31973600729515006,15213
8883,-15.14899999999999913,13.52092782655374137,15214
8884,-13.14000000000000057,13.52103366114666727,15215
8885,-12.78800000000000026,13.53696400175118875,15216
8886,-26.81700000000000017,13.55466084158787510,15217
8887,-45.72999999999999687,13.52673759225282346,15218
8888,-46.42300000000000182,13.52498497201178118,15219
8889,-41.82000000000000028,13.97548122398743509,15220
8890,-30.47800000000000153,13.88351771945292157,8763
8891,-24.83200000000000074,13.59531444194265859,8764
8892,-28.45499999999999829,13.48043950334685093,8765
8893,-20.00600000000000023,13.50861485861130618,8766
8894,-23.16799999999999926,13.50849955477739428,8767
8895,-20.89499999999999957,13.53400303927202586,8768
8896,-20.83699999999999974,13.53647357617983893,8769
8897,-21.13100000000000023,13.44309821304677754,8770
8898,-19.98400000000000176,13.32667029492166044,8771
8899,-20.12999999999999901,13.24083647804250496,8772
8900,-22.76200000000000045,13.17132946916660075,8773
8901,-24.01099999999999923,13.07828712253096803,8774
8902,-20.60200000000000031,12.95202592376347184,8775
8903,-21.05000000000000071,12.88597502012845908,8776
8904,-22.02299999999999969,12.89294661514280982,8777
8905,-20.77899999999999991,12.80049856555166876,8778
8906,-18.39600000000000080,12.45476201085489265,8779
8907,-17.09700000000000131,12.19022954115145652,8780
8908,-16.04799999999999827,12.36754520170361005,8781
8909,-16.63700000000000045,12.58112867306418359,8782
8910,-16.58200000000000074,12.81978462011100817,8783
8911,-17.22599999999999909,12.89182280845368034,8784
8912,-18.33899999999999864,12.94613812334477565,8785
8913,-17.98600000000000065,12.95614734223974374,8786
8914,-18.95899999999999963,12.92620993611468982,8787
8915,-16.92200000000000060,12.78818947373264336,8788
8916,-16.21099999999999852,12.86129170856926152,8789
8917,-15.08200000000000074,12.86344912333012047,8790
8918,-16.34400000000000119,12.87821441761829000,8791
8919,-16.79700000000000060,12.88486229877778300,8792
8920,-16.08299999999999841,12.87669271010156358,8793
8921,-15.08699999999999974,12.88778521526935528,8794
8922,-16.98199999999999932,12.90930168192872785,8795
8923,-28.63899999999999935,12.90575921378746038,8796
8924,-18.61499999999999844,12.78233218135223126,8797
8925,-17.65500000000000114,12.71579913105238724,8798
8926,-21.18799999999999883,12.69806805020611407,8799
8927,-18.98999999999999844,12.68971281075934954,8800
8928,-18.07300000000000040,12.65983163858102856,8801
8929,-23.54299999999999926,12.61785411455691985,8802
8930,-24.59299999999999997,12.55011500331381846,8803
8931,-24.62900000000000134,12.49422148688718259,8804
8932,-24.46399999999999864,12.42278931693454957,8805
8933,-22.73999999999999844,12.36405276422009436,8806
8934,-22.58399999999999963,12.30788920451328394,8807
8935,-20.86799999999999855,12.28882329373524485,8808
8936,-20.93700000000000117,12.27091217188001870,8809
8937,-22.18499999999999872,12.25329671380304752,8810
8938,-22.03600000000000136,12.24780441919162044,8811
8939,-21.74099999999999966,12.23833022811766646,8812
8940,-20.64600000000000080,12.24265602246288687,8813
8941,-20.43700000000000117,12.31318257737001609,8814
8942,-18.01200000000000045,12.34525804541784666,8815
8943,-13.19999999999999929,12.02046281274773420,8816
8944,-12.07499999999999929,11.68270325741976023,8817
8945,-14.39199999999999946,11.58895854175781359,8818
8946,-27.32199999999999918,11.54147798028468230,8819
8947,-31.46199999999999974,11.52883819502875795,8820
8948,-31.62800000000000011,11.41090643708489516,8821
8949,-32.82099999999999795,11.42877793212688786,8822
8950,-34.22299999999999898,11.47248661790536950,8823
8951,-31.57000000000000028,11.56978992746005197,8824
8952,-29.92299999999999827,11.67661788354971186,8825
8953,-25.58099999999999952,11.74996705443521350,8826
8954,-21.26300000000000168,11.77501415848306365,8827
8955,-16.30000000000000071,11.68964330014997977,8828
8956,-12.19299999999999962,11.65017114271743814,8829
8957,-20.46199999999999974,11.53094854817037529,8830
8958,-17.62900000000000134,11.48486344497870881,8831
8959,-17.39499999999999957,11.48822591303746421,8832
8960,-15.91600000000000037,11.48905057878130620,8833
8961,-14.58600000000000030,11.48120323774139528,8834
8962,-15.49600000000000044,11.45908417790350597,8835
8963,-14.19299999999999962,11.45638656196325122,8836
8964,-15.72799999999999976,11.42882514006870309,8837
8965,-17.27199999999999847,11.42685621908291260,8838
8966,-19.06599999999999895,11.42877711999473078,8839
8967,-20.37900000000000134,11.43710057776442035,8840
8968,-18.68799999999999883,11.43108345887680422,8841
8969,-15.82799999999999940,11.45795532904178415,8842
8970,-15.10899999999999999,11.47209568403942548,8843
8971,-16.53099999999999881,11.47886182852336390,8844
8972,-15.77299999999999969,11.51047260577749931,8845
8973,-21.36799999999999855,11.53296124528358213,8846
8974,-18.93100000000000094,11.55747669704497049,8847
8975,-19.85900000000000176,11.57011130422131373,8848
8976,-5.24390000000000001,11.56684431450464778,8849
8977,-12.63700000000000045,11.65923401246655366,8850
8978,-34.60999999999999943,11.59944019092923817,8851
8979,-35.73599999999999710,11.77805783673566076,8852
8980,-19.43799999999999883,11.93046934998919717,8853
8981,-12.78700000000000081,11.88739354309547203,8854
8982,-10.70199999999999996,11.82968842237916185,8855
8983,-10.81799999999999962,11.81986532300740222,8856
8984,-11.94100000000000072,11.78924183738105214,8857
8985,-14.50699999999999967,11.83221798821233328,8858
8986,-33.98400000000000176,11.83244956698384520,8859
8987,-29.85200000000000031,11.99978391535418432,8860
8988,-21.82799999999999940,12.12180857904263398,8861
8989,-22.57000000000000028,12.11807201634068676,8862
8990,-17.55099999999999838,12.09470559150412505,8863
8991,-19.09799999999999898,12.11594420384414406,8864
8992,-17.31700000000000017,12.28635112499896209,8865
8993,-17.02599999999999980,12.40049154438451851,8866
8994,-17.00600000000000023,12.54101905647481452,8867
8995,-18.40500000000000114,12.60654562428082848,8868
8996,-15.68999999999999950,12.64272113092724048,8869
8997,-15.40000000000000036,12.63490648017836371,8870
8998,-16.25900000000000034,12.62369541911101400,8871
8999,-17.51999999999999957,12.59228118837390831,8872
9000,-14.64000000000000057,12.57403380243078495,8873
9001,-13.82600000000000051,12.63988334733909547,8874
9002,-14.54599999999999937,12.76702146075121647,15332
9003,-14.95400000000000063,12.79391648737064990,15333
9004,-12.17200000000000060,12.79322242976130752,15334
9005,-14.86200000000000010,12.80593458783004834,15335
9006,-13.53599999999999959,12.76848159184294573,15336
9007,-15.01500000000000057,12.73434193699013939,15337
9008,-14.89799999999999969,12.72490690534311675,15338
9009,-15.40000000000000036,12.66524772798932474,15339
9010,-14.52299999999999969,12.58930032334601457,15340
9011,-12.81199999999999939,12.55940304381904582,15341
9012,-13.31499999999999950,12.55124138615874152,15342
9013,-10.37500000000000000,12.53055241243150064,15343
9014,-23.39300000000000068,12.53093684700649035,15344
9015,-38.27300000000000324,12.44203114540337296,15345
9016,-38.98299999999999699,12.31414285324669144,15346
9017,-27.86100000000000065,12.41297738617756963,13290
9018,-24.65299999999999869,12.47366695880489829,13291
9019,-18.51999999999999957,12.51493647305577461,13292
9020,-14.37800000000000011,12.46748762320153858,13293
9021,-17.20799999999999841,12.32308296627381949,13294
9022,-17.00600000000000023,12.24478748246397330,13295
9023,-19.51399999999999935,12.14847043101872792,13295
9024,-17.76800000000000068,12.05583661442955901,13297
9025,-18.01399999999999935,11.99032973608226982,13298
9026,-15.71000000000000085,11.96176879306712593,13299
9027,-17.12900000000000134,12.06980416858121430,13300
9028,-17.42299999999999827,12.13924428386744125,13301
9029,-16.80600000000000094,12.15404436171742120,13302
9030,-16.57700000000000173,12.16282864930847119,13303
9031,-18.68599999999999994,12.15060359001847345,13304
9032,-20.04100000000000037,12.13514154916085985,13305
9033,-16.33800000000000097,12.14183317923570193,13306
9034,-16.77100000000000080,12.16063169702036539,13307
9035,-16.02499999999999858,12.19468887665980894,13308
9036,-17.67699999999999960,12.22275964587821484,13309
9037,-15.26699999999999946,12.17335132356188332,15367
9038,-16.23400000000000176,12.15584592679354969,15368
9039,-15.50500000000000078,12.15297614836492990,15369
9040,-16.36199999999999832,12.16325444212223772,15370
9041,-12.27399999999999913,12.31440960386866124,15371
9042,-14.59699999999999953,12.40561402473756836,15372
9043,-10.88299999999999912,12.39534020710902062,15373
9044,-11.75000000000000000,12.42209181107984328,15374
9045,-12.36200000000000010,12.36292670315897979,15375
9046,-10.75200000000000067,12.30976476359184879,15376
9047,-12.59800000000000075,12.33095465548854897,15377
9048,-12.55799999999999983,12.32922363782832598,15378
9049,-14.97600000000000087,12.32398126412791051,15379
9050,-30.80699999999999861,12.34970691222646266,15380
9051,-23.16700000000000159,12.53688695629537619,15381
9052,-27.26500000000000057,12.55607150097417879,15382
9053,-27.08999999999999986,12.62015500322514505,15383
9054,-21.07499999999999929,12.71368685699158441,15384
9055,-21.69999999999999929,12.77545983541930674,15385
9056,-20.45700000000000074,12.70677133689421368,9638
9057,-24.37199999999999989,12.67479133359639754,9639
9058,-19.02400000000000091,12.60044854540987735,9640
9059,-19.03000000000000114,12.57986910242480150,9641
9060,-18.23199999999999932,12.57005264426959990,9642
9061,-19.10900000000000176,12.57143927807030970,9643
9062,-16.19500000000000028,12.58308327189971898,9644
9063,-17.46600000000000108,12.58827156886886556,9645
9064,-21.27400000000000091,12.58786419640629184,9646
9065,-18.80300000000000082,12.57106196702050127,9647
9066,-20.57900000000000063,12.56887442677130728,9648
9067,-18.19999999999999929,12.54857690197896858,9649
9068,-17.64499999999999957,12.53882634886043768,9650
9069,-15.10899999999999999,12.53271232164623683,9651
9070,-14.56400000000000006,12.48891012657492361,9652
9071,-13.25000000000000000,12.42916205570458210,9653
9072,-14.81300000000000061,12.36675573371229220,9654
9073,-17.25199999999999889,12.37497959784198898,9655
9074,-20.86199999999999832,12.33203127381956499,9656
9075,-26.79799999999999827,12.32009684500833657,9657
9076,-27.65099999999999980,12.34776506825865816,9658
9077,-27.03900000000000148,12.40219018226875214,9659
9078,-19.49800000000000111,12.45571495544724705,9660
9079,-16.28999999999999915,12.40730863615188539,9661
9080,-15.46700000000000053,12.33960792806297313,9662
9081,-19.69300000000000139,12.26577305347588798,9663
9082,-26.69600000000000151,12.21359214106652225,9664
9083,-16.44800000000000040,12.25757743677566047,9665
9084,-16.89799999999999969,12.21526073241892973,9666
9085,-18.69900000000000162,12.15774795087603799,9667
9086,-18.36899999999999977,12.15894468262582073,9668
9087,-18.22200000000000131,12.16486466519180354,9669
9088,-20.07900000000000063,12.18706207723405832,9670
9089,-17.25199999999999889,12.41892960407655977,9671
9090,-14.55899999999999928,12.75035649412802563,9672
9091,-18.65099999999999980,12.72549541689164521,9673
9092,-19.00400000000000134,12.71764841084686104,9674
9093,-17.05600000000000094,12.76529926545878801,9675
9094,-17.93599999999999994,12.79673018434828968,9676
9095,-18.43599999999999994,12.86458862351068966,9677
9096,-16.52700000000000102,12.88693373732221481,9678
9097,-16.11599999999999966,12.87541851611486443,9679
9098,-16.02400000000000091,12.82027952628490119,9680
9099,-17.00400000000000134,12.75316644885247008,9681
9100,-15.30799999999999983,12.69851700127698102,9682
9101,-14.57499999999999929,12.64905513496193379,9683
9102,-15.89499999999999957,12.63113407047797310,9684
9103,-18.76500000000000057,12.63626177277671125,9685
9104,-21.51899999999999835,12.70078605274849437,9686
9105,-39.24099999999999966,12.75068288633031521,9687
9106,-46.77000000000000313,12.84791571403071053,9688
9107,-34.50200000000000244,12.76209288346649906,9690
9108,-27.80000000000000071,12.75678343227565925,9691
9109,-27.54299999999999926,12.79609817191573917,9692
9110,-21.11799999999999855,12.81215310109498873,9693
9111,-21.18400000000000105,12.84663087271886184,9694
9112,-19.64099999999999824,12.81947448295947645,8599
9113,-23.46600000000000108,12.78905330586460387,8600
9114,-31.31200000000000117,12.73298536299356520,8601
9115,-33.39399999999999835,12.60478602088718958,8601
9116,-20.81200000000000117,12.46869789572351728,8602
9117,-16.76800000000000068,12.46855436018219798,8603
9118,-15.76999999999999957,12.47164283203560053,8604
9119,-16.75199999999999889,12.47802922759326805,8605
9120,-19.33399999999999963,12.48643248497335634,8606
9121,-18.52299999999999969,12.47075053588256388,8607
9122,-19.83099999999999952,12.44559459214842256,8608
9123,-18.04100000000000037,12.40236425568530620,8609
9124,-16.03000000000000114,12.38786108456980983,8610
9125,-14.34699999999999953,12.35874234154262474,8611
9126,-14.70899999999999963,12.32776631774956577,8612
9127,-13.76399999999999935,12.34883953513514498,8613
9128,-12.00399999999999956,12.46823286821393140,8614
9129,-11.19699999999999918,12.56044817305866523,8615
9130,-10.83000000000000007,12.60264233706153014,8616
9131,-12.53599999999999959,12.59497282331179768,8617
9132,-12.81000000000000050,12.61586449835219526,8618
9133,-9.81900000000000084,12.59261497486631853,8619
9134,-13.52100000000000080,12.60349507480693454,8620
9135,-13.44800000000000040,12.60808099659888271,8621
9136,-11.11599999999999966,12.57641743776098409,8622
9137,-14.59699999999999953,12.55618110123851316,8623
9138,-14.40399999999999991,12.64944830286488475,8624
9139,-16.75900000000000034,12.70431522765325916,13684
9140,-20.52100000000000080,12.68582449056539829,13685
9141,-34.36599999999999966,12.68201824058693461,13686
9142,-41.77000000000000313,12.68789545853395140,13687
9143,-39.99499999999999744,12.55574771419840197,8629
9144,-33.40400000000000347,12.38211462765619864,8630
9145,-29.88500000000000156,12.25812073911677302,1955
9146,-25.44099999999999895,12.32040853885267317,8632
9147,-22.78900000000000148,12.30919536543783721,8633
9148,-22.36599999999999966,12.29408400425252879,8634
9149,-19.07900000000000063,12.25698721706752004,8635
9150,-16.45799999999999841,12.24131690920408033,8636
9151,-18.23300000000000054,12.24592344203765926,8637
9152,-18.85699999999999932,12.24162606414849641,8638
9153,-19.61899999999999977,12.24031008006876853,8639
9154,-17.90399999999999991,12.23315748106828593,8640
9155,-16.71600000000000108,12.19842729184753338,8641
9156,-16.14900000000000091,12.13243074257659870,8642
9157,-16.25300000000000011,12.03271625277070633,8643
9158,-19.57499999999999929,11.97081533895114092,8644
9159,-19.17000000000000171,12.10670292325317732,8645
9160,-15.18200000000000038,12.22575495541952328,8646
9161,-16.73400000000000176,12.13521249636176158,8647
9162,-16.58999999999999986,12.09891164462956858,8648
9163,-15.73700000000000010,12.07175497838239941,8649
9164,-15.32900000000000063,12.03709751575523690,8650
9165,-17.57600000000000051,12.02936359604447780,8651
9166,-18.75600000000000023,11.92430168382689892,8652
9167,-17.28200000000000003,11.75389348568681136,8653
9168,-18.41000000000000014,11.73936881163812274,8654
9169,-18.46199999999999974,11.73911214296835581,8655
9170,-16.93400000000000105,11.75595022771646647,8656
9171,-18.11700000000000088,11.75224341577131959,8657
9172,-17.51999999999999957,11.75702630420438588,8658
9173,-19.08899999999999864,11.75691893141737765,8659
9174,-17.57000000000000028,11.82850653090448390,8660
9175,-17.07900000000000063,11.93763882758125838,8661
9176,-27.88800000000000168,12.01547667319474400,8662
9177,-22.78099999999999881,11.97235016928151019,8663
9178,-19.60300000000000153,11.98619826600134175,8664
9179,-23.60699999999999932,11.98564721685152534,8665
9180,-26.12399999999999878,11.85338428598470450,13724
9181,-21.68400000000000105,11.70063258048221577,13725
9182,-21.39999999999999858,11.65212653552446653,13726
9183,-21.93599999999999994,11.59444531105141785,13727
9184,-17.36299999999999955,11.52042992516154030,13728
9185,-17.76899999999999835,11.52666190656082179,13729
9186,-16.90399999999999991,11.52877436388819987,13730
9187,-17.94800000000000040,11.47572180682203680,13731
9188,-19.82900000000000063,11.38723494614887066,13732
9189,-16.64399999999999835,11.30294084396831877,13733
9190,-10.95199999999999996,11.26288696408124146,13734
9191,-5.76370000000000005,11.28519521595062969,13735
9192,-5.33919999999999995,11.70683636785400239,13735
9193,-6.25260000000000016,12.63568595495635805,13736
9194,-6.98519999999999985,13.09533893102889834,19832
9195,-7.85860000000000003,13.07559497346798061,8689
9196,-10.94500000000000028,13.05113682411584008,8690
9197,-10.18500000000000050,13.11967097649696612,8691
9198,-9.22409999999999997,13.17884987662864837,8692
9199,-7.79539999999999988,13.14634723968002916,8693
9200,-5.37150000000000016,13.20787664183794874,8694
9201,-3.96430000000000016,13.25965802044406772,8695
9202,-4.23669999999999991,13.33436216199956981,8696
9203,-3.39630000000000010,13.38915574864274127,8697
9204,-2.29519999999999991,13.46040470289830715,8698
9205,-3.15779999999999994,13.53904233072621288,8699
9206,-1.58929999999999993,13.62937527980680841,8700
9207,-0.09182400000000000,13.70758087214862542,8701
9208,-1.32260000000000000,13.75792426891795195,7596
9209,-3.54740000000000011,13.77747987368879379,7597
9210,-10.85800000000000054,13.82561555645285267,7598
9211,-12.37400000000000055,13.89292683324618771,7599
9212,-11.32499999999999929,13.94326932704901623,7600
9213,-12.85399999999999920,13.99376312318351978,7601
9214,-13.63000000000000078,14.04075966632853145,7602
9215,-13.40000000000000036,14.08188466139139550,8709
9216,-12.20100000000000051,14.10684017506463661,8710
9217,-13.86599999999999966,14.11120755017471318,8711
9218,-14.93099999999999916,14.11263044040277315,8712
9219,-15.29800000000000004,14.11532491786112509,8713
9220,-13.61700000000000088,14.13108936545056515,8714
9221,-13.71599999999999930,14.16361858742965474,8715
9222,-8.55589999999999939,14.19221867630214540,8716
9223,-7.66739999999999977,14.19470855302519219,1023
9224,-10.60399999999999920,13.94751985794710336,1024
9225,-18.30900000000000105,13.73576398097583073,1025
9226,-31.51800000000000068,13.63014645441698747,1026
9227,-31.11299999999999955,13.63367412473708384,1027
9228,-28.77299999999999969,13.59537009255217477,1028
9229,-16.87399999999999878,13.84763247284158183,1028
9230,-22.44099999999999895,14.06283064149285877,1029
9231,-21.98199999999999932,14.05438777258817318,1030
9232,-17.73699999999999832,14.03382628223660689,1031
9233,-15.45199999999999996,14.06386835118888179,1032
9234,-11.53100000000000058,14.15018676393453312,8728
9235,-7.63550000000000040,13.96266998608940924,8729
9236,-5.86289999999999978,13.77103564369925870,8730
9237,-6.84039999999999981,13.45845060803577375,8731
9238,-6.49990000000000023,13.16548580459291351,8732
9239,-17.27199999999999847,12.66397988653269380,8733
9240,-28.95899999999999963,12.54277513566340474,8734
9241,-26.73000000000000043,12.75865870552839176,8735
9242,-32.00800000000000267,12.90123155073453987,8736
9243,-30.78000000000000114,12.60788135582337155,10257
9244,-31.00600000000000023,12.34291358288406926,10258
9245,-28.54799999999999827,12.10740263655116777,10259
9246,-32.82200000000000273,11.93871265201839726,10260
9247,-29.61700000000000088,11.73964373857710974,10261
9248,-33.41400000000000148,11.58247308902762462,10262
9249,-32.02799999999999869,11.42804471505238872,10263
9250,-32.88900000000000290,11.32430501765259478,10264
9251,-24.63800000000000168,11.24380290406944738,10265
9252,-20.82999999999999829,11.26558091360275959,10266
9253,-26.60099999999999909,11.25522116978651610,10267
9254,-26.06500000000000128,11.21518687338965670,10268
9255,-24.78800000000000026,11.17189087616695709,10269
9256,-22.82199999999999918,11.14955161587768551,10270
9257,-23.00600000000000023,11.15417616828846015,10271
9258,-20.88200000000000145,11.19106740231656794,10272
9259,-22.68700000000000117,11.19073203602760458,10273
9260,-19.17299999999999827,11.20036296614705229,10274
9261,-20.81899999999999906,11.09665633091302439,10275
9262,-18.17599999999999838,11.04191944794135516,10276
9263,-17.24099999999999966,10.89758150610263243,10277
9264,-15.82900000000000063,10.74344616406983910,10278
9265,-17.18400000000000105,10.55324228270395892,10279
9266,-16.43400000000000105,10.52588576012658805,10280
9267,-15.99399999999999977,10.52205850956202937,10281
9268,-15.38299999999999912,10.53164702165632072,10282
9269,-15.01999999999999957,10.53561057152749569,10283
9270,-14.93900000000000006,10.52685606091412751,10284
9271,-17.38299999999999912,10.48004466808125201,10285
9272,-19.19800000000000040,10.46257627206701635,10286
9273,-12.17200000000000060,10.45206609060238989,10287
9274,-14.81400000000000006,10.52683408082046412,10288
9275,-13.26600000000000001,10.62641518158477005,10289
9276,-14.20400000000000063,10.70821946962465532,10290
9277,-18.41300000000000026,10.75830982256217005,10291
9278,-20.20499999999999829,10.75822222053005994,10292
9279,-13.79700000000000060,10.75269553559995117,10293
9280,-11.58200000000000074,10.75961908851957283,10294
9281,-10.46899999999999942,10.76162013118073268,10295
9282,-10.95800000000000018,10.71298659227423755,10296
9283,-10.46199999999999974,10.77300018369539814,10297
9284,-14.35699999999999932,10.79163701269907705,10298
9285,-11.92800000000000082,10.82186112780555654,10299
9286,-12.45299999999999940,10.84607499739533587,10300
9287,-10.83600000000000030,10.86822012823631312,10301
9288,-10.84200000000000053,10.95031774524809265,10302
9289,-9.08530000000000015,11.00225695810900461,10303
9290,-9.74460000000000015,11.06476943316619099,10304
9291,-9.58539999999999992,11.09575339969212493,10305
9292,-10.90000000000000036,11.12534289759545381,10306
9293,-12.56400000000000006,11.22721582903611193,10307
9294,-8.56189999999999962,11.21913389785135706,10308
9295,-12.52399999999999913,11.21145125436450662,10309
9296,-13.40600000000000058,11.28406148859897229,10310
9297,-7.43470000000000031,11.32486555222825153,10311
9298,-4.96499999999999986,11.35636376267220982,10312
9299,-5.52139999999999986,11.43770318685344556,10313
9300,-7.79689999999999994,11.51775616961752924,10314
9301,-8.58689999999999998,11.58104101976834421,10315
9302,-10.72199999999999953,11.61969697478500052,10316
9303,-27.98900000000000077,11.63303848014235164,10317
9304,-25.98799999999999955,11.67342451203352560,10318
9305,-15.68500000000000050,11.61004543688718726,10319
9306,-22.99099999999999966,11.61570110721927662,10320
9307,-16.44800000000000040,11.50163487854582200,10321
9308,-17.74599999999999866,11.47444793544223884,10322
9309,-13.08099999999999952,11.45445523317253667,10323
9310,-21.03300000000000125,11.38187688238147643,10324
9311,-21.40800000000000125,11.36005069051822325,10325
9312,-23.19999999999999929,11.34959208158218935,10326
9313,-25.18100000000000094,11.34106613377763040,10327
9314,-22.68700000000000117,11.30352220457890589,10328
9315,-22.47700000000000031,11.28600205112091359,10329
9316,-21.80099999999999838,11.28162723473549001,10330
9317,-25.23999999999999844,11.27532730886549750,10331
9318,-25.68499999999999872,11.27740038863519167,10332
9319,-27.15099999999999980,11.27344133496448109,10333
9320,-25.78099999999999881,11.24665776117345573,17682
9321,-26.30099999999999838,11.22749978098074131,17683
9322,-23.64499999999999957,11.18659471892578061,17684
9323,-21.99899999999999878,10.92851466624011003,17685
9324,-20.18599999999999994,10.76476172883115368,17686
9325,-19.90200000000000102,10.72684586430427167,17687
9326,-18.91199999999999903,10.67224680407512238,17688
9327,-13.84699999999999953,10.66407387325020473,17689
9328,-14.15900000000000070,10.67761592946884441,17690
9329,-17.02299999999999969,10.68484738278693591,17691
9330,-21.77499999999999858,10.64780454737175042,17692
9331,-29.79899999999999949,10.49428366033641780,17693
9332,-25.81800000000000139,10.21352250321048949,17694
9333,-14.95500000000000007,10.16198692122648062,17695
9334,-11.30799999999999983,10.15102528153412642,17696
9335,-28.19099999999999895,10.10833156683260192,17697
9336,-24.14600000000000080,10.13282541311839680,17698
9337,-17.25700000000000145,10.15205602421866971,17699
9338,-17.87900000000000134,10.14033001310091642,17700
9339,-19.23799999999999955,10.13198803156642036,17701
9340,-21.80499999999999972,10.11932459989555433,17702
9341,-20.91900000000000048,10.08021188116882350,17703
9342,-22.23999999999999844,10.05945200978436738,17704
9343,-22.58200000000000074,10.12868440779827317,17705
9344,-20.32199999999999918,10.17540436256197012,17706
9345,-19.42200000000000060,10.17029540148450906,17707
9346,-18.95899999999999963,10.14337836941663973,17708
9347,-17.84299999999999997,10.11403919736431511,17709
9348,-18.61299999999999955,10.09545301487259472,17710
9349,-15.58200000000000074,10.07366718912050274,17711
9350,-15.31099999999999994,10.04952209259537454,17712
9351,-14.48199999999999932,10.02660103793017754,17713
9352,-16.02499999999999858,10.02843033671433659,17714
9353,-14.62800000000000011,10.00598191239168600,17715
9354,-14.57000000000000028,9.99380532118479259,17716
9355,-14.12800000000000011,10.01848420745856316,17717
9356,-13.56300000000000061,10.00488220902236947,17718
9357,-15.66900000000000048,10.01405383279836592,17719
9358,-32.63600000000000279,9.95840212748951892,17720
9359,-28.54899999999999949,9.48971756790847465,17721
9360,-15.98799999999999955,9.13364778593279425,17722
9361,-15.61800000000000033,9.09138088675267220,17723
9362,-14.66499999999999915,9.13752213549343750,17724
9363,-14.39499999999999957,9.15973406477040797,17725
9364,-16.26500000000000057,9.18509457029029441,17726
9365,-29.01399999999999935,9.18913536183088731,17727
9366,-34.49900000000000233,8.80352543781193653,17728
9367,-23.33699999999999974,8.21617436770432441,17729
9368,-18.78699999999999903,8.19169718236572209,17730
9369,-21.39499999999999957,8.18672696253126198,17731
9370,-16.70299999999999940,8.22245683324837984,17732
9371,-18.11199999999999832,8.26678372647731585,17733
9372,-17.60600000000000165,8.30854932575366156,17734
9373,-19.22200000000000131,8.30695119191636699,17735
9374,-18.73699999999999832,8.26672849745031790,17736
9375,-16.40800000000000125,8.22980779289577136,17737
9376,-16.25700000000000145,8.22285590543595291,17738
9377,-14.76900000000000013,8.22254767145727961,17739
9378,-14.11100000000000065,8.22161884831555767,17740
9379,-14.37700000000000067,8.24313924696918754,17741
9380,-16.31099999999999994,8.26244967787103590,17742
9381,-20.39799999999999969,8.26897283495160096,17743
9382,-21.31500000000000128,8.40086939552751666,17744
9383,-19.72800000000000153,8.49432015017887743,17745
9384,-20.95899999999999963,8.78021289167164731,17746
9385,-22.15200000000000102,9.18517436347873506,17747
9386,-20.62199999999999989,9.18354503973167091,17748
9387,-18.78099999999999881,9.27046555141764195,17749
9388,-19.92299999999999827,9.32103100907561988,17750
9389,-17.26999999999999957,9.23914644267873619,17751
9390,-15.93900000000000006,9.49341412250327288,17752
9391,-31.86199999999999832,9.70121272521220668,17753
9392,-47.29699999999999704,9.60400280680713436,10406
9393,-47.39900000000000091,8.99892427238128256,10407
9394,-42.20100000000000051,9.32685364883304935,10408
9395,-28.42800000000000082,9.79063623653803639,10409
9396,-19.07300000000000040,9.94714650339351358,10410
9397,-17.03900000000000148,9.93822747104753823,10411
9398,-30.44699999999999918,9.91452275490188484,10412
9399,-28.13400000000000034,9.89840136344535537,7377
9400,-20.98499999999999943,9.73899035907879629,7378
9401,-24.31599999999999895,9.75812849378085012,7379
9402,-21.38800000000000168,9.76326448723269813,7380
9403,-20.46099999999999852,9.81858181317216960,7381
9404,-21.27899999999999991,9.82021844426597212,7382
9405,-20.50700000000000145,9.81005178024800806,7383
9406,-20.07999999999999829,9.78827744068028416,7384
9407,-19.51899999999999835,9.79390639245253780,7385
9408,-20.82300000000000040,9.81641170204865254,7386
9409,-22.21099999999999852,9.83829427756857200,7387
9410,-21.03000000000000114,10.04290753735263841,7388
9411,-20.61799999999999855,10.06280781401564717,7389
9412,-18.77400000000000091,10.03817264455097913,10426
9413,-18.27299999999999969,10.02761965602111260,10427
9414,-20.93199999999999861,10.06797218369613844,10428
9415,-17.97299999999999898,10.09404076361420088,10429
9416,-18.23100000000000165,10.09081998621796039,10430
9417,-18.78099999999999881,10.06267733304893675,10431
9418,-18.15099999999999980,10.10956156596733280,10432
9419,-19.37699999999999889,10.16009911128074350,10433
9420,-18.32100000000000151,10.16977312217737861,10434
9421,-17.87000000000000099,10.17614514309742368,10435
9422,-21.83800000000000097,10.22014714298246396,10436
9423,-22.74599999999999866,10.30034531065926195,10437
9424,-20.92899999999999849,10.36580191690535457,10438
9425,-14.15799999999999947,10.40192446201391085,10439
9426,-11.67500000000000071,10.30443813803011288,10440
9427,-10.81900000000000084,10.07647478354894766,10441
9428,-10.27500000000000036,10.09517808211189482,10442
9429,-13.70100000000000051,10.12623485585425165,10443
9430,-22.78900000000000148,10.00634087547718387,10444
9431,-13.42600000000000016,10.02168962044445877,10445
9432,-14.39199999999999946,10.08932180288321590,10446
9433,-8.32230000000000025,10.15469706585610687,10447
9434,-11.04899999999999949,10.35978098534470071,10448
9435,-10.01099999999999923,10.48677092242982489,10449
9436,-9.90920000000000023,10.59130160249076980,10450
9437,-8.35970000000000013,10.65070683320601397,10451
9438,-9.24430000000000085,10.72049685271634978,10452
9439,-10.23300000000000054,10.81835876235443550,10453
9440,-8.41050000000000075,10.88860778348037428,10454
9441,-8.06080000000000041,10.95088084798790362,10455
9442,-8.87739999999999974,10.97472415192590312,10456
9443,-8.94529999999999959,11.07239173212389360,10457
9444,-10.54899999999999949,11.13695407024817463,10458
9445,-6.96790000000000020,11.14708036076380360,10459
9446,-8.35870000000000068,11.22062947456783988,10460
9447,-4.86460000000000026,11.26367296511241989,10461
9448,-10.90199999999999925,11.34588461154681482,10462
9449,-9.34050000000000047,11.38362723102626894,10463
9450,-8.14780000000000015,11.38241923591955107,10464
9451,-7.77369999999999983,11.40403183068621118,10465
9452,-12.68500000000000050,11.15577205504154179,10466
9453,-12.31700000000000017,10.98053742421324230,10467
9454,-11.11500000000000021,10.84391904566790643,10468
9455,-12.20500000000000007,10.77346360441951312,10469
9456,-12.85599999999999987,10.69379793583251193,10470
9457,-15.58200000000000074,10.59344226641103859,10471
9458,-16.14799999999999969,10.43511586241120881,10472
9459,-15.30799999999999983,10.29248903935677717,16807
9460,-10.27699999999999925,10.07569758480350330,16808
9461,-13.28700000000000081,9.76019846268665425,16809
9462,-14.01500000000000057,9.62687715913585507,16810
9463,-15.53100000000000058,9.46811341970124865,16811
9464,-17.23699999999999832,9.33866180929632250,16812
9465,-16.52100000000000080,9.25505123629234383,16813
9466,-19.21399999999999864,9.25644494873253088,16814
9467,-17.96199999999999974,9.29445301524637024,16815
9468,-19.76899999999999835,9.26591889970447191,16816
9469,-17.75799999999999912,9.26290171638539483,16817
9470,-14.49300000000000033,9.23717299631075761,16818
9471,-12.25999999999999979,9.41460849280838197,16819
9472,-14.96799999999999997,9.58807570066391079,7450
9473,-18.36199999999999832,9.58704392373504355,7451
9474,-21.29599999999999937,9.54914703985761015,7452
9475,-19.95599999999999952,9.53927435457567086,7453
9476,-22.59400000000000119,9.51394845238713849,2127
9477,-22.14999999999999858,9.46693428307240481,2128
9478,-25.68199999999999861,9.43683305599391531,2129
9479,-21.00100000000000122,9.47187480543671612,2130
9480,-21.21300000000000097,9.40469424024722400,2131
9481,-29.04400000000000048,9.29001586104059029,2132
9482,-24.14000000000000057,9.24715529708591788,2133
9483,-14.73199999999999932,9.21398646508875707,2134
9484,-18.78999999999999915,9.22690360491189487,2135
9485,-15.50500000000000078,9.22736885808329177,2136
9486,-15.73499999999999943,9.18421025776005173,2137
9487,-21.59199999999999875,9.07858000588774594,2138
9488,-19.21399999999999864,9.02162654049713986,2139
9489,-18.19600000000000151,8.97537125127421298,2140
9490,-20.87300000000000111,8.97146076503665313,2141
9491,-27.14999999999999858,8.96849041436411909,2142
9492,-11.03700000000000081,8.96216302520470265,2143
9493,-24.49599999999999866,8.99363263693333792,2144
9494,-22.92099999999999937,9.05544302017341529,2145
9495,-18.58800000000000097,9.04201551241420809,2146
9496,-20.11599999999999966,9.31503174475911955,2147
9497,-21.51599999999999824,9.47691854638229891,2148
9498,-20.70700000000000074,9.47909675365938753,2149
9499,-16.61199999999999832,9.61903147221587496,18870
9500,-17.03999999999999915,9.58133953964382101,18871
9501,-17.42699999999999960,9.51022427500621248,18872
9502,-13.46400000000000041,9.40451294913636104,18873
9503,-14.80899999999999928,9.29536952068858469,18874
9504,-16.50000000000000000,9.24432492711139453,18874
9505,-15.98399999999999999,9.25256474958502473,18875
9506,-13.19500000000000028,9.26128946839810396,18876
9507,-14.05799999999999983,9.21235930626557220,18877
9508,-11.59299999999999997,9.18738020280015455,18878
9509,-11.91399999999999970,9.16817329250734225,18879
9510,-12.42699999999999960,9.21082896041236587,18880
9511,-13.44999999999999929,9.28646159152324024,18881
9512,-13.80499999999999972,9.40220401821001595,18882
9513,-13.05000000000000071,9.53508734988762008,18883
9514,-12.58300000000000018,9.64197290474631785,5206
9515,-13.96400000000000041,9.61595259134968927,5207
9516,-12.22100000000000009,9.60663917649305077,5208
9517,-11.29299999999999926,9.59962123899217090,5209
9518,-10.53899999999999970,9.62320256817150899,5210
9519,-9.59360000000000035,9.63436980155458222,5211
9520,-8.31300000000000061,9.62471710710245709,5212
9521,-8.10790000000000077,9.63669617398153378,5213
9522,-9.15109999999999957,9.67070258444619490,5214
9523,-8.72470000000000034,9.66630135048885997,5215
9524,-10.13400000000000034,9.77315377598493917,5216
9525,-9.09900000000000020,10.25546390294255517,5217
9526,-10.97199999999999953,10.75430370322457030,18896
9527,-14.69699999999999918,11.20572040900432498,18897
9528,-13.38599999999999923,11.54380033232236791,5221
9529,-13.63499999999999979,11.59690947475236200,4213
9530,-13.71299999999999919,11.63833357398344859,4214
9531,-13.62599999999999945,11.76612528899578791,4215
9532,-13.33900000000000041,11.87792863133063825,4216
9533,-12.91999999999999993,11.89579556245226577,4217
9534,-12.78999999999999915,11.95823721967268582,4218
9535,-13.94899999999999984,11.98919129522402116,4219
9536,-13.74099999999999966,12.00836682446646897,4220
9537,-12.68599999999999994,11.98523219972901543,4221
9538,-12.28400000000000070,11.99796452941807701,4222
9539,-13.93399999999999928,12.00297939104345879,4223
9540,-13.10399999999999920,12.01551279858596111,4224
9541,-12.06700000000000017,12.05732154611821727,4225
9542,-10.81400000000000006,12.08326389024798253,4226
9543,-11.96299999999999919,12.10144925548054395,4227
9544,-12.30100000000000016,12.27066706226795745,4227
9545,-12.10699999999999932,12.38580752646289440,4229
9546,-11.27399999999999913,12.41197927207957896,4230
9547,-12.18200000000000038,12.40725239664029544,4231
9548,-10.36299999999999955,12.39925899462511616,4232
9549,-9.69589999999999996,12.53902839115359669,4233
9550,-9.77190000000000047,12.67007017252991652,4234
9551,-9.96100000000000030,12.65185501364505782,185
9552,-9.27919999999999945,12.52101271827082840,185
9553,-10.00699999999999967,12.36587432478829207,186
9554,-10.48099999999999987,12.35767471279806884,187
9555,-9.00370000000000026,12.36157495054257893,188
9556,-16.10699999999999932,12.38852997025780489,189
9557,-28.01899999999999835,12.45541839892122660,190
9558,-18.21900000000000119,12.32184288618446466,191
9559,-16.61700000000000088,12.37693735578003462,192
9560,-21.56899999999999906,12.47319253291104602,193
9561,-22.39300000000000068,12.53628744720731447,194
9562,-21.61700000000000088,12.50110319592346464,195
9563,-19.07400000000000162,12.46491517725559994,196
9564,-21.51800000000000068,12.40723019588541653,197
9565,-22.68299999999999983,12.32207674886189785,198
9566,-21.30399999999999849,12.40622111135019878,199
9567,-20.10900000000000176,12.53660706359324806,200
9568,-19.90899999999999892,12.71598432566789327,201
9569,-20.16499999999999915,12.81646274806297292,202
9570,-19.62500000000000000,12.77226049406615083,203
9571,-21.18599999999999994,12.83217647065644940,4255
9572,-19.78600000000000136,12.84840334132605122,4256
9573,-18.53999999999999915,12.84588716163649913,4257
9574,-20.20100000000000051,13.01172590089691639,4258
9575,-20.86799999999999855,13.07149186122933138,4259
9576,-22.39199999999999946,13.18599854295493579,4260
9577,-22.94600000000000151,13.23620114792037228,4261
9578,-22.82000000000000028,13.20908515419831630,4262
9579,-21.23100000000000165,13.20417905137949965,4263
9580,-22.55199999999999960,13.17750484449176973,4264
9581,-23.49200000000000088,13.15709136419813596,4265
9582,-23.26300000000000168,13.13119275148186382,4266
9583,-23.49500000000000099,13.12520627309662480,4267
9584,-24.23600000000000065,13.11708363071111627,4268
9585,-22.38700000000000045,13.12212970930632849,4269
9586,-15.76600000000000001,13.12024941462111371,4270
9587,-7.09130000000000038,13.11323595625434457,4271
9588,-4.58330000000000037,13.14035754515991883,4272
9589,-24.70299999999999940,13.15480922772156269,4272
9590,-23.47100000000000009,13.08540687386753376,4273
9591,-18.39499999999999957,13.12478962289723050,10098
9592,-16.93100000000000094,13.01991743879293928,10100
9593,-17.82799999999999940,12.93433976369694882,10101
9594,-18.84700000000000131,12.87135698098321157,10102
9595,-19.97700000000000031,12.80867531444506113,10103
9596,-21.12500000000000000,12.71438569403881758,10104
9597,-21.82100000000000151,12.65794840594412207,10105
9598,-21.94800000000000040,12.57059981918837721,10106
9599,-22.38299999999999912,12.47887184067134747,10107
9600,-22.45100000000000051,12.41808025699501350,10108
9601,-22.12000000000000099,12.36281681604294391,10108
9602,-24.09799999999999898,12.31998835734182940,10109
9603,-22.46000000000000085,12.19597603903058491,10111
9604,-22.23300000000000054,12.09710780893615834,10112
9605,-19.44500000000000028,12.00246286631594650,10113
9606,-20.32199999999999918,11.93561510181330831,10114
9607,-19.51599999999999824,11.87359363743120433,10115
9608,-17.29299999999999926,12.13149635000028148,10116
9609,-25.01200000000000045,12.26119873927220461,10117
9610,-18.34299999999999997,12.19352240395792641,10118
9611,-14.50699999999999967,12.22935971801557642,10119
9612,-19.62199999999999989,12.28926899404995510,10120
9613,-19.39799999999999969,12.30559163718980642,10121
9614,-15.33999999999999986,12.30200661084462510,10122
9615,-18.68100000000000094,12.31689839776388773,10123
9616,-16.38700000000000045,12.31530791575696782,10124
9617,-19.40700000000000003,12.31209251667123006,10125
9618,-23.17200000000000060,11.98582131073438006,10126
9619,-19.49200000000000088,11.91299923024839558,10127
9620,-20.65599999999999881,11.91069289702816647,10128
9621,-19.20299999999999940,11.89347371732303849,10129
9622,-16.55600000000000094,11.88317122783179869,10130
9623,-14.55199999999999960,11.83088817127480752,10131
9624,-14.64000000000000057,11.81760183191842373,10132
9625,-15.74300000000000033,11.80597453909547312,10133
9626,-19.19999999999999929,11.78880356556722298,10134
9627,-18.62099999999999866,11.77060797754662680,10135
9628,-16.44600000000000151,11.75576966002869206,10136
9629,-15.15799999999999947,11.74621657904243577,10137
9630,-16.31099999999999994,11.72886186122840257,10138
9631,-19.01699999999999946,11.72713463102473064,10139
9632,-20.38400000000000034,11.72993439110020653,10140
9633,-21.96799999999999997,11.73570252642869249,10141
9634,-19.02700000000000102,11.72838020469470521,10142
9635,-18.70599999999999952,11.76342765007188795,10143
9636,-17.36199999999999832,11.76716753339685972,10144
9637,-15.86400000000000077,11.78576379774870198,10145
9638,-18.66900000000000048,11.80544332981089362,10146
9639,-17.95299999999999940,11.82177192335608140,10147
9640,-17.51999999999999957,11.83763928898018136,10148
9641,-23.71199999999999974,11.84183580410628700,10149
9642,-19.96399999999999864,11.79611663311100322,10150
9643,-21.43299999999999983,11.79388855493461463,10151
9644,-22.07300000000000040,11.78565884421809429,10152
9645,-21.71699999999999875,11.67604059939931460,10153
9646,-20.26300000000000168,11.29612672046363464,10154
9647,-21.37000000000000099,10.88353153319555489,10155
9648,-19.04200000000000159,10.83631953087450484,10156
9649,-18.43400000000000105,10.84622089680974177,10157
9650,-19.88299999999999912,10.85940291772341659,10158
9651,-27.44300000000000139,10.84298324029187555,10159
9652,-28.42599999999999838,10.86687519788542211,10160
9653,-29.14300000000000068,10.83099477810010214,10161
9654,-25.68100000000000094,10.84907665249006214,10162
9655,-27.82600000000000051,10.85655372431371291,10163
9656,-31.07700000000000173,10.86102894560281307,10164
9657,-31.50100000000000122,10.79694471560219426,10165
9658,-33.80299999999999727,10.75329424395005695,10166
9659,-34.22699999999999676,10.70068857424310238,10167
9660,-34.01800000000000068,10.69605598133090751,10168
9661,-33.31700000000000017,10.70079573099073578,10169
9662,-33.89300000000000068,10.70697553929315404,10170
9663,-34.44100000000000250,10.69602154934225169,10171
9664,-30.84900000000000020,10.66072515514244046,10172
9665,-30.11400000000000077,10.60427443546813109,10173
9666,-30.60800000000000054,10.55335608876918130,10174
9667,-27.74899999999999878,10.43753626068013318,10175
9668,-23.93799999999999883,10.42514919616676750,10176
9669,-23.53800000000000026,10.44142247344431951,10177
9670,-23.18799999999999883,10.49193017433494646,10178
9671,-19.92599999999999838,10.83445000122220669,10179
9672,-24.17999999999999972,10.70972411741920816,10181
9673,-28.94200000000000017,10.73597785181364550,10182
9674,-18.38299999999999912,10.69533527478155222,10183
9675,-18.18599999999999994,10.68233141082924575,10184
9676,-18.61499999999999844,10.63584336476384173,10185
9677,-22.80499999999999972,10.60156988623971763,10186
9678,-23.20299999999999940,10.58307737870082477,10187
9679,-27.26800000000000068,10.56461516783289412,10188
9680,-29.31700000000000017,10.58550533927428994,10189
9681,-30.33599999999999852,10.62455803670835941,10190
9682,-26.76599999999999824,10.62587974363223964,10191
9683,-24.62800000000000011,10.63533154045239826,10192
9684,-21.85999999999999943,10.63622106308196535,10193
9685,-27.23300000000000054,10.60701185855455009,10194
9686,-32.26800000000000068,10.62865379439974234,10195
9687,-31.65899999999999892,10.65474205548434128,10196
9688,-31.39900000000000091,10.72206776927316696,10197
9689,-24.89999999999999858,10.78031398569330790,10198
9690,-25.82799999999999940,10.80237371295686799,10199
9691,-25.96900000000000119,10.81710316631989421,10200
9692,-25.34499999999999886,10.81946936099687306,10201
9693,-25.35800000000000054,10.83195275542416702,10202
9694,-25.64900000000000091,10.84328718395051006,10203
9695,-26.84900000000000020,10.85634619002457057,10204
9696,-26.60399999999999920,10.83548313430010879,10205
9697,-26.08299999999999841,10.80772877810295896,10206
9698,-25.45700000000000074,10.90533648145535928,10207
9699,-26.20400000000000063,10.86994956257659695,10208
9700,-24.95400000000000063,10.65653571572982017,10209
9701,-24.38700000000000045,10.57012390837147287,10210
9702,-24.80099999999999838,10.55576918626989169,10211
9703,-25.46900000000000119,10.57624350539202851,10212
9704,-23.05300000000000082,10.90705653235095696,10213
9705,-22.13599999999999923,11.00968900595314004,10214
9706,-20.81200000000000117,11.03528641391992871,10215
9707,-19.31299999999999883,11.00407192959160341,10216
9708,-19.05199999999999960,11.04252660803772201,10217
9709,-19.46000000000000085,11.04014254086663627,10218
9710,-17.42999999999999972,11.02041961609256759,10219
9711,-15.63700000000000045,11.09024360718283830,10220
9712,-16.03800000000000026,11.13588326888869062,10221
9713,-15.01099999999999923,11.18889478393594672,10222
9714,-13.93200000000000038,11.25395395240438035,10223
9715,-13.73199999999999932,11.37385199358796051,10224
9716,-14.49099999999999966,11.40496316410785660,10225
9717,-18.07900000000000063,11.48953466226545572,10226
9718,-16.35699999999999932,11.54116442405914711,10227
9719,-16.83099999999999952,11.55825302041960967,10228
9720,-17.24800000000000111,11.56035926674860370,10229
9721,-18.05300000000000082,11.58667575857525023,10230
9722,-17.71799999999999997,11.60533366832777524,10231
9723,-20.70799999999999841,11.50773242066757795,10232
9724,-31.32300000000000040,11.50998717887416056,10233
9725,-35.43699999999999761,11.63977287733636601,10234
9726,-36.46800000000000352,11.68994977451339423,10235
9727,-36.52400000000000091,11.73751248868951969,10236
9728,-41.63199999999999790,11.87432689763569904,10237
9729,-37.04399999999999693,11.97518568702884600,10238
9730,-31.97299999999999898,11.89740653836721762,10239
9731,-30.74599999999999866,11.85111291525602617,10240
9732,-27.53900000000000148,11.89518587218737267,10241
9733,-25.62900000000000134,11.82785222716511342,10242
9734,-21.55199999999999960,11.71345290432738651,10243
9735,-18.39199999999999946,11.52968361796618879,10244
9736,-11.22600000000000087,11.56561114033266868,10245
9737,-16.27199999999999847,11.89054520272639692,10246
9738,-16.75499999999999901,12.04672907018517591,10247
9739,-19.14199999999999946,12.12496402021580799,10248
9740,-21.28600000000000136,12.18287668748607899,10249
9741,-22.19399999999999906,12.24734178678951402,10250
9742,-27.22899999999999920,12.31239279539938813,10251
9743,-31.49500000000000099,12.42332217977810060,10252
9744,-27.71699999999999875,12.57746475466762703,10253
9745,-27.45400000000000063,12.66497818436915779,10254
9746,-30.56899999999999906,12.82050675461649902,10255
9747,-29.48199999999999932,12.88327417181294976,10256
9748,-13.79299999999999926,12.92124041840980375,10257
9749,-12.37500000000000000,13.20794692787097446,10258
9750,-14.73300000000000054,13.54204859497608204,10259
9751,-17.35000000000000142,13.57066628175855172,3074
9752,-17.86499999999999844,13.38565958494678299,3075
9753,-19.71999999999999886,13.25721005429262966,3076
9754,-18.79200000000000159,13.16921676936019026,3077
9755,-18.93499999999999872,13.09898203982082698,3078
9756,-21.03300000000000125,13.07502932583008715,3079
9757,-23.55900000000000105,13.11123149978719837,3080
9758,-22.82000000000000028,13.20301615769460390,3081
9759,-22.33599999999999852,13.31904321481888687,3082
9760,-20.87300000000000111,13.42126320188176436,3083
9761,-24.03999999999999915,13.43232569725811842,3084
9762,-24.65200000000000102,13.44259897877491028,3085
9763,-29.04899999999999949,13.46760986717352360,3086
9764,-31.28999999999999915,13.50642293610061451,3087
9765,-35.07800000000000296,13.55967820930257695,3088
9766,-36.33500000000000085,13.61535005949686017,3089
9767,-35.81700000000000017,13.70356373409612338,3090
9768,-36.32000000000000028,13.75353186017860629,3091
9769,-29.50600000000000023,13.51503561134664189,8758
9770,-20.46199999999999974,13.33498281592008006,8759
9771,-18.02799999999999869,13.30619797381953262,8760
9772,-13.00500000000000078,13.34293552493366164,8761
9773,-8.91409999999999947,13.41084129578583806,8762
9774,-9.12809999999999988,13.21620541638555046,10028
9775,-11.62800000000000011,12.60982233548871179,10029
9776,-12.80400000000000027,12.45597829204947260,10030
9777,-14.45899999999999963,12.48748652039328633,10031
9778,-20.16400000000000148,12.65921044844586696,10032
9779,-17.70899999999999963,12.77534430354493367,10033
9780,-16.43599999999999994,12.98065012870425861,10034
9781,-17.11499999999999844,13.09510733947728944,10035
9782,-15.37700000000000067,13.28788253894260940,10036
9783,-11.29400000000000048,13.48346601438016457,8772
9784,-12.05499999999999972,13.54198247055690985,8773
9785,-12.81700000000000017,13.60183372736482710,8774
9786,-10.09399999999999942,13.66612870936024748,8775
9787,-11.23600000000000065,13.78069525103730442,8776
9788,-11.32600000000000051,14.02997223804255533,10042
9789,-9.95350000000000001,14.19934951795520384,10043
9790,-9.31750000000000078,14.22706019758594032,10044
9791,-8.91769999999999996,14.12297300521854204,10045
9792,-12.10500000000000043,14.13645763169530944,10046
9793,-14.15499999999999936,14.17325954910383246,10047
9794,-10.65300000000000047,14.24766588598826189,10048
9795,-9.89140000000000086,14.34629901516901285,10049
9796,-12.89000000000000057,14.49804299861714263,10050
9797,-9.80279999999999951,14.61665747038413699,10051
9798,-6.37980000000000036,14.71941675103117220,16168
9799,-8.11570000000000036,14.68938642877891887,10053
9800,-11.04700000000000060,14.61510907050712227,9927
9801,-10.75699999999999967,14.58489660942407440,9928
9802,-12.47799999999999976,14.53984601647099062,9929
9803,-10.23499999999999943,14.51156853243315936,9930
9804,-11.50399999999999956,14.50149078079602383,9931
9805,-10.41499999999999915,14.49291082791745033,9932
9806,-9.58009999999999984,14.48619145184917301,9933
9807,-33.92699999999999960,14.16047868784257879,409
9808,-30.39799999999999969,14.35450919862008057,410
9809,-31.30799999999999983,14.45086108038459649,411
9810,-27.26399999999999935,14.51488923452223290,412
9811,-23.92800000000000082,14.52357982403758996,413
9812,-20.53500000000000014,14.53002952757806554,414
9813,-21.63800000000000168,14.48839660247513805,415
9814,-22.90299999999999869,14.47662526885025258,416
9815,-23.60900000000000176,14.42252226235753909,417
9816,-21.86599999999999966,14.37636147562371747,418
9817,-26.75799999999999912,14.32750798929378888,419
9818,-21.81200000000000117,14.27192706346046158,420
9819,-21.51800000000000068,14.23876076332946106,421
9820,-23.98600000000000065,14.19838331607087412,422
9821,-21.73199999999999932,14.22848867414665719,423
9822,-25.29299999999999926,14.18910723849890232,424
9823,-23.89600000000000080,14.19612813038688692,425
9824,-24.74899999999999878,14.18079442229994669,426
9825,-24.68799999999999883,14.16914956773215017,427
9826,-25.11299999999999955,14.21532407998542347,428
9827,-26.26800000000000068,14.19518924763623424,430
9828,-27.02899999999999991,14.00286160466592200,430
9829,-28.78000000000000114,13.91459980907391092,431
9830,-28.11799999999999855,14.02625036859863350,432
9831,-25.44000000000000128,14.08640115005023041,9958
9832,-22.81899999999999906,14.08870549263520822,434
9833,-21.68799999999999883,14.02851570322393293,9960
9834,-16.77499999999999858,14.02652653314542697,9961
9835,-19.94000000000000128,14.01741186786159332,9962
9836,-24.40500000000000114,14.01267298763837310,438
9837,-27.44900000000000162,14.08263952718382228,439
9838,-27.75300000000000011,14.15920797939629772,440
9839,-27.97400000000000020,14.24302838468773480,441
9840,-27.30399999999999849,14.40442562723501752,442
9841,-26.61799999999999855,14.48461706866836352,443
9842,-27.03200000000000003,14.46468576441168885,8831
9843,-20.05399999999999849,14.43387985044773103,8832
9844,-18.65500000000000114,14.44113253371516770,8833
9845,-20.66100000000000136,14.42959885074899340,8834
9846,-20.67999999999999972,14.43795923013496285,8835
9847,-20.66499999999999915,14.43362044036134684,8836
9848,-19.07300000000000040,14.46488043186661265,8837
9849,-17.80499999999999972,14.44489479621523387,8838
9850,-17.27299999999999969,14.46024213020313987,8839
9851,-17.07199999999999918,14.45385233853754592,8840
9852,-18.43199999999999861,14.46610313611301635,8841
9853,-14.82600000000000051,14.40217898676646513,8842
9854,-14.86700000000000088,14.37985987064299565,8843
9855,-16.03900000000000148,14.28924886743931033,8844
9856,-14.58500000000000085,14.24002577018180737,8845
9857,-15.40000000000000036,14.20284850916626773,8846
9858,-19.93599999999999994,14.14808313241255355,8847
9859,-22.26200000000000045,14.10517962513970680,8848
9860,-26.39499999999999957,14.04634754313614842,8849
9861,-24.47200000000000131,13.96228790377376505,8850
9862,-24.58299999999999841,14.11555769164174556,8851
9863,-19.30999999999999872,14.13158760148038162,8852
9864,-19.35399999999999920,14.00103766583179166,8853
9865,-20.80900000000000105,13.97097065554235940,8854
9866,-20.37000000000000099,13.97040913117956684,8855
9867,-21.43400000000000105,13.95394150738049710,8856
9868,-20.82300000000000040,13.94533157339120422,8857
9869,-21.72700000000000031,13.98323813198620336,8858
9870,-34.00999999999999801,13.97812011591610748,8859
9871,-36.87199999999999989,14.16762307483180017,8860
9872,-18.43100000000000094,13.99433913706410770,7942
9873,-19.94900000000000162,13.98985825193484800,7943
9874,-25.37000000000000099,13.98480979440706129,7944
9875,-24.60900000000000176,13.98312561801986220,7945
9876,-24.82100000000000151,14.00841300629623554,7946
9877,-23.30999999999999872,13.94515103429893088,6938
9878,-18.06700000000000017,13.89763522659506911,6939
9879,-15.65700000000000003,13.89635853620529993,6940
9880,-16.09600000000000009,13.90855861426277862,6941
9881,-16.96300000000000097,13.91726978175545604,6942
9882,-16.56500000000000128,13.94028538783396343,6943
9883,-19.03200000000000003,13.99795609130332608,6944
9884,-20.34400000000000119,14.02504998244534562,6945
9885,-19.44200000000000017,14.01077212033293407,6946
9886,-19.39699999999999847,13.98962968835482457,6947
9887,-18.66400000000000148,14.00920922297974691,6948
9888,-18.60600000000000165,14.04338795727968936,8840
9889,-19.13800000000000168,14.04922420551901219,8841
9890,-19.16600000000000037,14.03414299674498444,6951
9891,-16.24399999999999977,13.98100167631482549,6952
9892,-19.89999999999999858,13.94121935819573821,6953
9893,-18.75900000000000034,13.83826131555889560,6954
9894,-17.41100000000000136,13.75608065887464804,6955
9895,-15.82499999999999929,13.70586087919729401,6956
9896,-15.12199999999999989,13.66333651262234916,6957
9897,-14.46700000000000053,13.68082891142760360,6958
9898,-32.34000000000000341,13.71144893622911276,6959
9899,-38.01299999999999812,13.87798110426801479,6960
9900,-31.82799999999999940,14.14589963245746240,6961
9901,-19.42200000000000060,14.29469624834500330,2969
9902,-12.70500000000000007,14.20876397231462818,6963
9903,-11.15499999999999936,14.09311590962751737,6964
9904,-13.37400000000000055,14.02767783308696181,6965
9905,-29.61499999999999844,13.99069243705800680,1798
9906,-25.48799999999999955,13.99892281522049764,6967
9907,-22.26699999999999946,14.00721590321477805,6968
9908,-24.81800000000000139,13.99489951710605062,1801
9909,-22.91000000000000014,13.99995988512244516,6970
9910,-20.91700000000000159,14.00066119344052495,6971
9911,-21.69000000000000128,13.97953703790931179,6972
9912,-21.44999999999999929,13.94466453018311825,1805
9913,-21.67699999999999960,13.93668259662985598,1806
9914,-21.35699999999999932,13.99522154710276389,6975
9915,-21.36299999999999955,13.99549513683746227,6976
9916,-19.47700000000000031,14.00249084344000394,7986
9917,-19.14199999999999946,13.97762316798518611,7987
9918,-20.38899999999999935,13.96144543848310882,7988
9919,-19.21199999999999974,13.94338887929842841,7989
9920,-17.32999999999999829,13.93595112988001006,7990
9921,-18.11799999999999855,13.93625734718589015,7991
9922,-21.39900000000000091,13.95549623578543219,7992
9923,-18.53200000000000003,13.92608707766535225,7993
9924,-18.44500000000000028,13.93856449736521874,7994
9925,-18.80099999999999838,13.95877060713976014,7995
9926,-18.64300000000000068,14.18026065961748827,6987
9927,-17.61799999999999855,14.26516895120645145,6988
9928,-19.18599999999999994,14.27711464836406918,6989
9929,-19.46000000000000085,14.27142552172527878,6990
9930,-17.53000000000000114,14.24906870925987157,6991
9931,-16.67800000000000082,14.24881784517733152,6992
9932,-16.13599999999999923,14.25809552907560551,6993
9933,-16.90399999999999991,14.26737376255934286,6994
9934,-17.39900000000000091,14.27663225102460309,3001
9935,-29.07300000000000040,14.22572064377281897,3002
9936,-31.32199999999999918,14.27575851226803749,3003
9937,-22.17500000000000071,14.27027024169833780,8007
9938,-20.50799999999999912,14.25828023122074306,8008
9939,-21.31700000000000017,14.24501127584669113,8009
9940,-22.89499999999999957,14.25676573034465910,8010
9941,-23.24200000000000088,14.22266341096007736,8011
9942,-22.03200000000000003,14.17279644402385941,8012
9943,-21.58699999999999974,14.11342184888548701,8013
9944,-20.64799999999999969,14.07520126943554217,8014
9945,-22.60099999999999909,14.07773411589158741,8015
9946,-25.51899999999999835,14.08031169757889600,8016
9947,-26.35800000000000054,14.10515937262175079,8017
9948,-27.52199999999999847,14.16560755927915949,8018
9949,-27.94600000000000151,14.21392569083690915,8019
9950,-28.72599999999999909,14.14258562124764929,11217
9951,-27.54799999999999827,13.92210368975346668,11218
9952,-26.98699999999999832,13.72973983998792669,11219
9953,-24.77299999999999969,13.98711236810459013,11220
9954,-23.42800000000000082,14.54452058733730091,11221
9955,-19.82100000000000151,14.19963349609047221,7835
9956,-17.47200000000000131,14.11260730152924125,8945
9957,-14.97199999999999953,14.18990295325466100,9830
9958,-14.67500000000000071,14.08640115005023041,9831
9959,-15.28299999999999947,14.04051617907869520,8948
9960,-16.50499999999999901,13.90532680106972485,8949
9961,-21.22899999999999920,13.77665369228169290,8950
9962,-26.38400000000000034,13.77008608348677399,8951
9963,-27.73400000000000176,13.87541602466044566,8952
9964,-28.36199999999999832,13.97014817710581802,8953
9965,-27.61499999999999844,14.02132111974717787,8954
9966,-25.61599999999999966,14.02590194307176752,8955
9967,-22.18900000000000006,13.97985630801132473,8956
9968,-16.17000000000000171,13.93231311161702024,8957
9969,-18.56200000000000117,13.94577883833113674,8958
9970,-20.57999999999999829,13.95151776957271927,8959
9971,-23.73600000000000065,13.95378084915961558,8960
9972,-21.09100000000000108,13.94600970183473621,8961
9973,-18.94000000000000128,13.92504508423001397,8962
9974,-17.67599999999999838,13.91863923132573433,8963
9975,-21.15700000000000003,13.91406015879961799,8964
9976,-21.13299999999999912,13.89169131102053534,8965
9977,-17.56099999999999994,13.87873627588648517,8966
9978,-16.44900000000000162,13.88073612715492722,8967
9979,-16.42599999999999838,13.87640118829031266,8968
9980,-15.69599999999999973,13.87686915308461622,8969
9981,-13.55199999999999960,13.88757802118256635,8970
9982,-13.46400000000000041,13.91501848487740745,8971
9983,-16.51399999999999935,13.91829465894921825,10237
9984,-22.12500000000000000,13.82618273781247353,10238
9985,-24.17200000000000060,13.82382642269836559,10239
9986,-29.10900000000000176,13.79706803495620626,10240
9987,-27.13700000000000045,13.75354885048052012,10241
9988,-26.53500000000000014,13.59660471031619267,8977
9989,-17.62000000000000099,13.43543061387469706,8978
9990,-8.15429999999999922,13.32951657471227236,8979
9991,-8.40709999999999980,12.73254127753177301,8980
9992,-10.74799999999999933,12.61714583404027579,8981
9993,-10.84399999999999942,12.65014155233033044,8982
9994,-11.53200000000000003,12.70693849493366656,8983
9995,-11.66999999999999993,12.75281496090585875,8984
9996,-10.78500000000000014,12.84034823194937402,8985
9997,-24.26999999999999957,12.91841245779360925,8986
9998,-39.02100000000000080,12.98128882180779620,8987
9999,-29.47200000000000131,13.15752526735033179,8988
10000,-25.72700000000000031,13.15753357899221143,8989
10001,-20.00300000000000011,13.21781621078577729,8990
10002,-19.01500000000000057,13.34803196323361796,8991
10003,-18.91700000000000159,13.50533170423509155,13928
10004,-20.10300000000000153,13.54809774952924428,13929
10005,-18.87900000000000134,13.55515019601679683,13930
10006,-14.73900000000000077,13.56067265320054638,13931
10007,-14.92600000000000016,13.54191481765250060,13932
10008,-14.76900000000000013,13.55645752276055127,13933
10009,-15.07799999999999940,13.58226905170103294,13934
10010,-14.00600000000000023,13.58907703805422784,13935
10011,-15.84600000000000009,13.61365134663004461,13936
10012,-15.38000000000000078,13.78669398042085703,13937
10013,-18.38200000000000145,13.85890848865096281,220
10014,-15.17900000000000027,13.87094388461398964,221
10015,-15.29499999999999993,13.88990301059619448,222
10016,-14.21700000000000053,13.94834789375967965,223
10017,-14.58699999999999974,13.92226269195274568,3084
10018,-15.34900000000000020,13.91113505883072321,3085
10019,-12.57499999999999929,13.87864078303488569,3086
10020,-21.06299999999999883,13.82107352872019845,3087
10021,-15.42300000000000004,13.86404781075287751,3088
10022,-15.25099999999999945,13.82848334530241452,3089
10023,-15.88299999999999912,13.77191467228976407,3090
10024,-15.27800000000000047,13.70992477634160345,3091
10025,-20.23100000000000165,13.61465490972987347,3092
10026,-34.02499999999999858,13.61221314804305393,3093
10027,-39.93599999999999994,13.65571225070285344,3094
10028,-33.83400000000000318,13.21620541638555046,9774
10029,-23.06099999999999994,12.60982233548871179,9775
10030,-15.03899999999999970,12.45597829204947260,9776
10031,-16.03999999999999915,12.48748652039328633,9777
10032,-26.10200000000000031,12.65921044844586696,9778
10033,-17.64600000000000080,12.77534430354493367,9779
10034,-18.73000000000000043,12.98065012870425861,9780
10035,-18.54299999999999926,13.09510733947728944,9781
10036,-15.27399999999999913,13.28788253894260940,9782
10037,-15.00999999999999979,13.44881797834041670,9531
10038,-13.44699999999999918,13.38038681799528362,9532
10039,-13.59900000000000020,13.40214621784004834,9533
10040,-12.51500000000000057,13.44322405696403955,9534
10041,-12.77100000000000080,13.50361273150483932,9535
10042,-12.30700000000000038,13.55404818280751655,9536
10043,-16.10200000000000031,13.56862552928661358,9537
10044,-13.35699999999999932,13.57425653991884040,9538
10045,-9.14729999999999954,13.60814074824742015,9539
10046,-8.05979999999999919,13.68334071713824152,9540
10047,-8.12049999999999983,13.78921008237107237,9541
10048,-8.87079999999999913,13.84859048060903319,650
10049,-6.40200000000000014,13.71959835323247212,651
10050,-6.99519999999999964,13.49446087587574539,652
10051,-6.28479999999999972,13.40948823791464406,653
10052,-7.15610000000000035,13.39157987532525418,654
10053,-6.91659999999999986,13.68231226643368181,655
10054,-8.02570000000000050,13.94922301285807720,656
10055,-10.49000000000000021,14.21533561051026595,657
10056,-8.46010000000000062,14.27508484849338721,658
10057,-10.36400000000000077,14.26440644274373071,659
10058,-11.56400000000000006,14.29478146478663270,660
10059,-12.30700000000000038,14.29641909162704394,661
10060,-12.81000000000000050,14.36324623309866944,662
10061,-14.85299999999999976,14.44710888918237224,663
10062,-23.72100000000000009,14.51919727676163063,664
10063,-25.75199999999999889,14.54725877948651203,665
10064,-23.94999999999999929,14.50820001122544589,666
10065,-24.02700000000000102,14.49511890730023467,667
10066,-22.97500000000000142,14.38368707933185320,668
10067,-20.80199999999999960,14.38821699299725054,669
10068,-15.15499999999999936,14.43532566592127608,670
10069,-14.68399999999999928,14.50810013999822701,671
10070,-16.79700000000000060,14.55744356447865329,672
10071,-17.84700000000000131,14.55544974421056637,673
10072,-14.76200000000000045,14.54085361421449818,674
10073,-19.53200000000000003,14.60944877783578733,675
10074,-13.92300000000000004,14.55035586862105035,9567
10075,-15.74000000000000021,14.36868504499433108,9568
10076,-15.91200000000000081,14.20252079915274024,9569
10077,-17.39799999999999969,14.14618266000822189,9570
10078,-17.09900000000000020,14.29919726421084292,9571
10079,-19.38500000000000156,14.49202103858117852,9572
10080,-19.68400000000000105,14.60769631299524107,9573
10081,-18.07400000000000162,14.65577655684290725,9574
10082,-15.02800000000000047,14.69317304682813763,9575
10083,-14.42999999999999972,14.66223969454168596,9576
10084,-16.12000000000000099,14.53558970916658666,9577
10085,-17.80499999999999972,14.43040037884807347,9578
10086,-15.83999999999999986,14.43077367039587067,9579
10087,-13.85999999999999943,14.40695807488340741,9580
10088,-19.04500000000000171,14.33582727310366778,9581
10089,-21.28800000000000026,14.30034328727001913,9582
10090,-24.34299999999999997,14.26221091330553747,9583
10091,-26.31200000000000117,14.26999077710544306,9584
10092,-24.43599999999999994,14.27567646817663238,9585
10093,-24.74299999999999855,14.24315171281446979,9586
10094,-27.63500000000000156,14.11185148269273348,9587
10095,-27.73199999999999932,13.74784919104105896,9588
10096,-27.42699999999999960,13.27351424562014159,9589
10097,-18.90299999999999869,13.20775747279428991,9590
10098,-19.53900000000000148,13.12478962289723050,9591
10099,-19.62999999999999901,13.05365035648836169,9592
10100,-20.50000000000000000,12.96845757818267408,9593
10101,-20.56700000000000017,12.90533264000551661,9594
10102,-17.37900000000000134,12.82095069787480845,9595
10103,-18.69200000000000017,12.75176809971458169,9596
10104,-20.06200000000000117,12.68336163999662780,9597
10105,-17.70400000000000063,12.61226390727709656,9598
10106,-16.37300000000000111,12.51302111722700339,9599
10107,-18.59499999999999886,12.41998156339477077,9600
10108,-16.82000000000000028,12.36281681604294391,9601
10109,-16.16100000000000136,12.31998835734182940,9602
10110,-13.39400000000000013,12.24989832057602435,9603
10111,-13.98499999999999943,12.13732728900101243,9604
10112,-15.39600000000000080,12.04567890576117328,9605
10113,-20.74299999999999855,11.96651055483174098,9606
10114,-19.20899999999999963,11.89876181653206544,9607
10115,-22.37500000000000000,11.87359363743120433,9607
10116,-21.18499999999999872,12.13149635000028148,9608
10117,-18.95400000000000063,12.26119873927220461,9609
10118,-19.48600000000000065,12.19352240395792641,9610
10119,-18.05399999999999849,12.22935971801557642,9611
10120,-17.66199999999999903,12.28926899404995510,9612
10121,-20.60600000000000165,12.30559163718980642,9613
10122,-16.19800000000000040,12.30200661084462510,9614
10123,-19.03099999999999881,12.31689839776388773,9615
10124,-19.21900000000000119,12.31530791575696782,9616
10125,-39.06000000000000227,12.31209251667123006,9617
10126,-32.27400000000000091,11.98582131073438006,9618
10127,-20.26200000000000045,11.91299923024839558,9619
10128,-23.27899999999999991,11.91069289702816647,9620
10129,-22.39999999999999858,11.89347371732303849,9621
10130,-22.63599999999999923,11.88317122783179869,9622
10131,-19.46300000000000097,11.83088817127480752,9623
10132,-18.49099999999999966,11.81760183191842373,9624
10133,-20.80799999999999983,11.80597453909547312,9625
10134,-21.46999999999999886,11.78880356556722298,9626
10135,-19.55300000000000082,11.77060797754662680,9627
10136,-17.85200000000000031,11.75576966002869206,9628
10137,-17.91700000000000159,11.74621657904243577,9629
10138,-15.76299999999999990,11.72886186122840257,9630
10139,-16.97800000000000153,11.72713463102473064,9631
10140,-17.77899999999999991,11.72993439110020653,9632
10141,-17.09400000000000119,11.73570252642869249,9633
10142,-16.74099999999999966,11.72838020469470521,9634
10143,-18.14900000000000091,11.76342765007188795,9635
10144,-18.97700000000000031,11.76716753339685972,9636
10145,-18.39799999999999969,11.78576379774870198,9637
10146,-15.74499999999999922,11.80544332981089362,9638
10147,-15.59900000000000020,11.82177192335608140,9639
10148,-17.00300000000000011,11.83763928898018136,9640
10149,-15.13700000000000045,11.84183580410628700,9641
10150,-14.27899999999999991,11.79611663311100322,9642
10151,-16.25300000000000011,11.79388855493461463,9643
10152,-31.76300000000000168,11.78565884421809429,9644
10153,-40.94700000000000273,11.67604059939931460,9645
10154,-38.89699999999999847,11.29612672046363464,9646
10155,-26.02299999999999969,10.88353153319555489,9647
10156,-14.87400000000000055,10.83631953087450484,9648
10157,-15.51200000000000045,10.84622089680974177,9649
10158,-24.06599999999999895,10.85940291772341659,9650
10159,-29.13299999999999912,10.84298324029187555,9651
10160,-18.80699999999999861,10.86687519788542211,9652
10161,-22.39000000000000057,10.83099477810010214,9653
10162,-25.53800000000000026,10.84907665249006214,9654
10163,-23.12800000000000011,10.85655372431371291,9655
10164,-20.77899999999999991,10.86102894560281307,9656
10165,-20.89499999999999957,10.79694471560219426,9657
10166,-20.76999999999999957,10.75329424395005695,9658
10167,-21.56800000000000139,10.70068857424310238,9659
10168,-21.83599999999999852,10.69605598133090751,9660
10169,-23.74099999999999966,10.70079573099073578,9661
10170,-23.84700000000000131,10.70697553929315404,9662
10171,-22.18700000000000117,10.69602154934225169,9663
10172,-20.22100000000000009,10.66072515514244046,9664
10173,-18.24599999999999866,10.60427443546813109,9665
10174,-17.33299999999999841,10.55335608876918130,9666
10175,-17.63100000000000023,10.43753626068013318,9667
10176,-17.66600000000000037,10.42514919616676750,9668
10177,-20.67999999999999972,10.44142247344431951,9669
10178,-19.50600000000000023,10.49193017433494646,9670
10179,-19.85900000000000176,10.83445000122220669,9671
10180,-20.44999999999999929,10.72216546035533291,9672
10181,-20.82400000000000162,10.70972411741920816,9672
10182,-19.50600000000000023,10.73597785181364550,9673
10183,-20.69800000000000040,10.69533527478155222,9674
10184,-23.81899999999999906,10.68233141082924575,9675
10185,-24.19699999999999918,10.63584336476384173,9676
10186,-26.32999999999999829,10.60156988623971763,9677
10187,-26.05999999999999872,10.58307737870082477,9678
10188,-27.66499999999999915,10.56461516783289412,9679
10189,-29.52899999999999991,10.58550533927428994,9680
10190,-23.42599999999999838,10.62455803670835941,9681
10191,-24.94999999999999929,10.62587974363223964,9682
10192,-25.29100000000000037,10.63533154045239826,9683
10193,-26.24800000000000111,10.63622106308196535,9684
10194,-26.17000000000000171,10.60701185855455009,9685
10195,-24.80999999999999872,10.62865379439974234,9686
10196,-26.47299999999999898,10.65474205548434128,9687
10197,-25.66100000000000136,10.72206776927316696,9688
10198,-24.64900000000000091,10.78031398569330790,9689
10199,-24.24399999999999977,10.80237371295686799,9690
10200,-24.17899999999999849,10.81710316631989421,9691
10201,-24.03900000000000148,10.81946936099687306,9692
10202,-23.29100000000000037,10.83195275542416702,9693
10203,-23.25199999999999889,10.84328718395051006,9694
10204,-20.18700000000000117,10.85634619002457057,9695
10205,-20.32600000000000051,10.83548313430010879,9696
10206,-19.11499999999999844,10.80772877810295896,9697
10207,-19.25100000000000122,10.90533648145535928,9698
10208,-19.19600000000000151,10.86994956257659695,9699
10209,-19.10999999999999943,10.65653571572982017,9700
10210,-17.56700000000000017,10.57012390837147287,9701
10211,-17.41900000000000048,10.55576918626989169,9702
10212,-17.05900000000000105,10.57624350539202851,9703
10213,-17.87300000000000111,10.90705653235095696,9704
10214,-18.44200000000000017,11.00968900595314004,9705
10215,-15.64199999999999946,11.03528641391992871,9706
10216,-14.95700000000000074,11.00407192959160341,9707
10217,-14.18399999999999928,11.04252660803772201,9708
10218,-12.87299999999999933,11.04014254086663627,9709
10219,-13.61299999999999955,11.02041961609256759,9710
10220,-12.73499999999999943,11.09024360718283830,9711
10221,-11.65499999999999936,11.13588326888869062,9712
10222,-12.34299999999999997,11.18889478393594672,9713
10223,-16.56500000000000128,11.25395395240438035,9714
10224,-20.81099999999999994,11.37385199358796051,9715
10225,-20.13100000000000023,11.40496316410785660,9716
10226,-18.90099999999999980,11.48953466226545572,9717
10227,-17.81700000000000017,11.54116442405914711,9718
10228,-21.26699999999999946,11.55825302041960967,9719
10229,-21.10900000000000176,11.56035926674860370,9720
10230,-24.10099999999999909,11.58667575857525023,9721
10231,-29.42800000000000082,11.60533366832777524,9722
10232,-28.07499999999999929,11.50773242066757795,9723
10233,-30.26500000000000057,11.50998717887416056,9724
10234,-26.03900000000000148,11.63977287733636601,9725
10235,-27.17800000000000082,11.68994977451339423,9726
10236,-30.82400000000000162,11.73751248868951969,9727
10237,-30.73999999999999844,11.87432689763569904,9728
10238,-23.35000000000000142,11.97518568702884600,9729
10239,-20.97800000000000153,11.89740653836721762,9730
10240,-23.13200000000000145,11.85111291525602617,9731
10241,-19.53900000000000148,11.89518587218737267,9732
10242,-14.61200000000000010,11.82785222716511342,9733
10243,-5.36439999999999984,11.71345290432738651,9734
10244,-7.46710000000000029,11.52968361796618879,9735
10245,-10.25000000000000000,11.56561114033266868,9736
10246,-12.76699999999999946,11.89054520272639692,9737
10247,-17.16199999999999903,12.04672907018517591,9738
10248,-15.97700000000000031,12.12496402021580799,9739
10249,-16.94099999999999895,12.18287668748607899,9740
10250,-18.13700000000000045,12.24734178678951402,9741
10251,-26.80000000000000071,12.31239279539938813,9742
10252,-33.88600000000000279,12.42332217977810060,9743
10253,-32.17600000000000193,12.57746475466762703,9744
10254,-28.72100000000000009,12.66497818436915779,9745
10255,-18.07400000000000162,12.82050675461649902,9746
10256,-13.50099999999999945,12.88327417181294976,9747
10257,-15.50699999999999967,12.60788135582337155,9243
10258,-16.17800000000000082,12.34291358288406926,9244
10259,-19.06599999999999895,12.10740263655116777,9245
10260,-19.28399999999999892,11.93871265201839726,9246
10261,-20.46600000000000108,11.73964373857710974,9247
10262,-20.87900000000000134,11.58247308902762462,9248
10263,-21.49099999999999966,11.42804471505238872,9249
10264,-22.75499999999999901,11.32430501765259478,9250
10265,-23.30099999999999838,11.24380290406944738,9251
10266,-22.46600000000000108,11.26558091360275959,9252
10267,-21.30900000000000105,11.25522116978651610,9253
10268,-21.76200000000000045,11.21518687338965670,9254
10269,-22.60600000000000165,11.17189087616695709,9255
10270,-26.11400000000000077,11.14955161587768551,9256
10271,-26.72800000000000153,11.15417616828846015,9257
10272,-30.01599999999999824,11.19106740231656794,9258
10273,-30.85500000000000043,11.19073203602760458,9259
10274,-33.28399999999999892,11.20036296614705229,9260
10275,-32.64999999999999858,11.09665633091302439,9261
10276,-33.90899999999999892,11.04191944794135516,9262
10277,-32.85699999999999932,10.89758150610263243,9263
10278,-32.34700000000000131,10.74344616406983910,9264
10279,-24.35200000000000031,10.55324228270395892,9265
10280,-19.79700000000000060,10.52588576012658805,9266
10281,-19.39099999999999824,10.52205850956202937,9267
10282,-17.01800000000000068,10.53164702165632072,9268
10283,-10.48900000000000077,10.53561057152749569,9269
10284,-8.43280000000000030,10.52685606091412751,9270
10285,-22.28399999999999892,10.48004466808125201,9271
10286,-16.65599999999999881,10.46257627206701635,9272
10287,-13.79499999999999993,10.45206609060238989,9273
10288,-15.66200000000000081,10.52683408082046412,9274
10289,-15.53800000000000026,10.62641518158477005,9275
10290,-18.86700000000000088,10.70821946962465532,9276
10291,-18.82199999999999918,10.75830982256217005,9277
10292,-16.96999999999999886,10.75822222053005994,9278
10293,-14.81700000000000017,10.75269553559995117,9279
10294,-15.66099999999999959,10.75961908851957283,9280
10295,-14.88899999999999935,10.76162013118073268,9281
10296,-13.78800000000000026,10.71298659227423755,9282
10297,-13.31900000000000084,10.77300018369539814,9283
10298,-13.40600000000000058,10.79163701269907705,9284
10299,-10.85200000000000031,10.82186112780555654,9285
10300,-11.83699999999999974,10.84607499739533587,9286
10301,-11.97799999999999976,10.86822012823631312,9287
10302,-12.65799999999999947,10.95031774524809265,9288
10303,-10.48900000000000077,11.00225695810900461,9289
10304,-12.51699999999999946,11.06476943316619099,9290
10305,-11.48799999999999955,11.09575339969212493,9291
10306,-12.17300000000000004,11.12534289759545381,9292
10307,-13.39700000000000024,11.22721582903611193,9293
10308,-15.16000000000000014,11.21913389785135706,9294
10309,-14.77999999999999936,11.21145125436450662,9295
10310,-12.20899999999999963,11.28406148859897229,9296
10311,-12.85500000000000043,11.32486555222825153,9297
10312,-9.92489999999999917,11.35636376267220982,9298
10313,-11.80000000000000071,11.43770318685344556,9299
10314,-12.06499999999999950,11.51775616961752924,9300
10315,-13.51699999999999946,11.58104101976834421,9301
10316,-14.87299999999999933,11.61969697478500052,9302
10317,-28.04899999999999949,11.63303848014235164,9303
10318,-18.42599999999999838,11.67342451203352560,9304
10319,-13.71799999999999997,11.61004543688718726,9305
10320,-14.17900000000000027,11.61570110721927662,9306
10321,-21.04400000000000048,11.50163487854582200,9307
10322,-22.88599999999999923,11.47444793544223884,9308
10323,-22.39199999999999946,11.45445523317253667,9309
10324,-21.73199999999999932,11.38187688238147643,9310
10325,-21.51399999999999935,11.36005069051822325,9311
10326,-22.51399999999999935,11.34959208158218935,9312
10327,-20.93700000000000117,11.34106613377763040,9313
10328,-21.86199999999999832,11.30352220457890589,9314
10329,-23.36199999999999832,11.28600205112091359,9315
10330,-25.15899999999999892,11.28162723473549001,9316
10331,-25.97599999999999909,11.27532730886549750,9317
10332,-24.14499999999999957,11.27740038863519167,9318
10333,-28.26599999999999824,11.27344133496448109,9319
10334,-25.15099999999999980,11.30473696291988972,9320
10335,-25.62399999999999878,11.29270667155791052,9321
10336,-24.70400000000000063,11.27667737263719161,9322
10337,-24.90599999999999881,11.26694784000888738,9323
10338,-25.17800000000000082,11.23033485073919202,9324
10339,-22.32300000000000040,11.18989106862528082,9325
10340,-23.51699999999999946,11.16283554598667749,9326
10341,-19.73199999999999932,11.14992317425550539,9327
10342,-21.60800000000000054,11.12747846803637408,9328
10343,-15.95700000000000074,11.08333851820725435,9329
10344,-17.84700000000000131,11.06801033024788694,9330
10345,-19.98900000000000077,11.03323194588459266,9331
10346,-21.31299999999999883,10.94812559584272016,9332
10347,-21.89999999999999858,10.92289651296505326,9333
10348,-23.15299999999999869,10.87944537360331410,9334
10349,-28.03699999999999903,10.76064213840548867,9335
10350,-21.84400000000000119,10.81726699975130224,9336
10351,-19.40500000000000114,10.81198227698923731,9337
10352,-18.27299999999999969,10.79831449955079670,9338
10353,-17.07499999999999929,10.79171264971714095,9339
10354,-19.79899999999999949,10.77194771672862927,9340
10355,-19.52400000000000091,10.76635807438426085,9341
10356,-20.27700000000000102,10.74926612815322002,9342
10357,-19.39499999999999957,10.72494057211119411,9343
10358,-20.90399999999999991,10.69940574785261056,9344
10359,-20.55799999999999983,10.72508078884113303,9345
10360,-20.43499999999999872,10.72107546943717615,9346
10361,-19.42800000000000082,10.70372690875200128,9347
10362,-18.20700000000000074,10.69055599004891555,9348
10363,-17.92699999999999960,10.68480244451131433,9349
10364,-15.05599999999999916,10.68504273153084760,9350
10365,-17.92399999999999949,10.67357739058658339,9351
10366,-13.43099999999999916,10.66397467327744053,9352
10367,-13.40300000000000047,10.65088693807959075,9353
10368,-17.07499999999999929,10.64428860065267379,9354
10369,-19.42599999999999838,10.63561817785993746,9355
10370,-23.58800000000000097,10.62513623825194742,9356
10371,-21.77599999999999980,10.61146151650281233,9357
10372,-16.02899999999999991,10.62518750043411941,9358
10373,-13.00799999999999912,10.33530642985277126,9359
10374,-15.44200000000000017,10.04206357599555588,9360
10375,-12.61299999999999955,10.03008199242239762,9361
10376,-13.13700000000000045,10.00081264396207992,9362
10377,-13.42699999999999960,9.98849892700906317,9363
10378,-13.41900000000000048,9.98846443259843753,9364
10379,-31.00900000000000034,9.95294629393579378,9365
10380,-35.43699999999999761,10.03256121965159231,9366
10381,-22.30300000000000082,10.21443521348701289,9367
10382,-21.05999999999999872,10.22117552505629234,9368
10383,-21.72299999999999898,10.21601012948018194,9369
10384,-20.57300000000000040,10.21434754030317293,9370
10385,-18.97100000000000009,10.20627493826549248,9371
10386,-19.53200000000000003,10.21001483789708075,9372
10387,-18.21699999999999875,10.20265879742113491,9373
10388,-17.99800000000000111,10.19989496866862133,9374
10389,-18.01399999999999935,10.18263207557897410,9375
10390,-17.44699999999999918,10.16836040859115187,9376
10391,-16.82199999999999918,10.14911499407717344,9377
10392,-17.14099999999999824,10.12932748677671135,9378
10393,-16.16300000000000026,10.10651181846772495,9379
10394,-18.46600000000000108,10.09455018285298245,9380
10395,-19.94500000000000028,10.06940903664144216,9381
10396,-21.80600000000000094,10.04913677730640131,9382
10397,-21.74399999999999977,10.03735096870149235,9383
10398,-21.15500000000000114,10.02800179345676668,9384
10399,-18.76699999999999946,9.99655969393631239,9385
10400,-15.34399999999999942,9.95126809358257347,9386
10401,-18.26399999999999935,9.89483314066032982,9387
10402,-15.39000000000000057,9.83811354613421507,9388
10403,-18.27599999999999980,9.84998485870549523,9389
10404,-16.86100000000000065,9.85986911398395272,9390
10405,-15.18099999999999916,9.93119124954950117,9391
10406,-24.17699999999999960,9.60400280680713436,9392
10407,-42.32800000000000296,8.99892427238128256,9393
10408,-44.40299999999999869,9.32685364883304935,9394
10409,-36.67199999999999704,9.79063623653803639,9395
10410,-22.42899999999999849,9.94714650339351358,9396
10411,-20.44500000000000028,9.93822747104753823,9397
10412,-30.75799999999999912,9.91452275490188484,9398
10413,-24.48799999999999955,10.03993651988395541,9399
10414,-20.88800000000000168,10.03480684311950633,9400
10415,-26.68400000000000105,9.97785292791314227,2053
10416,-29.80900000000000105,10.00010180789305281,2054
10417,-30.22800000000000153,10.05618185613415960,2055
10418,-26.00900000000000034,9.97381761166643521,2056
10419,-29.76800000000000068,9.99637438648197474,2057
10420,-27.72100000000000009,10.05742213326026224,9406
10421,-28.78300000000000125,10.06644099050173402,9407
10422,-29.16499999999999915,10.04675559831354725,9408
10423,-33.34899999999999665,10.07189577376872336,9409
10424,-30.82100000000000151,10.05992772131630986,9410
10425,-30.96300000000000097,10.07643380017297119,9411
10426,-26.91100000000000136,10.03817264455097913,9412
10427,-23.86700000000000088,10.02761965602111260,9413
10428,-23.55699999999999861,10.06797218369613844,9414
10429,-24.01099999999999923,10.09404076361420088,9415
10430,-25.86799999999999855,10.09081998621796039,9416
10431,-25.58899999999999864,10.06267733304893675,9417
10432,-25.64600000000000080,10.10956156596733280,9418
10433,-27.55399999999999849,10.16009911128074350,9419
10434,-26.45899999999999963,10.16977312217737861,9420
10435,-24.55499999999999972,10.17614514309742368,9421
10436,-25.23900000000000077,10.22014714298246396,9422
10437,-24.78900000000000148,10.30034531065926195,9423
10438,-23.53800000000000026,10.36580191690535457,9424
10439,-24.21499999999999986,10.40192446201391085,9425
10440,-26.08099999999999952,10.30443813803011288,9426
10441,-15.86800000000000033,10.07647478354894766,9427
10442,-12.14799999999999969,10.09517808211189482,9428
10443,-23.11199999999999832,10.12623485585425165,9429
10444,-18.02100000000000080,10.00634087547718387,9430
10445,-14.52200000000000024,10.02168962044445877,9431
10446,-8.89189999999999969,10.08932180288321590,9432
10447,-10.75999999999999979,10.15469706585610687,9433
10448,-12.35899999999999999,10.35978098534470071,9434
10449,-12.97100000000000009,10.48677092242982489,9435
10450,-13.33799999999999919,10.59130160249076980,9436
10451,-11.68500000000000050,10.65070683320601397,9437
10452,-13.98300000000000054,10.72049685271634978,9438
10453,-13.90700000000000003,10.81835876235443550,9439
10454,-10.26900000000000013,10.88860778348037428,9440
10455,-10.43200000000000038,10.95088084798790362,9441
10456,-8.64809999999999945,10.97472415192590312,9442
10457,-8.54669999999999952,11.07239173212389360,9443
10458,-6.44099999999999984,11.13695407024817463,9444
10459,-8.07339999999999947,11.14708036076380360,9445
10460,-11.26299999999999990,11.22062947456783988,9446
10461,-9.26019999999999932,11.26367296511241989,9447
10462,-11.97300000000000075,11.34588461154681482,9448
10463,-14.93500000000000050,11.38362723102626894,9449
10464,-15.27899999999999991,11.38241923591955107,9450
10465,-16.89999999999999858,11.40403183068621118,9451
10466,-15.17099999999999937,11.15577205504154179,9452
10467,-15.81900000000000084,10.98053742421324230,9453
10468,-13.45299999999999940,10.84391904566790643,9454
10469,-12.41999999999999993,10.77346360441951312,9455
10470,-10.94100000000000072,10.69379793583251193,9456
10471,-11.53299999999999947,10.59344226641103859,9457
10472,-12.99099999999999966,10.43511586241120881,9458
10473,-14.14100000000000001,10.34249212558166420,9459
10474,-14.94999999999999929,10.26838529121383203,9460
10475,-11.65600000000000058,10.24974851742652149,9461
10476,-12.83500000000000085,10.27620632183894145,9462
10477,-16.64399999999999835,10.32635784658961420,7441
10478,-17.14000000000000057,10.24200204292258931,7442
10479,-18.36499999999999844,10.19902503445419661,7443
10480,-19.91900000000000048,10.22627782076505198,7444
10481,-15.72799999999999976,10.20138652301763038,7445
10482,-19.46399999999999864,10.26472491711208868,7446
10483,-15.77100000000000080,10.26673541885765673,7447
10484,-14.54899999999999949,10.28366565885158224,7448
10485,-15.81199999999999939,10.30672552194660874,7449
10486,-12.44599999999999973,10.31225624512796024,7450
10487,-11.87800000000000011,10.37310522177174299,7451
10488,-12.79700000000000060,10.29925564806196725,9474
10489,-12.49099999999999966,10.21504854839547249,9475
10490,-15.96400000000000041,10.13964373361278426,9476
10491,-20.61299999999999955,10.07693238536044156,9477
10492,-21.06200000000000117,10.19003532986607929,9478
10493,-26.05199999999999960,10.28102552578680573,9479
10494,-21.73199999999999932,10.52153470806898383,9480
10495,-28.06299999999999883,10.57679056080482738,7459
10496,-18.37500000000000000,10.75326112212697893,7460
10497,-14.50500000000000078,10.80753924569344626,7461
10498,-14.98700000000000010,10.82901715139904830,7462
10499,-14.01399999999999935,11.16149717546472786,7463
10500,-13.94999999999999929,11.26152862593149351,7464
10501,-15.39600000000000080,11.17123033243920283,7465
10502,-15.39000000000000057,11.07726147773102632,7466
10503,-15.49300000000000033,10.83971897514516769,7467
10504,-21.70100000000000051,10.76720432340960265,7468
10505,-39.64099999999999824,10.75349018418039648,7469
10506,-21.33599999999999852,10.31424423001512736,7470
10507,-27.56599999999999895,10.29843712121848753,7471
10508,-25.43599999999999994,10.27284552451159350,7472
10509,-28.57799999999999940,10.25309787079148194,7473
10510,-27.86799999999999855,10.18673431125034767,7474
10511,-24.26200000000000045,10.17338372168897287,7475
10512,-25.28399999999999892,10.18326435335340463,7476
10513,-23.20299999999999940,10.13280374995623667,7477
10514,-21.65399999999999991,10.10646423486494250,7478
10515,-20.22400000000000020,10.06563358826560872,7479
10516,-16.63800000000000168,10.11685600923137329,7480
10517,-14.41499999999999915,10.10028259632207259,7481
10518,-14.22600000000000087,10.06924129880305330,7482
10519,-12.92900000000000027,10.06075579221985627,7483
10520,-14.10500000000000043,10.05597827200071670,7484
10521,-13.90199999999999925,10.07082384789808138,7485
10522,-16.39499999999999957,10.17615802708888673,7486
10523,-15.57099999999999973,10.32629130468120771,7487
10524,-13.81499999999999950,10.44577466937713162,7488
10525,-15.71100000000000030,10.60546508314917880,7490
10526,-14.94999999999999929,10.75101189808141378,7491
10527,-14.03400000000000070,10.91558818300088163,7492
10528,-14.28500000000000014,11.05192662619654342,7493
10529,-13.88799999999999990,11.20349979260269535,7493
10530,-14.88899999999999935,11.41984588725188310,7494
10531,-13.11100000000000065,11.66686415826033318,7495
10532,-14.22600000000000087,11.84441426450610280,7496
10533,-13.83300000000000018,11.96502451672044565,7497
10534,-12.28800000000000026,11.99552326526044332,7498
10535,-11.29100000000000037,11.99830361333074080,7499
10536,-12.91699999999999982,11.95653920935057357,7500
10537,-10.44899999999999984,11.93254038733332401,7501
10538,-10.53500000000000014,11.92124110079155130,7502
10539,-12.69800000000000040,12.11997110767652330,7503
10540,-15.24200000000000088,12.31081179488423238,7504
10541,-13.74200000000000088,12.40610829293840034,7506
10542,-14.97100000000000009,12.41282014111569154,7507
10543,-13.17699999999999960,12.41629590610383183,7508
10544,-13.34699999999999953,12.42903152394109512,7509
10545,-17.46900000000000119,12.45247294936467952,7510
10546,-14.22700000000000031,12.44840268566160901,7511
10547,-12.36700000000000088,12.48593538921415735,7512
10548,-13.10500000000000043,12.67859783686756892,7513
10549,-13.80199999999999960,12.91541812582843463,7514
10550,-12.80499999999999972,12.92103811821279002,16072
10551,-13.93299999999999983,12.86602174065372495,8531
10552,-15.60500000000000043,12.59013916886418727,8532
10553,-14.49499999999999922,12.49027789211491957,8533
10554,-16.76099999999999923,12.69682375612234537,8534
10555,-14.15700000000000003,12.94631766379416860,8535
10556,-12.97799999999999976,13.12890470344725280,16075
10557,-14.50600000000000023,13.18981305756294553,16076
10558,-18.70200000000000173,13.18451880492951034,16078
10559,-15.13199999999999967,13.19855022827413649,16078
10560,-12.52699999999999925,13.20686216648151934,16079
10561,-13.44999999999999929,13.16382465659264156,16080
10562,-15.23499999999999943,13.13905835953754320,16081
10563,-15.27200000000000024,13.20690282425267981,16082
10564,-14.07699999999999996,12.96673950374350781,12668
10565,-14.60699999999999932,12.72911847603917046,12668
10566,-14.98199999999999932,12.58903406702754957,12669
10567,-14.77999999999999936,12.44575062699514056,12670
10568,-14.49399999999999977,12.36622236731918179,12671
10569,-15.13100000000000023,12.32159983956239557,12672
10570,-25.71499999999999986,12.24196290065036585,12673
10571,-21.42200000000000060,12.28658243138885631,12674
10572,-17.86899999999999977,12.28700586751292967,12675
10573,-20.67699999999999960,12.22150965475256434,12676
10574,-21.74500000000000099,12.19342094838138735,12677
10575,-22.54899999999999949,12.16470277796974919,12678
10576,-21.89900000000000091,12.17864108929345335,12679
10577,-24.18299999999999983,12.12581106764414152,12680
10578,-24.66300000000000026,12.22561066669417151,12681
10579,-22.90800000000000125,12.30067418988639005,12682
10580,-21.48400000000000176,12.38429412948516983,12683
10581,-20.39900000000000091,12.67385731940694527,12684
10582,-23.12900000000000134,13.01406628869105120,12685
10583,-22.57100000000000151,13.29526472947491023,13701
10584,-20.98799999999999955,13.19159030691163181,13702
10585,-19.98499999999999943,13.10157154684996428,13703
10586,-22.65700000000000003,13.03404821990472939,13704
10587,-24.30600000000000094,13.04983306545122090,13705
10588,-24.00900000000000034,13.15548422783095894,13706
10589,-24.80399999999999849,13.22942825046429149,13707
10590,-23.79899999999999949,13.35804595268142947,13708
10591,-24.18499999999999872,13.48163954587988833,12695
10592,-24.80999999999999872,13.53520353171055035,12696
10593,-24.88800000000000168,13.52701305026378087,1387
10594,-26.77799999999999869,13.53415056818725581,1388
10595,-23.73699999999999832,13.53717615963537391,12699
10596,-23.84499999999999886,13.54185462027210818,12700
10597,-23.41100000000000136,13.53951295004389976,12701
10598,-26.45499999999999829,13.52093370998234789,12702
10599,-24.44099999999999895,13.46365264527683259,12704
10600,-17.37000000000000099,13.42244636355860088,12705
10601,-9.70829999999999949,13.42080969080698871,12706
10602,-15.78500000000000014,13.40631407660644925,12707
10603,-21.65899999999999892,13.37787971742593385,6051
10604,-17.02499999999999858,13.31655660453907153,6052
10605,-15.22499999999999964,13.20395849726174298,6053
10606,-16.34100000000000108,13.06120620549833511,6054
10607,-18.48799999999999955,12.94355884341949192,6055
10608,-18.30699999999999861,12.85676028827603723,6056
10609,-19.87000000000000099,12.75779670710938696,6058
10610,-23.09900000000000020,12.64543672428471943,6059
10611,-23.94999999999999929,12.60385181883567007,6060
10612,-21.31599999999999895,12.56559918942704357,6061
10613,-21.92000000000000171,12.47627939914471185,6062
10614,-22.76000000000000156,12.41080485830690350,6062
10615,-22.76099999999999923,12.47521073848010964,6063
10616,-21.67000000000000171,12.67352273257655781,6064
10617,-22.13299999999999912,12.70057690555217889,6065
10618,-23.59100000000000108,12.73366407191850058,6066
10619,-21.19600000000000151,12.70253569584899722,6067
10620,-19.43199999999999861,12.70510232386922489,6068
10621,-19.07700000000000173,12.69643731282851995,6069
10622,-24.29400000000000048,12.71596016959412623,6070
10623,-22.31599999999999895,12.58857636828081361,6071
10624,-15.45800000000000018,12.63075187139148170,6072
10625,-14.76399999999999935,12.62036347874977693,6073
10626,-17.65299999999999869,12.63880741880420544,6074
10627,-15.57099999999999973,12.64684718193919544,6075
10628,-15.50099999999999945,12.65877235650159882,6076
10629,-17.54500000000000171,12.67142995344481804,6077
10630,-16.39900000000000091,12.66456372291734311,6078
10631,-14.63700000000000045,12.66876836593095668,6079
10632,-16.99699999999999989,12.66271349096445320,6080
10633,-15.77500000000000036,12.66119339090937146,6081
10634,-16.17699999999999960,12.66317402023159211,6082
10635,-13.75799999999999912,12.67030321511365365,6083
10636,-12.33300000000000018,12.65532308696134400,6084
10637,-11.43599999999999994,12.67524947337171426,6085
10638,-12.53700000000000081,12.69850813425072289,6086
10639,-12.56900000000000084,12.72064191443409520,6087
10640,-14.10800000000000054,12.80027134660642218,6088
10641,-15.05400000000000027,12.85726920119153505,6089
10642,-15.97300000000000075,12.74652275620017861,11149
10643,-14.95800000000000018,12.65551784716941874,11150
10644,-11.25900000000000034,12.50932805179676244,11151
10645,-13.93399999999999928,12.30259782026591608,11152
10646,-13.11100000000000065,12.21540625345770970,11153
10647,-13.05400000000000027,12.07971774153890365,11154
10648,-11.91499999999999915,11.99401966980110323,11155
10649,-12.23900000000000077,11.92394968374872377,11156
10650,-12.74099999999999966,11.85611895654725068,11157
10651,-11.41699999999999982,11.81228995344523902,11158
10652,-11.41200000000000081,11.86228329414962168,11159
10653,-12.12500000000000000,11.62903485659927405,11160
10654,-20.50499999999999901,11.25359848528731277,11161
10655,-22.20499999999999829,10.94764746535941846,11162
10656,-16.46300000000000097,10.79906151301308803,11163
10657,-20.13299999999999912,10.74777303447980792,11164
10658,-25.32600000000000051,10.74190690626695144,11165
10659,-24.82999999999999829,10.72873968073870010,11166
10660,-20.65399999999999991,10.70385705181344171,11167
10661,-21.25100000000000122,10.67333651556090679,11168
10662,-21.83099999999999952,10.59063663826118429,11169
10663,-22.53999999999999915,10.48836202472871726,11170
10664,-29.15700000000000003,10.43496204286333828,11171
10665,-30.27100000000000080,10.32031225946431086,11172
10666,-32.58800000000000097,10.35853738358722609,11173
10667,-28.37399999999999878,10.37386147851213813,11174
10668,-29.49399999999999977,10.36246987536593878,11175
10669,-28.18400000000000105,10.37384063508874021,11176
10670,-28.64399999999999835,10.38520948726075943,11177
10671,-29.67099999999999937,10.39943577984162637,11178
10672,-27.82400000000000162,10.41369780107997656,11179
10673,-27.88500000000000156,10.42472619407154788,11180
10674,-26.02499999999999858,10.43194438427557813,11181
10675,-24.99800000000000111,10.43770159258291663,11182
10676,-23.67500000000000071,10.41854085130174923,11183
10677,-27.08399999999999963,10.38452814333991370,11184
10678,-25.25600000000000023,10.34898120386221976,11185
10679,-20.33299999999999841,10.30284307906405594,11186
10680,-22.57499999999999929,10.26597752431970356,11187
10681,-19.46499999999999986,10.21704824527275335,11188
10682,-21.05300000000000082,10.19424898076173314,11189
10683,-22.55499999999999972,10.17048539263763374,11190
10684,-22.14900000000000091,10.13689535393644370,11191
10685,-21.10999999999999943,10.08561755476396549,11192
10686,-29.49800000000000111,10.06841496223071886,11193
10687,-27.24699999999999989,9.95583886977525445,11194
10688,-22.01500000000000057,9.87519517916366141,11195
10689,-19.68499999999999872,9.82854966396874019,11196
10690,-18.14799999999999969,9.80446216270201631,11197
10691,-13.97000000000000064,9.78754123031157519,11198
10692,-14.65499999999999936,9.78989046091474968,11199
10693,-13.15700000000000003,9.74980358023453064,11200
10694,-12.97799999999999976,9.69760846193649151,11201
10695,-10.68500000000000050,9.65175525197997253,11202
10696,-12.77100000000000080,9.67307496431344660,11203
10697,-15.94200000000000017,9.66978996293585702,11204
10698,-6.82469999999999999,9.66967526432082991,11205
10699,-11.70800000000000018,9.69986748542076072,11206
10700,-13.72300000000000075,9.71061366392119574,11207
10701,-11.80300000000000082,9.73166707415489363,11208
10702,-13.25999999999999979,9.76614197407897500,11209
10703,-13.03700000000000081,9.77294038684907385,11210
10704,-12.66999999999999993,9.79103630628154242,11211
10705,-12.03700000000000081,9.80445101162221455,11212
10706,-16.43100000000000094,9.82402416805662071,11213
10707,-17.28300000000000125,9.82816406480296223,11214
10708,-16.25400000000000134,9.81501688086285995,11215
10709,-16.12999999999999901,9.81315157412216621,11216
10710,-16.92099999999999937,9.81768567846621210,11217
10711,-16.29100000000000037,9.80262699196073228,11218
10712,-13.61200000000000010,9.79520694548490845,11219
10713,-11.23900000000000077,9.80298127437852962,11220
10714,-10.66499999999999915,9.79766473080864486,11221
10715,-5.28399999999999981,9.78831165225681765,11222
10716,-8.71429999999999971,9.76920503478924651,11223
10717,-11.40000000000000036,9.78908333870102609,11224
10718,-10.78400000000000070,9.81329548405206786,11225
10719,-12.42099999999999937,9.87117129474269284,11226
10720,-15.32699999999999996,9.87276426295433929,11227
10721,-20.23999999999999844,9.88307830363220674,11228
10722,-23.42999999999999972,9.83389806001117606,11229
10723,-23.71499999999999986,9.70416314930593238,11230
10724,-25.60500000000000043,9.67587082489619732,11231
10725,-27.19699999999999918,9.67759256827312342,11232
10726,-26.89699999999999847,9.70771992022313590,11233
10727,-27.41499999999999915,9.77623981736256553,11234
10728,-26.30199999999999960,9.85575892788552288,11235
10729,-27.09400000000000119,9.94291907094412508,11236
10730,-26.63800000000000168,10.03790724963171854,11237
10731,-24.93400000000000105,10.07570608811099433,11238
10732,-21.32000000000000028,10.10456206823777592,11239
10733,-16.57799999999999940,10.13899842973842702,11240
10734,-13.90399999999999991,10.18066332963212517,11241
10735,-11.61299999999999955,10.19198032967919687,11242
10736,-12.38499999999999979,10.23131122091551148,11243
10737,-15.17800000000000082,10.27643825019985968,11244
10738,-21.79599999999999937,10.30292059740253485,11245
10739,-21.20200000000000173,10.32259915816261397,11246
10740,-21.32700000000000173,10.30937027288249830,11247
10741,-22.67899999999999849,10.31123370960865238,11248
10742,-22.00000000000000000,10.26544062472415320,11249
10743,-21.84499999999999886,10.30886759563584576,11250
10744,-20.06200000000000117,10.33837268451473967,11251
10745,-22.21600000000000108,10.37300924685976256,11252
10746,-29.26899999999999835,10.40993352567918251,11253
10747,-37.15999999999999659,10.45350244197986100,11254
10748,-41.97899999999999920,10.38375117425882443,11255
10749,-35.12400000000000233,10.18448417820364682,11256
10750,-35.39600000000000080,9.85176400671871555,11257
10751,-40.06400000000000006,9.25717869121044501,11258
10752,-30.46699999999999875,8.82757211281468024,11259
10753,-21.07100000000000151,8.93261767531483741,11260
10754,-17.03999999999999915,9.21672688392169448,11261
10755,-16.63200000000000145,9.33856081398977622,11262
10756,-16.08500000000000085,9.38282760295758322,11263
10757,-18.70200000000000173,9.40263447325353674,11264
10758,-33.62899999999999778,9.41713412313124465,11265
10759,-33.39900000000000091,9.51073039321044433,11266
10760,-32.58299999999999841,9.55291030059784951,11267
10761,-22.03500000000000014,9.61618804707400798,11268
10762,-10.88499999999999979,9.59915372349016494,11269
10763,-15.83200000000000074,9.64954384305777957,11270
10764,-18.74200000000000088,9.69262221236399668,11271
10765,-17.82000000000000028,9.71231119315733515,11272
10766,-18.60200000000000031,9.72745735815861678,11273
10767,-19.75300000000000011,9.71950837937946410,11274
10768,-19.58800000000000097,9.70445253677207909,11275
10769,-20.06700000000000017,9.67814291298848950,11276
10770,-19.96399999999999864,9.71048110128330499,11277
10771,-20.63100000000000023,9.70183407708358736,11278
10772,-19.93299999999999983,9.70705447779670116,11279
10773,-19.10000000000000142,9.74887319392417062,11280
10774,-18.68199999999999861,9.88645921355824875,11281
10775,-21.13599999999999923,9.94141200692749827,11282
10776,-19.80699999999999861,10.00908701412345003,11283
10777,-23.14699999999999847,10.10938431640271595,11284
10778,-20.98199999999999932,10.12322839022670706,11285
10779,-25.68900000000000006,10.12168275416314067,11286
10780,-30.64199999999999946,10.14141407533181471,11287
10781,-32.14099999999999824,10.28148305195066392,11034
10782,-34.03000000000000114,10.10642881095691692,11035
10783,-33.80299999999999727,9.81786137480680665,11036
10784,-31.98199999999999932,9.53207528055926367,11037
10785,-27.73000000000000043,9.32045046123755228,11038
10786,-21.46199999999999974,9.11958739570483523,11039
10787,-16.99599999999999866,9.11629491447070173,11040
10788,-18.12600000000000122,9.12906896641219490,11041
10789,-16.70100000000000051,9.12284355041900596,11042
10790,-15.04899999999999949,9.12820509636456379,11043
10791,-8.89939999999999998,9.16304426541299399,11044
10792,-21.66100000000000136,9.26017017710040413,11045
10793,-14.56300000000000061,9.29361917057342524,11046
10794,-15.30899999999999928,9.36717172021877786,11047
10795,-17.17899999999999849,9.43025070032154034,11048
10796,-16.02199999999999847,9.48262301098306359,11049
10797,-16.55699999999999861,9.50384971023927960,11050
10798,-15.85800000000000054,9.51749504075410258,11051
10799,-15.39499999999999957,9.51789623073254631,11052
10800,-13.69999999999999929,9.52042165161456033,11053
10801,-12.30100000000000016,9.51506934574553931,11054
10802,-11.12299999999999933,9.51379060209831806,11055
10803,-10.08699999999999974,9.51799481983559836,11056
10804,-7.84070000000000000,9.51015704272456652,11057
10805,-8.09800000000000075,9.60560084407976511,11058
10806,-9.00980000000000025,9.64863323900287284,11059
10807,-8.87410000000000032,9.73232050731374621,11060
10808,-8.77790000000000070,9.84460310788854898,11061
10809,-8.46850000000000058,9.97496294893633717,11062
10810,-12.51800000000000068,10.07802501304440845,11063
10811,-11.55499999999999972,10.16885878476716165,11064
10812,-7.46680000000000010,10.25197523595035420,11065
10813,-7.21290000000000031,10.30136695241150946,11066
10814,-8.83900000000000041,10.30814272254305308,11067
10815,-8.45149999999999935,10.27704130067990995,11068
10816,-6.41040000000000010,10.34834959648780028,11069
10817,-5.30909999999999993,10.44926895529527755,11070
10818,-5.78629999999999978,10.46492277739480770,11071
10819,-8.96049999999999969,10.48685761154672669,11072
10820,-8.09950000000000081,10.56273784264572946,11073
10821,-6.45160000000000000,10.61537579423749378,11074
10822,-13.85100000000000087,10.63580593112003747,11075
10823,-36.79299999999999926,10.70253411656030273,11076
10824,-24.74200000000000088,10.83202064809512954,10950
10825,-16.33299999999999841,10.81878907412675161,10951
10826,-16.73400000000000176,10.71594136905313910,10952
10827,-17.29500000000000171,10.48480754997458320,10953
10828,-17.53999999999999915,10.37994910881404387,10954
10829,-19.48600000000000065,10.34779202115267260,10955
10830,-20.68799999999999883,10.34128690769751913,10956
10831,-20.11299999999999955,10.34115011957276131,10957
10832,-19.15299999999999869,10.33478974734983602,10958
10833,-19.21300000000000097,10.32066807705897382,10959
10834,-18.14099999999999824,10.29809509901209807,10960
10835,-21.74899999999999878,10.28995163765153542,10961
10836,-21.42599999999999838,10.29063928493931179,10962
10837,-20.00799999999999912,10.29149718450779005,10963
10838,-17.41900000000000048,10.29201770074272737,10964
10839,-12.52699999999999925,10.28466099043370718,10965
10840,-13.90700000000000003,10.23614602153517161,10966
10841,-13.10599999999999987,10.26279951360769083,10967
10842,-10.64400000000000013,10.27197875593029153,10968
10843,-9.12379999999999924,10.25454075023597156,10969
10844,-10.94999999999999929,10.28521770392224610,10970
10845,-10.98700000000000010,10.27925504677051727,10971
10846,-11.02200000000000024,10.33846141519786421,10972
10847,-11.07799999999999940,10.47569691880223175,10973
10848,-9.09559999999999924,10.72573836310838402,10974
10849,-7.04710000000000036,10.84216072365291339,10975
10850,-11.73900000000000077,10.99810063934413762,10976
10851,-12.06900000000000084,11.12422353173499801,10977
10852,-37.74300000000000210,11.25491822976270306,10978
10853,-47.11599999999999966,11.12402478877240419,10979
10854,-46.40100000000000335,10.82587453887786921,10979
10855,-38.01400000000000290,10.46215032543689283,10980
10856,-31.05099999999999838,10.66674181586918024,10981
10857,-26.14499999999999957,10.74390589558042208,10982
10858,-22.67699999999999960,10.65178850084079620,10983
10859,-29.63100000000000023,10.38003461687511830,10984
10860,-29.12099999999999866,10.31114465022943882,10985
10861,-24.31899999999999906,10.36786198008762305,10986
10862,-23.52499999999999858,10.37085006074283733,10987
10863,-22.71699999999999875,10.36467338797507232,10988
10864,-21.62199999999999989,10.35714943593815462,10989
10865,-22.88800000000000168,10.36339123322335709,10990
10866,-24.06099999999999994,10.41158225772219126,10991
10867,-22.03699999999999903,10.40706439226531010,10992
10868,-22.03600000000000136,10.40565758862944712,10993
10869,-24.34700000000000131,10.39815902034613870,10994
10870,-22.88400000000000034,10.39101224108481247,10995
10871,-25.18700000000000117,10.39243107226580953,10996
10872,-25.16000000000000014,10.40382195588609449,10997
10873,-26.25100000000000122,10.42808948412000092,10998
10874,-27.89600000000000080,10.42585847151315903,10999
10875,-27.77100000000000080,10.45500825138920220,11000
10876,-28.34199999999999875,10.58703445397659593,11001
10877,-28.20100000000000051,11.36735390914803823,11002
10878,-28.25400000000000134,11.85508354020573840,19040
10879,-27.98499999999999943,11.86381042012661169,11004
10880,-27.95400000000000063,11.91535478998156705,11005
10881,-30.81200000000000117,12.03733324515592962,11006
10882,-30.64600000000000080,12.07947434974044754,19044
10883,-31.31200000000000117,12.10253814614231516,19045
10884,-28.99200000000000088,12.10938734367846514,19557
10885,-25.49200000000000088,12.00878508770949971,19558
10886,-26.18199999999999861,11.93327678136472869,19559
10887,-26.39199999999999946,11.83284797872251026,19560
10888,-29.01599999999999824,11.77282400058954082,19561
10889,-27.61299999999999955,11.81190572200816291,19562
10890,-26.28399999999999892,11.76737560415024753,19563
10891,-24.67599999999999838,11.79970574548035778,19563
10892,-25.21199999999999974,11.83849636043587061,19564
10893,-28.06400000000000006,11.90653732251473684,19565
10894,-30.73199999999999932,12.00707417651470443,19566
10895,-25.76800000000000068,12.17773691431584382,19567
10896,-25.04799999999999827,12.31399158187146092,19568
10897,-27.37699999999999889,12.40343626980498470,19569
10898,-23.26999999999999957,12.47489528367761835,11023
10899,-22.15099999999999980,12.43134225839242113,11024
10900,-23.78200000000000003,12.38132462377810050,11025
10901,-24.74399999999999977,12.38398614668427378,11026
10902,-23.44000000000000128,12.39785640231211872,11027
10903,-19.12300000000000111,12.39018352506416498,11028
10904,-18.55000000000000071,12.36354922393699063,11029
10905,-18.98000000000000043,12.35100470027551722,11030
10906,-16.31400000000000006,12.47108610077556534,11032
10907,-14.17399999999999949,12.42928040145457125,11033
10908,-14.37199999999999989,12.22498201592766698,11820
10909,-14.74300000000000033,11.80196168237613819,11821
10910,-14.83200000000000074,11.66800949489444150,11822
10911,-15.21000000000000085,11.73482379671265541,11823
10912,-14.84200000000000053,11.78607825451123503,11824
10913,-13.87899999999999956,11.91300590304764206,11826
10914,-13.41799999999999926,11.93165960232432177,11827
10915,-9.80780000000000030,11.91712269793657519,11828
10916,-8.93679999999999986,11.86470430404362908,11829
10917,-15.35899999999999999,11.77806299206743113,11830
10918,-18.91400000000000148,11.77717083276231058,11831
10919,-28.62500000000000000,11.76672515666038876,11832
10920,-21.53699999999999903,11.74431132120791688,11833
10921,-21.41300000000000026,11.74498084600462100,11834
10922,-25.14199999999999946,11.73726474080637239,11835
10923,-24.12900000000000134,11.68490556359081722,11836
10924,-23.53800000000000026,11.61244133194178829,11837
10925,-22.73100000000000165,11.56037912616829821,11838
10926,-21.18400000000000105,11.53180664960400925,11839
10927,-22.28200000000000003,11.52356018990943198,11840
10928,-19.73199999999999932,11.50652590120672514,11841
10929,-22.12600000000000122,11.48642573203538397,11842
10930,-24.66700000000000159,11.43642635320632905,11843
10931,-21.46099999999999852,11.36646299754131739,11844
10932,-18.19999999999999929,11.32680407494038732,11845
10933,-15.64100000000000001,11.31452537144352632,11846
10934,-16.34199999999999875,11.31462715559436560,11847
10935,-15.40600000000000058,11.30795403026161416,11848
10936,-14.73300000000000054,11.29911808645531934,10810
10937,-14.95500000000000007,11.30271897057605379,10811
10938,-13.16900000000000048,11.30200457387846136,10812
10939,-14.24099999999999966,11.30876557180123321,10813
10940,-16.82700000000000173,11.29331283034494859,10814
10941,-15.26399999999999935,11.25230480683297252,10815
10942,-14.53400000000000070,11.24707566532627823,10816
10943,-18.14399999999999835,11.23435075105040148,10817
10944,-16.33200000000000074,11.18522308892615058,10818
10945,-15.37500000000000000,11.13978807818650729,10819
10946,-15.32199999999999918,11.11798918381414225,10820
10947,-14.78500000000000014,11.09462515014705097,10821
10948,-13.99300000000000033,11.07386190298691808,10822
10949,-15.22700000000000031,11.08528941737761642,10823
10950,-21.50000000000000000,10.83202064809512954,10824
10951,-27.97299999999999898,10.81878907412675161,10825
10952,-35.57200000000000273,10.71594136905313910,10826
10953,-29.46900000000000119,10.48480754997458320,10827
10954,-24.24099999999999966,10.37994910881404387,10828
10955,-21.30900000000000105,10.34779202115267260,10829
10956,-20.27400000000000091,10.34128690769751913,10830
10957,-21.34299999999999997,10.34115011957276131,10831
10958,-21.31899999999999906,10.33478974734983602,10832
10959,-21.84700000000000131,10.32066807705897382,10833
10960,-19.43599999999999994,10.29809509901209807,10834
10961,-20.95599999999999952,10.28995163765153542,10835
10962,-22.04899999999999949,10.29063928493931179,10836
10963,-22.71199999999999974,10.29149718450779005,10837
10964,-23.44500000000000028,10.29201770074272737,10838
10965,-21.41100000000000136,10.28466099043370718,10839
10966,-16.19999999999999929,10.23614602153517161,10840
10967,-12.18599999999999994,10.26279951360769083,10841
10968,-13.93999999999999950,10.27197875593029153,10842
10969,-8.55990000000000073,10.25454075023597156,10843
10970,-12.75799999999999912,10.28521770392224610,10844
10971,-8.60779999999999923,10.27925504677051727,10845
10972,-7.44190000000000040,10.33846141519786421,10846
10973,-6.49589999999999979,10.47569691880223175,10847
10974,-9.92239999999999966,10.72573836310838402,10848
10975,-9.43050000000000033,10.84216072365291339,10849
10976,-5.82150000000000034,10.99810063934413762,10850
10977,-11.08699999999999974,11.12422353173499801,10851
10978,-16.32799999999999940,11.18856299254677467,10853
10979,-19.88599999999999923,10.82587453887786921,10854
10980,-36.82399999999999807,10.46215032543689283,10855
10981,-44.00399999999999778,10.66674181586918024,10856
10982,-44.32399999999999807,10.74390589558042208,10857
10983,-45.18399999999999750,10.65178850084079620,10858
10984,-48.61200000000000188,10.38003461687511830,10859
10985,-39.20199999999999818,10.31114465022943882,10860
10986,-22.39300000000000068,10.36786198008762305,10861
10987,-20.14699999999999847,10.37085006074283733,10862
10988,-22.13400000000000034,10.36467338797507232,10863
10989,-21.77799999999999869,10.35714943593815462,10864
10990,-22.74399999999999977,10.36339123322335709,10865
10991,-23.09799999999999898,10.41158225772219126,10866
10992,-20.73799999999999955,10.40706439226531010,10867
10993,-23.50700000000000145,10.40565758862944712,10868
10994,-22.61199999999999832,10.39815902034613870,10869
10995,-23.08399999999999963,10.39101224108481247,10870
10996,-21.50199999999999889,10.39243107226580953,10871
10997,-22.90700000000000003,10.40382195588609449,10872
10998,-24.10900000000000176,10.42808948412000092,10873
10999,-23.48999999999999844,10.42580490440115071,10746
11000,-27.55099999999999838,10.45500825138920220,10875
11001,-25.35800000000000054,10.57659089956342413,10748
11002,-25.39499999999999957,10.53318978130958250,10749
11003,-19.43100000000000094,10.54690358290875452,10750
11004,-22.47700000000000031,10.43033063939397564,10751
11005,-24.03500000000000014,10.42289392254772018,10752
11006,-25.57900000000000063,10.85227404684786201,10753
11007,-26.69200000000000017,10.99348124931653103,10754
11008,-27.23900000000000077,10.99973911880514876,10755
11009,-27.49299999999999855,10.96683179728437452,10756
11010,-26.42500000000000071,10.88243291401489365,10757
11011,-26.58500000000000085,10.87899370940883337,10758
11012,-28.50000000000000000,10.93403507541124853,10759
11013,-29.80999999999999872,11.03117132959645730,10760
11014,-30.38200000000000145,11.11826417799181854,10761
11015,-24.71999999999999886,11.12719552682961144,10762
11016,-26.14999999999999858,11.03095997532332895,10763
11017,-22.99800000000000111,10.99048291986150261,10764
11018,-25.21799999999999997,11.04854287398856094,10765
11019,-27.75100000000000122,11.05183681899725023,10766
11020,-27.25700000000000145,10.97833609172128178,10767
11021,-26.02799999999999869,10.92441774428662349,10768
11022,-26.66300000000000026,10.87700837019261790,10769
11023,-26.21099999999999852,10.80628241230658304,10770
11024,-26.46699999999999875,10.74599042191795917,10771
11025,-25.37800000000000011,10.66909015507252612,10772
11026,-24.93499999999999872,10.60613029857669609,10773
11027,-22.14699999999999847,10.53362133599205919,10774
11028,-19.29799999999999827,10.48356801293344809,10775
11029,-17.94600000000000151,10.45166448275326587,10776
11030,-19.17899999999999849,10.40488504738963371,10777
11031,-15.36299999999999955,10.43043207372832271,10778
11032,-17.83500000000000085,10.46524130746366588,10779
11033,-14.80400000000000027,10.49504305512915536,10780
11034,-15.97199999999999953,10.28148305195066392,10781
11035,-15.10599999999999987,10.10642881095691692,10782
11036,-13.88700000000000045,9.81786137480680665,10783
11037,-14.66600000000000037,9.53207528055926367,10784
11038,-13.37299999999999933,9.32045046123755228,10785
11039,-13.98600000000000065,9.11958739570483523,10786
11040,-12.99000000000000021,9.11629491447070173,10787
11041,-14.23199999999999932,9.12906896641219490,10788
11042,-13.85399999999999920,9.12284355041900596,10789
11043,-14.19200000000000017,9.12820509636456379,10790
11044,-11.53500000000000014,9.16304426541299399,10791
11045,-20.12399999999999878,9.26017017710040413,10792
11046,-17.89399999999999835,9.29361917057342524,10793
11047,-9.09689999999999976,9.36717172021877786,10794
11048,-11.50399999999999956,9.43025070032154034,10795
11049,-12.47899999999999920,9.48262301098306359,10796
11050,-14.60599999999999987,9.50384971023927960,10797
11051,-13.30799999999999983,9.51749504075410258,10798
11052,-11.13100000000000023,9.51789623073254631,10799
11053,-7.58370000000000033,9.52042165161456033,10800
11054,-14.21899999999999942,9.51506934574553931,10801
11055,-13.62800000000000011,9.51379060209831806,10802
11056,-16.29299999999999926,9.51799481983559836,10803
11057,-15.34500000000000064,9.51015704272456652,10804
11058,-15.01399999999999935,9.60560084407976511,10805
11059,-12.78999999999999915,9.64863323900287284,10806
11060,-9.83099999999999952,9.73232050731374621,10807
11061,-11.34399999999999942,9.84460310788854898,10808
11062,-9.04129999999999967,9.97496294893633717,10809
11063,-7.04509999999999970,10.07802501304440845,10810
11064,-6.92360000000000042,10.16885878476716165,10811
11065,-7.76320000000000032,10.25197523595035420,10812
11066,-10.48300000000000054,10.30136695241150946,10813
11067,-13.59800000000000075,10.30814272254305308,10814
11068,-11.49000000000000021,10.27704130067990995,10815
11069,-13.61700000000000088,10.34834959648780028,10816
11070,-12.65300000000000047,10.44926895529527755,10817
11071,-12.93399999999999928,10.46492277739480770,10818
11072,-13.74900000000000055,10.48685761154672669,10819
11073,-13.70400000000000063,10.56273784264572946,10820
11074,-14.14899999999999913,10.61537579423749378,10821
11075,-16.21399999999999864,10.63580593112003747,10822
11076,-35.54200000000000159,10.70253411656030273,10823
11077,-33.61899999999999977,10.85963623470025929,10824
11078,-23.59100000000000108,10.84737254267922069,10825
11079,-23.34600000000000009,10.81301941872162864,10826
11080,-24.58899999999999864,10.76858004817800030,10827
11081,-21.84799999999999898,10.70100051795859208,10828
11082,-20.83099999999999952,10.66761205843459948,10829
11083,-21.19200000000000017,10.67264494908529926,10830
11084,-18.99899999999999878,10.68379885887133440,10831
11085,-16.52199999999999847,10.72640507696974765,10832
11086,-17.56099999999999994,10.78903543823419575,10833
11087,-17.04200000000000159,10.98302441719511258,10834
11088,-17.42699999999999960,11.17384464034806513,10835
11089,-15.97799999999999976,11.39547010500968049,10836
11090,-12.50099999999999945,11.74688456321819530,10837
11091,-11.38299999999999912,12.08171676401940609,10838
11092,-11.68200000000000038,12.44478966344361126,10839
11093,-13.12899999999999956,12.78857846332846471,10840
11094,-10.38899999999999935,13.10975097820036162,10841
11095,-9.48409999999999975,13.15690249505483500,14418
11096,-10.85699999999999932,13.28678917087615829,14419
11097,-9.00530000000000008,13.38484418716667612,10844
11098,-9.59510000000000041,13.40883724102875263,10845
11099,-8.93019999999999925,13.47552763112059360,10846
11100,-14.41499999999999915,13.54691415433013191,10847
11101,-15.09200000000000053,13.49354489659955014,10848
11102,-13.84999999999999964,13.46900126760075267,10849
11103,-12.43999999999999950,13.50229550379490462,17498
11104,-14.31400000000000006,13.45899615648256642,17499
11105,-37.28900000000000148,13.45732391913151282,17500
11106,-45.29699999999999704,13.32475465000214498,17501
11107,-47.33200000000000074,13.20845103938516196,17502
11108,-49.76700000000000301,13.50019170667951407,17503
11109,-36.30899999999999750,13.76510747355795061,16997
11110,-28.14499999999999957,13.60521209407137100,18466
11111,-27.48900000000000077,13.60456877837038370,18467
11112,-22.77799999999999869,13.61383784072127234,18467
11113,-23.73199999999999932,13.60340363760806959,18468
11114,-22.89900000000000091,13.60719779023100173,18469
11115,-22.13299999999999912,13.61072349108378532,18470
11116,-24.07999999999999829,13.60511200211622018,18471
11117,-20.94600000000000151,13.60959457819689256,18472
11118,-23.64999999999999858,13.58018252198309206,18473
11119,-24.91100000000000136,13.78010629359522099,18474
11120,-21.36299999999999955,13.77783502491737799,19509
11121,-21.39499999999999957,13.76153699354369842,19510
11122,-22.59499999999999886,13.71584232122886604,19511
11123,-21.03500000000000014,13.63606918581823635,19512
11124,-22.24099999999999966,13.60423685271038963,19513
11125,-21.10300000000000153,13.57248346985992704,19514
11126,-21.68299999999999983,13.53338587772475243,19515
11127,-21.52400000000000091,13.48184329678055704,19516
11128,-24.48999999999999844,13.45495425530522660,19517
11129,-23.96399999999999864,13.43694427944970471,19518
11130,-26.20899999999999963,13.54505755200353079,19519
11131,-26.25600000000000023,13.85309516090164728,19520
11132,-26.16600000000000037,13.95750444868497908,19521
11133,-28.04100000000000037,14.03528005331875761,19012
11134,-27.27899999999999991,13.97172786976313397,19013
11135,-25.45499999999999829,13.92485597793468344,19014
11136,-24.89699999999999847,13.88314525867646765,19015
11137,-25.67399999999999949,13.86836554681954148,19016
11138,-25.35300000000000153,13.86377567255945564,19017
11139,-26.93199999999999861,13.84362466587673879,19018
11140,-27.15099999999999980,13.71408107804604271,19019
11141,-27.60999999999999943,13.60131510803171828,19020
11142,-29.87399999999999878,13.53034543863578243,19021
11143,-30.80300000000000082,13.56532601703211860,19022
11144,-27.78800000000000026,13.54970815471271628,10637
11145,-30.96300000000000097,13.38946726267959342,10638
11146,-29.45899999999999963,13.18708464126029689,10639
11147,-26.82199999999999918,12.98865880153623031,10640
11148,-25.98699999999999832,12.85878742888822401,10641
11149,-23.61400000000000077,12.74652275620017861,10642
11150,-26.97400000000000020,12.65551784716941874,10643
11151,-26.71399999999999864,12.50932805179676244,10644
11152,-22.51899999999999835,12.30259782026591608,10645
11153,-24.38299999999999912,12.21540625345770970,10646
11154,-21.75499999999999901,12.07971774153890365,10647
11155,-18.72599999999999909,11.99401966980110323,10648
11156,-19.46399999999999864,11.92394968374872377,10649
11157,-17.26399999999999935,11.85611895654725068,10650
11158,-16.62199999999999989,11.81228995344523902,10651
11159,-15.28999999999999915,11.86228329414962168,10652
11160,-16.80199999999999960,11.62903485659927405,10653
11161,-17.57799999999999940,11.25359848528731277,10654
11162,-17.23300000000000054,10.94764746535941846,10655
11163,-18.55799999999999983,10.79906151301308803,10656
11164,-19.32199999999999918,10.74777303447980792,10657
11165,-18.51000000000000156,10.74190690626695144,10658
11166,-18.57900000000000063,10.72873968073870010,10659
11167,-13.82900000000000063,10.70385705181344171,10660
11168,-8.17089999999999961,10.67333651556090679,10661
11169,-7.40559999999999974,10.59063663826118429,10662
11170,-12.01500000000000057,10.48836202472871726,10663
11171,-13.80599999999999916,10.43496204286333828,10664
11172,-27.89799999999999969,10.32031225946431086,10665
11173,-25.15899999999999892,10.35853738358722609,10666
11174,-20.82900000000000063,10.37386147851213813,10667
11175,-23.69200000000000017,10.36246987536593878,10668
11176,-23.88700000000000045,10.37384063508874021,10669
11177,-24.30999999999999872,10.38520948726075943,10670
11178,-24.66799999999999926,10.39943577984162637,10671
11179,-24.36700000000000088,10.41369780107997656,10672
11180,-24.62099999999999866,10.42472619407154788,10673
11181,-24.19200000000000017,10.43194438427557813,10674
11182,-21.61299999999999955,10.43770159258291663,10675
11183,-20.01599999999999824,10.41854085130174923,10676
11184,-20.78300000000000125,10.38452814333991370,10677
11185,-18.97599999999999909,10.34898120386221976,10678
11186,-16.41000000000000014,10.30284307906405594,10679
11187,-15.33300000000000018,10.26597752431970356,10680
11188,-13.96599999999999930,10.21704824527275335,10681
11189,-14.81400000000000006,10.19424898076173314,10682
11190,-17.46600000000000108,10.17048539263763374,10683
11191,-15.34999999999999964,10.13689535393644370,10684
11192,-17.27499999999999858,10.08561755476396549,10685
11193,-15.78500000000000014,10.06841496223071886,10686
11194,-16.02899999999999991,9.95583886977525445,10687
11195,-16.79700000000000060,9.87519517916366141,10688
11196,-18.67999999999999972,9.82854966396874019,10689
11197,-19.64000000000000057,9.80446216270201631,10690
11198,-15.79899999999999949,9.78754123031157519,10691
11199,-3.52970000000000006,9.78989046091474968,10692
11200,-1.27859999999999996,9.74980358023453064,10693
11201,-1.99249999999999994,9.69760846193649151,10694
11202,-5.82399999999999984,9.65175525197997253,10695
11203,-14.93299999999999983,9.67307496431344660,10696
11204,-13.46299999999999919,9.66978996293585702,10697
11205,-10.33999999999999986,9.66967526432082991,10698
11206,-14.03100000000000058,9.69986748542076072,10699
11207,-13.47499999999999964,9.71061366392119574,10700
11208,-12.11400000000000077,9.73166707415489363,10701
11209,-15.66600000000000037,9.76614197407897500,10702
11210,-12.68999999999999950,9.77294038684907385,10703
11211,-13.86800000000000033,9.79103630628154242,10704
11212,-12.65700000000000003,9.80445101162221455,10705
11213,-12.13400000000000034,9.82402416805662071,10706
11214,-11.85800000000000054,9.82816406480296223,10707
11215,-12.41799999999999926,9.81501688086285995,10708
11216,-13.45599999999999952,9.81315157412216621,10709
11217,-11.68200000000000038,9.81768567846621210,10710
11218,-11.23000000000000043,9.80262699196073228,10711
11219,-14.69299999999999962,9.79520694548490845,10712
11220,-14.32199999999999918,9.80298127437852962,10713
11221,-14.02200000000000024,9.79766473080864486,10714
11222,-10.74000000000000021,9.78831165225681765,10715
11223,-7.55780000000000030,9.76920503478924651,10716
11224,-8.67079999999999984,9.78908333870102609,10717
11225,-10.24799999999999933,9.81329548405206786,10718
11226,-9.72129999999999939,9.87117129474269284,10719
11227,-10.02200000000000024,9.87276426295433929,10720
11228,-10.18099999999999916,9.88307830363220674,10721
11229,-8.66590000000000060,9.83389806001117606,10722
11230,-17.01300000000000168,9.70416314930593238,10723
11231,-23.23900000000000077,9.67587082489619732,10724
11232,-28.31500000000000128,9.67759256827312342,10725
11233,-29.97800000000000153,9.70771992022313590,10726
11234,-29.94200000000000017,9.77623981736256553,10727
11235,-32.56099999999999994,9.85575892788552288,10728
11236,-31.61899999999999977,9.94291907094412508,10729
11237,-32.60999999999999943,10.03790724963171854,10730
11238,-32.09000000000000341,10.07570608811099433,10731
11239,-28.32300000000000040,10.10456206823777592,10732
11240,-23.92299999999999827,10.13899842973842702,10733
11241,-21.10800000000000054,10.18066332963212517,10734
11242,-18.38400000000000034,10.19198032967919687,10735
11243,-15.52899999999999991,10.23131122091551148,10736
11244,-11.77699999999999925,10.27643825019985968,10737
11245,-12.83399999999999963,10.30292059740253485,10738
11246,-11.52699999999999925,10.32259915816261397,10739
11247,-11.63199999999999967,10.30937027288249830,10740
11248,-12.60299999999999976,10.31123370960865238,10741
11249,-15.27800000000000047,10.26544062472415320,10742
11250,-17.79899999999999949,10.30886759563584576,10743
11251,-22.56599999999999895,10.33837268451473967,10744
11252,-21.07499999999999929,10.37300924685976256,10745
11253,-23.91300000000000026,10.40993352567918251,10746
11254,-24.51200000000000045,10.45350244197986100,10747
11255,-22.85500000000000043,10.38375117425882443,10748
11256,-13.63199999999999967,10.18448417820364682,10749
11257,-7.78110000000000035,9.85176400671871555,10750
11258,-13.02899999999999991,9.25717869121044501,10751
11259,-13.76200000000000045,8.82757211281468024,10752
11260,-14.45199999999999996,8.93261767531483741,10753
11261,-13.03299999999999947,9.21672688392169448,10754
11262,-16.13400000000000034,9.33856081398977622,10755
11263,-14.82699999999999996,9.38282760295758322,10756
11264,-16.28999999999999915,9.40263447325353674,10757
11265,-33.66599999999999682,9.41713412313124465,10758
11266,-27.97800000000000153,9.51073039321044433,10759
11267,-31.68100000000000094,9.55291030059784951,10760
11268,-14.82099999999999973,9.61618804707400798,10761
11269,-11.22899999999999920,9.59915372349016494,10762
11270,-15.82199999999999918,9.64954384305777957,10763
11271,-16.83099999999999952,9.69262221236399668,10764
11272,-15.03400000000000070,9.71231119315733515,10765
11273,-15.88700000000000045,9.72745735815861678,10766
11274,-15.65300000000000047,9.71950837937946410,10767
11275,-13.97199999999999953,9.70445253677207909,10768
11276,-14.94899999999999984,9.67814291298848950,10769
11277,-15.82399999999999984,9.71048110128330499,10770
11278,-15.67399999999999949,9.70183407708358736,10771
11279,-17.31500000000000128,9.70705447779670116,10772
11280,-17.08500000000000085,9.74887319392417062,10773
11281,-18.57499999999999929,9.88645921355824875,10774
11282,-20.21099999999999852,9.94141200692749827,10775
11283,-21.54100000000000037,10.00908701412345003,10776
11284,-20.77700000000000102,10.10938431640271595,10777
11285,-24.32900000000000063,10.12322839022670706,10778
11286,-29.06800000000000139,10.12168275416314067,10779
11287,-30.48400000000000176,10.14141407533181471,10780
11288,-31.52299999999999969,10.32924903684516416,10781
11289,-36.11200000000000188,10.70839023914998656,10782
11290,-37.40999999999999659,11.05233295625694190,10783
11291,-37.22500000000000142,11.10649706611797072,11037
11292,-37.05799999999999983,10.84302077055871472,11038
11293,-36.10499999999999687,10.53749280029076019,11039
11294,-28.09600000000000009,10.18703167494906126,11041
11295,-19.09700000000000131,10.05435929078329238,11042
11296,-15.15799999999999947,10.04508982133899586,11042
11297,-12.20599999999999952,10.06907955433586466,11043
11298,-11.84099999999999930,10.10894807727045475,11044
11299,-19.83399999999999963,10.22340574648699452,11046
11300,-8.94749999999999979,10.28937354515074176,11046
11301,-12.83600000000000030,10.30128358270299493,11047
11302,-19.71900000000000119,10.40301775161060860,11048
11303,-17.15800000000000125,10.39767190799816632,11049
11304,-18.01300000000000168,10.39521293914245881,11050
11305,-16.16199999999999903,10.42300691508502730,11051
11306,-16.49399999999999977,10.45758414357680444,11052
11307,-15.69200000000000017,10.46633969256978602,11053
11308,-15.59699999999999953,10.46511013612551366,11054
11309,-12.41799999999999926,10.45910770373285281,11055
11310,-12.74300000000000033,10.46486164227435722,11056
11311,-13.24799999999999933,10.44285713749065536,11057
11312,-14.23300000000000054,10.53683507326491942,11058
11313,-13.19500000000000028,10.61557485509809240,11059
11314,-11.96599999999999930,10.64592696409003203,11060
11315,-11.30700000000000038,10.70637809762405190,11061
11316,-9.68180000000000085,10.79039919555440719,11062
11317,-10.38299999999999912,10.85353986252492753,11063
11318,-13.33799999999999919,11.08163133911549458,11064
11319,-9.07269999999999932,11.22648272930766389,11066
11320,-6.03880000000000017,11.22865299415085616,11067
11321,-6.11369999999999969,11.25227146070512951,11068
11322,-7.99059999999999970,11.27821155635657568,11068
11323,-11.38599999999999923,11.30890237910832496,11069
11324,-13.21299999999999919,11.37269540178546556,11070
11325,-7.90289999999999981,11.40618079469857804,11072
11326,-8.03449999999999953,11.42811421587175502,11073
11327,-12.98199999999999932,11.42973812040611925,11074
11328,-18.37999999999999901,11.44316061483152502,11075
11329,-30.29799999999999827,11.45816348504606452,11076
11330,-39.97999999999999687,11.37078070191286017,11076
11331,-24.79599999999999937,11.55587880891657981,11077
11332,-20.94200000000000017,11.54515239317409936,11078
11333,-17.50499999999999901,11.53097739825624934,11079
11334,-20.54299999999999926,11.48680102120918711,11080
11335,-17.90899999999999892,11.46657414701937761,11081
11336,-16.75499999999999901,11.46385760637511630,11082
11337,-16.36899999999999977,11.45775507260800730,11083
11338,-15.52299999999999969,11.47099602361247683,11084
11339,-16.78699999999999903,11.51270227580326022,11085
11340,-16.39999999999999858,11.61757753365874635,11086
11341,-18.76999999999999957,11.82651008201637133,11087
11342,-18.91900000000000048,12.07059656615954424,11088
11343,-19.57000000000000028,12.31597139154827403,11089
11344,-18.77700000000000102,12.69608365492619839,11090
11345,-17.85500000000000043,12.73097120808990290,10838
11346,-13.24499999999999922,12.68964925091766816,10839
11347,-11.37400000000000055,12.69240724285837629,10840
11348,-9.58590000000000053,12.68747562187870059,10841
11349,-8.71310000000000073,12.70216681114011337,10842
11350,-10.12100000000000044,12.73950119202213571,10843
11351,-10.73700000000000010,12.78484526352885631,10844
11352,-11.83799999999999919,12.78699121019770324,10845
11353,-10.35800000000000054,12.87890315099697069,10846
11354,-12.39000000000000057,12.94512692786920560,10847
11355,-10.96100000000000030,12.86836209108861517,4007
11356,-11.53200000000000003,12.67454950394256485,4008
11357,-10.80100000000000016,12.47964423999897221,4009
11358,-20.97200000000000131,12.27895248059607702,4010
11359,-45.59400000000000119,12.24426967095592822,4011
11360,-43.47800000000000153,12.17557705472198037,4012
11361,-42.67000000000000171,12.14109998476069130,4013
11362,-35.80799999999999983,12.11618871370674100,4014
11363,-26.95499999999999829,11.89662725992680770,16684
11364,-21.26599999999999824,11.88183233566337726,16685
11365,-23.76599999999999824,11.83071259662560770,16686
11366,-23.71000000000000085,11.79202212798260696,16687
11367,-23.45499999999999829,11.74427280368199611,16688
11368,-25.64600000000000080,11.67948785946223289,16689
11369,-23.68700000000000117,11.61125684124901092,16690
11370,-21.79200000000000159,11.53670631741504238,16691
11371,-22.62999999999999901,11.48837289580104937,16692
11372,-20.71600000000000108,11.43841136145038995,16693
11373,-21.36499999999999844,11.48225123939853987,16694
11374,-21.27899999999999991,11.47959566605650217,16695
11375,-20.52299999999999969,11.43511485983049525,16696
11376,-21.41100000000000136,11.39321485901765385,16697
11377,-22.39699999999999847,11.37387797204474360,16698
11378,-21.92399999999999949,11.43534049464136615,16699
11379,-22.29599999999999937,11.44331220250613335,4031
11380,-23.42999999999999972,11.31812270077507954,4032
11381,-22.93700000000000117,11.14978693851653624,4033
11382,-25.47700000000000031,11.02605606022063256,4034
11383,-27.68900000000000006,10.82546956095577251,4035
11384,-26.92200000000000060,10.45517558563267535,4036
11385,-28.59400000000000119,10.13097322002892042,4037
11386,-27.97800000000000153,9.73835226885934269,4038
11387,-25.98499999999999943,9.43134751536843297,4039
11388,-24.25199999999999889,9.28555055136550145,4040
11389,-23.77299999999999969,9.29029389373028991,4041
11390,-25.75100000000000122,9.17617195467415492,4042
11391,-27.25499999999999901,9.08786763421198529,4043
11392,-27.80399999999999849,8.83049042308733867,4044
11393,-26.97400000000000020,8.52951606868298740,4045
11394,-25.67399999999999949,8.56841656543416974,4046
11395,-29.53600000000000136,8.56890875239294658,4047
11396,-30.63299999999999912,8.63516286901249508,4048
11397,-30.10900000000000176,8.71934681170121451,4049
11398,-29.51300000000000168,8.79919904254262697,4050
11399,-28.30199999999999960,8.76760877045428266,4051
11400,-26.61899999999999977,8.70126063776499592,4052
11401,-26.64099999999999824,8.74009897481776399,4053
11402,-24.52100000000000080,8.78695919487460664,4054
11403,-25.64399999999999835,8.79920371027979087,4055
11404,-23.55600000000000094,8.80088311476438001,4056
11405,-22.47500000000000142,8.77527328829822295,4057
11406,-20.48300000000000054,8.76658300266146817,4058
11407,-19.33299999999999841,8.76284225414872076,4059
11408,-19.20499999999999829,8.77601015782658145,4060
11409,-19.98100000000000165,8.81582913395339496,4061
11410,-18.60600000000000165,8.85266146047444913,4062
11411,-18.28699999999999903,8.86524934846223545,4063
11412,-17.73699999999999832,8.85798230210225590,4064
11413,-17.66400000000000148,8.85452956407498526,4065
11414,-14.91399999999999970,8.92012198452802174,4066
11415,-15.45400000000000063,9.20758258821089193,4067
11416,-16.46300000000000097,9.19925485363004469,4068
11417,-12.84200000000000053,9.17643547456604836,4069
11418,-10.86500000000000021,9.24225926185741997,4070
11419,-8.37270000000000003,9.23888854847565710,4071
11420,-8.87650000000000006,9.32860845410469608,4072
11421,-9.00999999999999979,9.65798721920650571,4073
11422,-7.50530000000000008,9.99876738412425503,4074
11423,-10.91399999999999970,10.20493415578664731,4075
11424,-11.74600000000000044,9.73188734082559037,8386
11425,-23.81400000000000006,9.61222350374014312,8387
11426,-29.48600000000000065,9.57011577360435695,8388
11427,-18.64999999999999858,9.51173939694668569,8389
11428,-21.05699999999999861,9.39306812230579524,8390
11429,-21.72500000000000142,9.22181801844075721,8391
11430,-23.05999999999999872,9.17940181938159583,8392
11431,-23.06299999999999883,9.19559960150233913,8393
11432,-27.16700000000000159,9.20630367288456775,8394
11433,-29.88299999999999912,9.21770707476403217,8395
11434,-31.96799999999999997,9.25899844755683787,8396
11435,-30.92800000000000082,9.36374690085002648,8397
11436,-33.65899999999999892,9.44436837501496562,8398
11437,-33.68900000000000006,9.73929866393694610,8399
11438,-29.82799999999999940,9.78658832650821608,8400
11439,-27.63500000000000156,9.89419506735595000,8401
11440,-26.21199999999999974,9.97367008719609238,8402
11441,-24.25199999999999889,10.03246263326529331,8403
11442,-24.56500000000000128,10.05179510776006957,8404
11443,-21.85900000000000176,10.08868449181417937,8405
11444,-19.51999999999999957,10.05673195654778063,8406
11445,-22.70700000000000074,9.93041682992781105,8407
11446,-21.69500000000000028,9.93501908023952929,8408
11447,-25.61799999999999855,9.93294536901335157,8409
11448,-20.44600000000000151,9.97462942244854567,8410
11449,-24.73900000000000077,10.05534771649634784,8411
11450,-25.84299999999999997,10.22132053485732328,8412
11451,-23.93900000000000006,10.35100716509054486,8413
11452,-22.95299999999999940,10.42061792107683438,8414
11453,-23.70400000000000063,10.46622734703475466,8415
11454,-13.95100000000000051,10.49390543712657120,8416
11455,-9.28550000000000075,10.06681951299344213,8417
11456,-11.10999999999999943,9.66158751495044044,8418
11457,-21.76800000000000068,9.68688783994625702,8419
11458,-13.53500000000000014,9.63838508692825613,8420
11459,-15.38299999999999912,9.67349268054164568,8421
11460,-10.08500000000000085,9.69539606066298632,8422
11461,-11.89300000000000068,9.75757805408572310,8423
11462,-14.36700000000000088,9.78410736767514955,8424
11463,-16.26300000000000168,9.75901027752689032,8425
11464,-16.85999999999999943,9.74391582067310758,8426
11465,-16.34299999999999997,9.76091577427253831,8427
11466,-16.59600000000000009,9.86174327190681765,8428
11467,-17.09400000000000119,9.87283994230988604,8429
11468,-15.31099999999999994,9.89625946309795523,8430
11469,-17.57199999999999918,9.89774849506287957,8431
11470,-16.18599999999999994,9.87660553177853728,8432
11471,-18.46199999999999974,9.94152517003169223,8433
11472,-16.98400000000000176,9.91922618449760662,8434
11473,-16.92500000000000071,9.92905913210958957,8435
11474,-16.12900000000000134,10.01443877067522870,8436
11475,-16.71999999999999886,10.19879807445058617,8437
11476,-18.29899999999999949,10.28776947776336748,8438
11477,-17.51300000000000168,10.22477457453474692,8439
11478,-16.86799999999999855,10.11346706121052108,8440
11479,-17.56400000000000006,9.98537631211957688,8441
11480,-21.45899999999999963,9.86317476831044004,8442
11481,-19.96099999999999852,9.81230419522884389,8443
11482,-20.57400000000000162,9.77775596385237833,8444
11483,-19.67599999999999838,9.70966017695876182,8445
11484,-18.43299999999999983,9.65117191117668582,8446
11485,-18.70200000000000173,9.67707561866553689,8447
11486,-20.22500000000000142,9.69413135376363755,8448
11487,-21.54799999999999827,9.70121944908696499,8449
11488,-20.35800000000000054,9.70831927893121716,8450
11489,-21.68400000000000105,9.72609108625997365,8451
11490,-22.90200000000000102,9.74704763348183079,8452
11491,-23.71000000000000085,9.76544295428622000,8453
11492,-22.38800000000000168,9.79010466543416236,8454
11493,-23.00100000000000122,9.80385371078238776,8455
11494,-23.10300000000000153,9.82075077650200079,8456
11495,-23.46099999999999852,9.86417010858894372,8457
11496,-23.69399999999999906,10.15987943335299626,8458
11497,-23.11799999999999855,10.58682629160235145,8459
11498,-24.31599999999999895,10.46502421838753172,8460
11499,-22.94800000000000040,10.51762310081257112,8461
11500,-23.51599999999999824,10.87508084721410029,8462
11501,-22.96900000000000119,10.98960443354669003,8463
11502,-19.94399999999999906,10.90983751429336834,8464
11503,-16.41300000000000026,10.95550335071180292,8465
11504,-12.76800000000000068,11.01901424105292016,8466
11505,-17.77100000000000080,10.84525498239199415,8467
11506,-19.62500000000000000,10.51792268280017950,16828
11507,-22.00199999999999889,10.30882319584235773,16829
11508,-26.25799999999999912,10.21124137837350077,16830
11509,-25.51599999999999824,10.19457018908081025,16831
11510,-14.49799999999999933,10.07705722173528251,16832
11511,-21.25199999999999889,10.27359836750865973,16833
11512,-24.26500000000000057,10.88894710544315814,16834
11513,-19.88500000000000156,10.89067385736081839,16835
11514,-21.76000000000000156,10.85777583095645937,16836
11515,-23.23999999999999844,10.79527026310534055,16837
11516,-21.86899999999999977,10.69957485330924563,16838
11517,-31.35000000000000142,10.67059814738432522,16839
11518,-30.62900000000000134,10.64056967841744239,16839
11519,-29.94500000000000028,10.56283315985766968,16841
11520,-22.53600000000000136,10.44472272191373641,16842
11521,-24.55300000000000082,10.45120507793188480,16843
11522,-19.63200000000000145,10.45371902273070397,16844
11523,-22.05199999999999960,10.44394427389694435,16845
11524,-22.13700000000000045,10.45176918952765099,16846
11525,-23.23799999999999955,10.44403097581314199,16847
11526,-21.44699999999999918,10.44101722676749411,16848
11527,-19.80799999999999983,10.45854617429072064,16849
11528,-20.70499999999999829,10.47722419551367956,16850
11529,-21.72200000000000131,10.44853849733760498,16851
11530,-23.32199999999999918,10.40315590771447241,16852
11531,-20.68299999999999983,10.30686710013240592,16853
11532,-18.98900000000000077,10.24677164240237737,16854
11533,-16.88599999999999923,10.22256888497338601,16855
11534,-16.81899999999999906,10.21129286392481106,16856
11535,-14.70199999999999996,10.19556633200011930,16857
11536,-16.80600000000000094,10.21065467585486530,16858
11537,-15.57199999999999918,10.20585427294996705,16859
11538,-13.70299999999999940,10.21777451421477778,16860
11539,-14.66999999999999993,10.23623779476590911,16861
11540,-13.66900000000000048,10.25215880388713252,16862
11541,-13.42500000000000071,10.28236193964501233,16863
11542,-13.76699999999999946,10.30974421786503648,16864
11543,-12.53899999999999970,10.35066126525957664,16865
11544,-11.03800000000000026,10.43288933273798236,16866
11545,-10.51600000000000001,10.52637969239187754,16867
11546,-11.57699999999999996,10.63502506356248034,16868
11547,-12.08900000000000041,10.70893560537205502,16869
11548,-12.22000000000000064,10.75339573061319243,16870
11549,-10.74300000000000033,10.79643628283153234,16871
11550,-9.85510000000000019,10.83560204482597555,16872
11551,-10.25099999999999945,10.87747171500455501,16873
11552,-10.82799999999999940,10.92264560178346144,16874
11553,-12.10699999999999932,10.95655369346443209,16875
11554,-15.45100000000000051,10.97334113541080924,16876
11555,-14.63799999999999990,10.97121246555573926,16877
11556,-15.53700000000000081,10.97595838704273952,16878
11557,-14.69400000000000084,10.96735843660099974,16879
11558,-12.31099999999999994,10.95635868129037860,16880
11559,-12.08399999999999963,10.99166407178959481,16881
11560,-12.16200000000000081,11.06578491994077673,16882
11561,-12.36800000000000033,11.11534999436134363,16883
11562,-14.10399999999999920,11.14976786660798247,16884
11563,-12.42300000000000004,11.26164089629822485,16885
11564,-10.82499999999999929,11.52626858270341970,16885
11565,-11.53299999999999947,11.71891506907988401,16887
11566,-10.76699999999999946,11.93158598165237549,16888
11567,-10.85699999999999932,12.01304912107635303,16889
11568,-12.33600000000000030,12.10402813754357965,16890
11569,-12.86899999999999977,12.19964281759006930,16891
11570,-12.13499999999999979,12.35261158099361900,16892
11571,-11.87500000000000000,12.46187680335026826,16893
11572,-12.61800000000000033,12.44564846534607128,11769
11573,-10.35699999999999932,12.40551519894998478,11770
11574,-10.32699999999999996,12.35191326053553595,11771
11575,-9.50489999999999924,12.26675393105729484,11772
11576,-10.12899999999999956,12.16118083173894071,11773
11577,-10.85299999999999976,12.06453433318849378,11774
11578,-10.34999999999999964,12.00303027661159305,11775
11579,-12.66699999999999982,11.93429996938493254,11776
11580,-15.88400000000000034,11.90048196658966617,11777
11581,-18.74500000000000099,11.92473594152074412,11778
11582,-18.57000000000000028,11.91113600032636555,11779
11583,-24.84499999999999886,11.90278450466623994,11780
11584,-26.32000000000000028,11.89524328108125495,11781
11585,-20.82199999999999918,11.86494437430744142,11782
11586,-21.79299999999999926,11.85058165179868972,11783
11587,-23.75799999999999912,11.84356633683676208,11784
11588,-24.57499999999999929,11.82759272591966315,11785
11589,-19.39000000000000057,11.80369080002711257,11786
11590,-21.52100000000000080,11.79528905678261452,11787
11591,-24.03200000000000003,11.78572106784948659,11788
11592,-22.40700000000000003,11.77023013341007918,11789
11593,-21.96699999999999875,11.76399707885225432,11790
11594,-20.38500000000000156,11.75473173987046493,11791
11595,-22.65700000000000003,11.75034989507424044,11792
11596,-21.02299999999999969,11.73998110326146183,11793
11597,-23.32600000000000051,11.78170781409728640,11794
11598,-22.80399999999999849,11.95623937394869607,11795
11599,-22.82300000000000040,12.26260324233324184,11796
11600,-23.23600000000000065,12.36130573217573669,12421
11601,-24.87500000000000000,12.10760683003480231,16923
11602,-24.61499999999999844,11.70714453737817706,16924
11603,-25.88200000000000145,11.39805143979491042,16925
11604,-26.05699999999999861,11.12119116230914351,16926
11605,-24.64600000000000080,10.96256360684474807,16927
11606,-26.92200000000000060,10.93804960711961094,16928
11607,-27.94800000000000040,10.95095622843516381,16929
11608,-27.04700000000000060,10.96048415808238374,16930
11609,-26.25700000000000145,10.95561075778814519,16931
11610,-25.10399999999999920,10.95099539908459363,16932
11611,-24.56599999999999895,10.93966981234032865,16933
11612,-20.63700000000000045,10.91247387197855900,16934
11613,-12.52899999999999991,10.82773188100579631,16935
11614,-9.66910000000000025,10.84992721870409049,16936
11615,-24.83299999999999841,10.90343842538284136,16937
11616,-24.39799999999999969,10.75950483809491587,11712
11617,-16.33200000000000074,10.80153033735405366,11713
11618,-19.06099999999999994,10.76446904970906360,11714
11619,-18.05600000000000094,10.77829837412659053,11715
11620,-19.94699999999999918,10.81164234632259458,11716
11621,-20.22200000000000131,10.78328169836839301,16944
11622,-19.12800000000000011,10.73261809279912171,16945
11623,-19.95499999999999829,10.69302840529322118,16946
11624,-22.13200000000000145,10.67164120926858573,16947
11625,-22.46000000000000085,10.67876051688179118,16948
11626,-21.72899999999999920,10.70010799060756135,16949
11627,-20.15700000000000003,10.72695770056088982,16950
11628,-19.06500000000000128,10.79704530458056055,16950
11629,-20.28999999999999915,10.84836356359162401,16952
11630,-18.08599999999999852,10.96722148915064210,16953
11631,-18.21499999999999986,11.01262120563126068,16954
11632,-17.23000000000000043,11.09890144486932151,16954
11633,-18.60900000000000176,11.22673677529544101,16955
11634,-15.59600000000000009,11.30245223840375957,11730
11635,-14.42099999999999937,11.42356762160633288,11731
11636,-25.15700000000000003,11.42912270644871420,11732
11637,-20.74699999999999989,11.39396005769441622,11733
11638,-16.08299999999999841,11.41857740159190193,11734
11639,-14.65600000000000058,11.43606864746497109,11735
11640,-16.28200000000000003,11.45769123192949834,11736
11641,-16.24399999999999977,11.45425975488086223,11737
11642,-16.76999999999999957,11.45758291858092015,11738
11643,-16.59700000000000131,11.42450859099890081,16965
11644,-14.08999999999999986,11.37725507364509703,16966
11645,-14.12100000000000044,11.33883258585344755,16967
11646,-14.78999999999999915,11.30875253056816021,16968
11647,-15.82300000000000040,11.27334072727018643,16969
11648,-17.50799999999999912,11.24221666789701324,16970
11649,-15.29199999999999982,11.20878227680610628,16971
11650,-14.62700000000000067,11.21595869112202770,16972
11651,-15.60399999999999920,11.19064017577998627,16973
11652,-14.72000000000000064,11.19861072970234694,16974
11653,-14.99000000000000021,11.17479772645022962,16976
11654,-13.74799999999999933,11.12554775363617310,16977
11655,-14.55700000000000038,11.08202710317047313,16978
11656,-14.96199999999999974,11.06799735861267742,16978
11657,-12.54700000000000060,11.14029696614197462,16979
11658,-14.58000000000000007,11.31936120272517066,12166
11659,-11.85100000000000087,11.25149654203354288,12167
11660,-13.68599999999999994,11.15968176411659307,12168
11661,-13.98399999999999999,11.07654266405495491,12169
11662,-13.58000000000000007,10.97445732941475960,12170
11663,-14.26200000000000045,10.89850584493370000,12171
11664,-13.36500000000000021,10.83303881560595272,12172
11665,-13.49900000000000055,10.73293981815885800,12173
11666,-18.71600000000000108,10.63753568392464643,12174
11667,-27.48600000000000065,10.59982114727762159,12175
11668,-25.64799999999999969,10.65328991703599648,12176
11669,-21.10699999999999932,10.69419733874643619,12177
11670,-14.34800000000000075,10.72739540886350618,12178
11671,-17.41900000000000048,10.66893175581032871,12179
11672,-18.89999999999999858,10.65856599510195402,12180
11673,-22.67000000000000171,10.67897162952312939,12181
11674,-24.18100000000000094,10.70552992025877970,12182
11675,-27.25199999999999889,10.73386705475407688,12183
11676,-26.98100000000000165,10.68456132525383140,12184
11677,-28.67899999999999849,10.59993055949910890,12185
11678,-29.79200000000000159,10.51963430341632311,12186
11679,-29.66799999999999926,10.41809891159553736,12187
11680,-25.99699999999999989,10.32024618484910761,12188
11681,-24.66000000000000014,10.25102972278936342,12189
11682,-26.61799999999999855,10.21750676703688043,12190
11683,-25.93599999999999994,10.11190986777498324,12191
11684,-22.69900000000000162,10.01410195010339699,12192
11685,-21.89300000000000068,9.94592917150566969,12193
11686,-20.85800000000000054,9.88553554657439726,12194
11687,-20.60099999999999909,9.86710464567083534,12195
11688,-18.92800000000000082,10.12523799198924124,12196
11689,-18.34900000000000020,10.52481069430601757,12196
11690,-17.61799999999999855,10.86420219078642901,11786
11691,-18.71199999999999974,10.85675319211327228,11787
11692,-17.66000000000000014,11.00641253194687152,11788
11693,-18.95100000000000051,11.10376025127637867,12200
11694,-26.49800000000000111,10.79506651656241445,12201
11695,-36.56199999999999761,10.50774707516591455,12202
11696,-39.17699999999999960,10.12407053858215455,12203
11697,-39.10399999999999920,9.72448591802096729,12204
11698,-39.39699999999999847,9.31537364600564111,12205
11699,-37.84100000000000108,8.97015262686140602,12206
11700,-33.60900000000000176,8.77238877514729687,12206
11701,-35.15500000000000114,8.58943656836830094,12207
11702,-36.19400000000000261,8.39997656927236847,12208
11703,-36.03300000000000125,8.16267630313902792,12209
11704,-39.00399999999999778,7.98109893884234722,12210
11705,-38.68399999999999750,7.83256429519229247,12211
11706,-36.44800000000000040,7.85185303492368014,12212
11707,-31.34700000000000131,7.88475773509900346,12212
11708,-28.19500000000000028,7.89891480529971268,12213
11709,-27.84700000000000131,7.86785899354909635,12214
11710,-33.70499999999999829,7.84665265410466262,12215
11711,-50.05899999999999750,7.89027250942613279,12216
11712,-29.60399999999999920,7.67561643230368595,12217
11713,-26.53200000000000003,7.69909149634910328,12218
11714,-22.72599999999999909,7.71138506664656465,12219
11715,-18.75400000000000134,7.67111084202767657,12221
11716,-18.63200000000000145,7.46799920669481399,12221
11717,-18.09299999999999997,7.41957390178954501,12222
11718,-16.47700000000000031,7.40622446172221860,12223
11719,-18.03800000000000026,7.39963434912691032,12224
11720,-16.39999999999999858,7.39590650078317946,12225
11721,-14.60299999999999976,7.39358570214765454,12226
11722,-14.78299999999999947,7.39023749216348946,12227
11723,-14.40499999999999936,7.38781715006996276,12228
11724,-13.94599999999999973,7.38614165606526996,12229
11725,-12.40799999999999947,7.39158064049872898,12230
11726,-14.36999999999999922,7.39726241188794642,12231
11727,-13.77999999999999936,7.40341576769605769,12232
11728,-12.77100000000000080,7.41057513432479364,12233
11729,-13.22799999999999976,7.41132689352108187,12234
11730,-12.82099999999999973,7.40980641154504305,12235
11731,-12.26099999999999923,7.44180585788338522,12236
11732,-11.90399999999999991,7.47397067116962521,12237
11733,-13.88299999999999912,7.50524923956687395,12238
11734,-12.93699999999999939,7.51205813395278987,12239
11735,-13.76999999999999957,7.54507044024729367,12240
11736,-13.75399999999999956,7.58756005939462952,12241
11737,-14.52800000000000047,7.73221364096584107,12242
11738,-14.15199999999999925,7.83554876585495386,12243
11739,-13.61899999999999977,7.92600943734422980,12244
11740,-13.40700000000000003,7.98313546116627393,12245
11741,-14.25699999999999967,8.02910150499401176,12246
11742,-13.18900000000000006,8.07039030867323071,12247
11743,-13.06300000000000061,8.12489700188651476,12248
11744,-14.60100000000000087,8.15351040180324382,12249
11745,-14.47799999999999976,8.19133458126293768,12250
11746,-14.91200000000000081,8.24890965455291258,12251
11747,-13.42900000000000027,8.31411181605832716,12252
11748,-16.04599999999999937,8.41632136477334214,12253
11749,-15.89700000000000024,8.47552535603858814,12254
11750,-15.49099999999999966,8.53671379313759182,12255
11751,-16.14900000000000091,8.56515450289077229,12256
11752,-14.91399999999999970,8.55445959513237497,12257
11753,-15.25300000000000011,8.56053725996443227,12258
11754,-14.93099999999999916,8.54999565760166824,12259
11755,-15.06300000000000061,8.55445992506679787,12260
11756,-14.49499999999999922,8.55782528927759856,12261
11757,-13.14899999999999913,8.56114574668656125,12262
11758,-16.90299999999999869,8.57417369631837367,12263
11759,-20.07400000000000162,8.56812933064336946,12264
11760,-18.48000000000000043,8.54961017565963388,12265
11761,-20.88100000000000023,8.54087981843548505,12266
11762,-23.58200000000000074,8.51944975184499498,12267
11763,-21.16199999999999903,8.52091031721391978,12268
11764,-20.51899999999999835,8.47466342900751357,12269
11765,-21.68100000000000094,8.47029013472096715,12270
11766,-17.27700000000000102,8.48464958882460429,12271
11767,-18.43599999999999994,8.49093892512024695,12272
11768,-19.37800000000000011,8.49023267834581397,12273
11769,-21.73900000000000077,8.47684754162802179,12274
11770,-20.39300000000000068,8.46898692982259327,12275
11771,-20.46300000000000097,8.45679935531414095,12276
11772,-19.88800000000000168,8.43080886755614856,12277
11773,-20.22800000000000153,8.37925294769075357,12278
11774,-17.43499999999999872,8.33661121655993220,12279
11775,-15.72899999999999920,8.32388050590903106,12280
11776,-16.70100000000000051,8.31014198897543821,12281
11777,-16.15200000000000102,8.31175477735064661,12282
11778,-13.74099999999999966,8.31634396984411062,12283
11779,-16.62500000000000000,8.31570608856623394,12284
11780,-19.07000000000000028,8.24085524675151326,12285
11781,-15.96400000000000041,8.13790331207502504,12286
11782,-17.18100000000000094,8.11056675103698232,12287
11783,-17.22200000000000131,8.08281430450393934,12288
11784,-17.40800000000000125,8.04873912655076218,12289
11785,-15.98600000000000065,8.00564897748350290,12290
11786,-17.29899999999999949,7.99155097036429130,12291
11787,-15.02200000000000024,7.96991370583413072,12292
11788,-17.14399999999999835,7.96399307599847361,12293
11789,-16.34400000000000119,7.95906545126814446,12294
11790,-15.06499999999999950,7.95572007573668394,12295
11791,-14.38000000000000078,7.95489181242425847,12296
11792,-15.84200000000000053,7.95717429301318546,12297
11793,-18.29100000000000037,7.95907773051294232,12298
11794,-18.54799999999999827,7.94736957177398740,12299
11795,-18.28500000000000014,7.94642317063647319,12300
11796,-25.49599999999999866,7.92643515849718394,12301
11797,-31.60399999999999920,7.85231281512295265,12302
11798,-36.51700000000000301,7.82546250918889452,12303
11799,-41.63900000000000290,7.83143307499594510,12304
11800,-47.14900000000000091,7.86457314852542755,12305
11801,-49.07099999999999795,7.97603602626522346,12306
11802,-47.06099999999999994,8.13312713684286948,12307
11803,-46.45000000000000284,8.20358189887816458,11930
11804,-42.28399999999999892,7.44830307270630243,11931
11805,-28.00499999999999901,6.87491185838897945,11931
11806,-18.87099999999999866,6.72818226152453658,11932
11807,-21.27499999999999858,6.73544770444887497,11933
11808,-24.37300000000000111,6.74224135209368836,11934
11809,-23.64099999999999824,6.69209821028340102,11935
11810,-21.16000000000000014,6.67915729082930643,11936
11811,-20.36700000000000088,6.64011049088889482,11937
11812,-20.90599999999999881,6.61132423364594413,11938
11813,-20.86899999999999977,6.60661920869246710,11939
11814,-20.40599999999999881,6.57328145577477230,11941
11815,-16.24200000000000088,6.52511327176287459,11942
11816,-13.83300000000000018,6.49947853354625593,11943
11817,-14.93099999999999916,6.50585403395233186,11944
11818,-16.12000000000000099,6.70488777417117987,11945
11819,-13.73900000000000077,7.09523316339240928,11946
11820,-11.53999999999999915,7.56055456743716459,11947
11821,-9.99929999999999986,7.47803219110496364,11948
11822,-11.17800000000000082,7.26365225071423559,11949
11823,-13.42200000000000060,7.04496304708739363,11950
11824,-14.73700000000000010,6.86258066406689782,11951
11825,-15.52599999999999980,6.66612902336412372,11952
11826,-15.82000000000000028,6.54532472730315096,11953
11827,-17.76200000000000045,6.52285670088001091,11954
11828,-18.34299999999999997,6.56120807462800659,11956
11829,-20.36100000000000065,6.55149054108727658,11957
11830,-17.59600000000000009,6.51579000630716543,11958
11831,-19.13400000000000034,6.50255359146860634,11959
11832,-20.26999999999999957,6.48281724145928084,11960
11833,-19.32400000000000162,6.47030701481540937,11961
11834,-27.34400000000000119,6.46737449831321864,11962
11835,-10.70899999999999963,6.45905573016005619,11963
11836,-5.92260000000000009,6.50217406246141483,11963
11837,-8.58469999999999978,6.52012814170750765,11964
11838,-10.92300000000000004,6.50976802728372483,11965
11839,-13.66799999999999926,6.48834181503908969,11966
11840,-12.32000000000000028,6.45040752362728398,11967
11841,-10.16600000000000037,6.44140127122392769,11968
11842,-7.75190000000000001,6.44423133159612682,11969
11843,-8.88770000000000060,6.45127640446899164,11970
11844,-9.12260000000000026,6.45856962700653892,11971
11845,-9.36999999999999922,6.46656232949836873,11972
11846,-9.98930000000000007,6.47136759909893833,11973
11847,-8.25559999999999938,6.47031739656473714,11974
11848,-7.54790000000000028,6.47364864868244805,11975
11849,-6.47280000000000033,6.48431358904938460,11976
11850,-8.35539999999999949,6.49679214778661152,11977
11851,-8.07419999999999938,6.46637807077026672,11979
11852,-9.19350000000000023,6.48642818410805688,11980
11853,-8.37720000000000020,6.51149681780790512,11981
11854,-9.69239999999999924,6.56390659805826893,11982
11855,-10.00099999999999945,6.58553707811118105,11983
11856,-9.95710000000000051,6.58624752369747402,11984
11857,-11.99099999999999966,6.58472925765097639,11985
11858,-11.79899999999999949,6.58002311887821634,11986
11859,-11.47199999999999953,6.58695583920463701,11987
11860,-11.26999999999999957,6.59503737359473607,11988
11861,-10.99000000000000021,6.60734121457030099,11989
11862,-13.56400000000000006,6.61397599563712912,11990
11863,-14.33399999999999963,6.62776975494161924,11991
11864,-12.98199999999999932,6.62865893077738111,11992
11865,-10.73399999999999999,6.63650480428088319,11993
11866,-7.55449999999999999,6.67558896019333670,11994
11867,-5.41009999999999991,6.76670584600530756,11995
11868,-7.90420000000000034,6.83385356083408180,11996
11869,-6.05750000000000011,6.85758212316847349,11997
11870,-10.70400000000000063,6.86520842573215173,11998
11871,-11.68399999999999928,6.88767095229197146,11999
11872,-12.50300000000000011,6.88803452200890387,12000
11873,-14.12400000000000055,6.89161075649578247,12001
11874,-12.36400000000000077,6.89349029469842378,12002
11875,-15.46499999999999986,6.89149166520956058,12003
11876,-16.26300000000000168,6.89429571030554111,12004
11877,-15.96299999999999919,6.89442737320758336,12005
11878,-16.97599999999999909,6.89224061114112097,12006
11879,-17.28099999999999881,6.88312501982880320,12007
11880,-17.13700000000000045,6.87220289876723900,12008
11881,-16.33099999999999952,6.86608845089177855,12009
11882,-17.89099999999999824,6.86353877835559967,12010
11883,-17.97100000000000009,6.87832732501860278,12011
11884,-16.59100000000000108,6.95032149401813459,12012
11885,-12.12199999999999989,7.14528251239973322,12012
11886,-10.25799999999999912,7.48685032335157441,12013
11887,-11.90499999999999936,7.76388238405441822,12015
11888,-10.41300000000000026,7.96538241203808450,12016
11889,-10.95899999999999963,8.01137459264439045,12017
11890,-13.40399999999999991,8.00975012219902105,12018
11891,-33.42499999999999716,7.79601588227568243,12019
11892,-46.41799999999999926,7.80406157835853964,12020
11893,-52.40500000000000114,7.97598980229524468,12021
11894,-53.39200000000000301,8.33686734285086573,12022
11895,-53.38000000000000256,8.63128278800303406,12023
11896,-52.87100000000000222,8.88774906753178584,12024
11897,-53.16700000000000159,9.14198601110009257,12026
11898,-51.37400000000000233,9.22010807615141204,12027
11899,-55.43200000000000216,9.13135246856825233,12028
11900,-46.23400000000000176,8.59662534397331513,12029
11901,-31.85099999999999909,8.29799186199083572,12030
11902,-22.78800000000000026,8.29161672384513082,12031
11903,-26.64499999999999957,8.28895451701706065,12032
11904,-24.45899999999999963,8.28909369158361109,12033
11905,-22.32199999999999918,8.27080486376110713,12034
11906,-23.35500000000000043,8.25688700296020350,12035
11907,-21.84299999999999997,8.24323520695713974,12036
11908,-21.03999999999999915,8.25033220297582837,12037
11909,-20.03000000000000114,8.23529181212805206,12038
11910,-21.27899999999999991,8.21943905916497997,12039
11911,-20.28500000000000014,8.21129720565659227,12040
11912,-20.60099999999999909,8.20017457918804382,12041
11913,-20.63200000000000145,8.21294605961898938,12042
11914,-21.46600000000000108,8.23781849988103509,12043
11915,-20.16400000000000148,8.24855215279741039,12044
11916,-21.26000000000000156,8.25482335831138769,12045
11917,-21.16700000000000159,8.35306252518622294,12046
11918,-22.28000000000000114,8.43131695573417872,12047
11919,-23.34100000000000108,8.52288704708320566,12048
11920,-24.35999999999999943,8.61286367956775401,12049
11921,-24.28399999999999892,8.67743729254186213,12050
11922,-23.89199999999999946,8.72428548024844908,12051
11923,-23.94399999999999906,8.72303846223652180,12052
11924,-21.25400000000000134,8.66086431405783053,12053
11925,-17.55699999999999861,8.59775550846785919,12054
11926,-13.20899999999999963,8.56923365338800913,12055
11927,-9.66670000000000051,8.58470948809953072,12056
11928,-11.23399999999999999,8.63412426347662709,12057
11929,-9.28480000000000061,8.31960288701918138,11803
11930,-9.74349999999999916,7.55929923744901000,11804
11931,-13.09099999999999930,6.87491185838897945,11805
11932,-13.86100000000000065,6.72818226152453658,11806
11933,-16.69399999999999906,6.73544770444887497,11807
11934,-15.71499999999999986,6.74224135209368836,11808
11935,-18.10500000000000043,6.69209821028340102,11809
11936,-13.28500000000000014,6.67915729082930643,11810
11937,-13.83399999999999963,6.64011049088889482,11811
11938,-14.44800000000000040,6.61132423364594413,11812
11939,-14.45599999999999952,6.60661920869246710,11813
11940,-13.46199999999999974,6.57983190599590984,11814
11941,-12.47000000000000064,6.54279384946175568,11815
11942,-10.69299999999999962,6.52511327176287459,11815
11943,-12.55100000000000016,6.49947853354625593,11816
11944,-11.23099999999999987,6.50585403395233186,11817
11945,-10.68800000000000061,6.70488777417117987,11818
11946,-10.83300000000000018,7.09523316339240928,11819
11947,-11.67300000000000004,7.56055456743716459,11820
11948,-11.25200000000000067,7.47803219110496364,11821
11949,-9.49770000000000003,7.26365225071423559,11822
11950,-12.26699999999999946,7.04496304708739363,11823
11951,-11.40499999999999936,6.86258066406689782,11824
11952,-11.03400000000000070,6.66612902336412372,11825
11953,-11.58600000000000030,6.54532472730315096,11826
11954,-10.57099999999999973,6.52285670088001091,11827
11955,-11.40300000000000047,6.57625299032098365,11828
11956,-14.30799999999999983,6.56120807462800659,11828
11957,-12.57600000000000051,6.55149054108727658,11829
11958,-14.41699999999999982,6.51579000630716543,11830
11959,-14.27100000000000080,6.50255359146860634,11831
11960,-14.53400000000000070,6.48281724145928084,11832
11961,-17.17599999999999838,6.47030701481540937,11833
11962,-21.97700000000000031,6.46737449831321864,11834
11963,-5.06430000000000025,6.45905573016005619,11835
11964,-2.13949999999999996,6.44945242788100970,11836
11965,-3.66769999999999996,6.45793791401264006,11837
11966,-4.66990000000000016,6.45418472351723249,11838
11967,-6.42250000000000032,6.43862533498415068,11839
11968,-8.07929999999999993,6.41505469059710443,11840
11969,-7.36540000000000017,6.40878101400422828,11841
11970,-7.62309999999999999,6.40729554483500863,11842
11971,-7.27080000000000037,6.42005466941768432,11843
11972,-8.10270000000000046,6.42668820723860090,11844
11973,-6.20220000000000038,6.43217679754162575,11845
11974,-4.91889999999999983,6.43368817328375453,11846
11975,-5.83769999999999989,6.42474136265275142,11847
11976,-3.74429999999999996,6.43280501497987967,11848
11977,-2.75479999999999992,6.43795457425461404,11849
11978,-5.81379999999999963,6.44875828705317122,11850
11979,-10.47899999999999920,6.46637807077026672,11851
11980,-5.45819999999999972,6.48642818410805688,11852
11981,-4.33450000000000024,6.51149681780790512,11853
11982,-5.04879999999999995,6.56390659805826893,11854
11983,-7.62530000000000019,6.58553707811118105,11855
11984,-11.52500000000000036,6.58624752369747402,11856
11985,-11.77299999999999969,6.58472925765097639,11857
11986,-11.59399999999999942,6.58002311887821634,11858
11987,-12.96799999999999997,6.58695583920463701,11859
11988,-12.13400000000000034,6.59503737359473607,11860
11989,-14.20899999999999963,6.60734121457030099,11861
11990,-14.46599999999999930,6.61397599563712912,11862
11991,-12.76500000000000057,6.62776975494161924,11863
11992,-13.40799999999999947,6.62865893077738111,11864
11993,-13.78299999999999947,6.63650480428088319,11865
11994,-10.35500000000000043,6.67558896019333670,11866
11995,-8.95350000000000001,6.76670584600530756,11867
11996,-9.09089999999999954,6.83385356083408180,11868
11997,-10.63000000000000078,6.85758212316847349,11869
11998,-12.87199999999999989,6.86520842573215173,11870
11999,-15.55599999999999916,6.88767095229197146,11871
12000,-16.95700000000000074,6.88803452200890387,11872
12001,-17.26300000000000168,6.89161075649578247,11873
12002,-16.44399999999999906,6.89349029469842378,11874
12003,-17.26300000000000168,6.89149166520956058,11875
12004,-18.55000000000000071,6.89429571030554111,11876
12005,-15.87599999999999945,6.89442737320758336,11877
12006,-14.43900000000000006,6.89224061114112097,11878
12007,-13.18999999999999950,6.88312501982880320,11879
12008,-16.00600000000000023,6.87220289876723900,11880
12009,-17.83099999999999952,6.86608845089177855,11881
12010,-17.53699999999999903,6.86353877835559967,11882
12011,-15.65199999999999925,6.87832732501860278,11883
12012,-9.86969999999999992,6.95032149401813459,11884
12013,-12.13899999999999935,7.15224059814424695,11885
12014,-13.12800000000000011,7.49600674839996373,11886
12015,-12.67500000000000071,7.76388238405441822,11887
12016,-14.17500000000000071,7.96538241203808450,11888
12017,-27.25600000000000023,8.01137459264439045,11889
12018,-39.03999999999999915,8.00975012219902105,11890
12019,-50.28000000000000114,7.79601588227568243,11891
12020,-54.73899999999999721,7.80406157835853964,11892
12021,-55.12299999999999756,7.97598980229524468,11893
12022,-53.92699999999999960,8.17884024847773006,11893
12023,-51.99499999999999744,8.44951132978669506,11894
12024,-54.61200000000000188,8.69586630191863286,11895
12025,-47.04800000000000182,8.95375617057053041,11896
12026,-39.63799999999999812,9.14198601110009257,11897
12027,-31.57400000000000162,9.22010807615141204,11898
12028,-22.22899999999999920,9.13135246856825233,11899
12029,-23.17099999999999937,8.59662534397331513,11900
12030,-26.70899999999999963,8.29799186199083572,11901
12031,-26.01399999999999935,8.29161672384513082,11902
12032,-26.25900000000000034,8.28895451701706065,11903
12033,-22.64300000000000068,8.28909369158361109,11904
12034,-22.71999999999999886,8.27080486376110713,11905
12035,-21.87399999999999878,8.25688700296020350,11906
12036,-23.65700000000000003,8.24323520695713974,11907
12037,-22.27700000000000102,8.25033220297582837,11908
12038,-21.97500000000000142,8.23529181212805206,11909
12039,-24.50900000000000034,8.21943905916497997,11910
12040,-25.50799999999999912,8.21129720565659227,11911
12041,-24.73999999999999844,8.20017457918804382,11912
12042,-24.70400000000000063,8.21294605961898938,11913
12043,-23.04599999999999937,8.23781849988103509,11914
12044,-24.45200000000000173,8.24855215279741039,11915
12045,-23.85800000000000054,8.25482335831138769,11916
12046,-24.35300000000000153,8.35306252518622294,11917
12047,-25.19500000000000028,8.43131695573417872,11918
12048,-22.01599999999999824,8.52288704708320566,11919
12049,-21.50000000000000000,8.61286367956775401,11920
12050,-20.21300000000000097,8.67743729254186213,11921
12051,-19.05699999999999861,8.72428548024844908,11922
12052,-15.93900000000000006,8.72303846223652180,11923
12053,-12.98499999999999943,8.66086431405783053,11924
12054,-11.21100000000000030,8.59775550846785919,11925
12055,-12.03800000000000026,8.56923365338800913,11926
12056,-9.11619999999999919,8.58470948809953072,11927
12057,-9.26190000000000069,8.63412426347662709,11928
12058,-13.38799999999999990,8.69440103449832158,11929
12059,-13.81499999999999950,8.76518363883930185,11930
12060,-13.62299999999999933,8.80959234417682779,11931
12061,-14.49300000000000033,8.87648357842630276,11932
12062,-13.12400000000000055,8.93765723328446171,11933
12063,-11.46700000000000053,8.98047184252187591,11934
12064,-11.58200000000000074,8.98301221315257337,11935
12065,-14.58200000000000074,8.95965011809821377,11936
12066,-18.65899999999999892,8.96074722302907922,11937
12067,-18.96099999999999852,8.96259511877564385,11938
12068,-19.97599999999999909,8.95771190362455272,11939
12069,-16.48999999999999844,8.94715736076394563,11940
12070,-16.76599999999999824,8.94545200721843869,11941
12071,-17.01500000000000057,8.96346685346770755,11942
12072,-15.99699999999999989,8.97064726704863169,11943
12073,-16.34299999999999997,8.99412810227365433,11944
12074,-13.31700000000000017,9.01444128967885483,11945
12075,-13.61899999999999977,9.02009118734161319,11946
12076,-11.10299999999999976,9.04144588987533382,11947
12077,-12.47400000000000020,9.18429541740413846,11947
12078,-10.17900000000000027,9.64766624886871682,11948
12079,-12.68699999999999939,10.30280872528901526,11949
12080,-11.83900000000000041,10.97294181023648640,11950
12081,-14.46899999999999942,11.54067893496897845,11951
12082,-13.57199999999999918,12.00418061821680027,12331
12083,-19.90700000000000003,12.06336796151984814,12332
12084,-19.88200000000000145,12.22887239277872951,12333
12085,-14.87400000000000055,12.28918566445673832,12334
12086,-15.42999999999999972,12.38250829285161814,12335
12087,-15.03500000000000014,12.49355362985051876,12336
12088,-16.26699999999999946,12.60434204789245705,12337
12089,-14.51399999999999935,12.72957242718014115,12338
12090,-16.66100000000000136,12.77957430047425369,12339
12091,-17.85399999999999920,12.79374042677445189,12340
12092,-27.12800000000000011,12.78976511152208850,12341
12093,-7.25630000000000042,12.77996898360944122,12342
12094,-6.55309999999999970,12.72859843854688222,12343
12095,-6.41260000000000030,12.69875099345523317,12344
12096,-8.66430000000000078,12.73536300540442490,12345
12097,-6.73379999999999956,12.75263387557549954,12346
12098,-7.95089999999999986,12.76541732074693769,59
12099,-6.96279999999999966,12.77108298234035821,60
12100,-5.74460000000000015,12.80200979023256025,61
12101,-6.36570000000000036,12.77343104136755869,61
12102,-4.82910000000000039,12.79279200265528971,62
12103,-2.74270000000000014,12.92496778328514928,64
12104,-4.62129999999999974,13.02071937911899902,65
12105,-4.15679999999999961,12.97854380289766496,2263
12106,-2.34649999999999981,13.05426167142938709,2264
12107,-1.53509999999999991,13.34784078070025437,2265
12108,-2.97339999999999982,13.29951795400838677,2267
12109,-5.87600000000000033,13.33745297837329602,2267
12110,-7.76609999999999978,13.16213140341224452,6456
12111,-8.38439999999999941,12.85849059950462170,6457
12112,-11.07099999999999973,12.58632641227593041,6457
12113,-12.29299999999999926,12.45561691863307274,6457
12114,-10.59800000000000075,12.40716531460637384,6458
12115,-10.42500000000000071,12.43130245047778004,6459
12116,-18.86899999999999977,12.43079106915506316,6460
12117,-15.94800000000000040,12.44052338440483751,6461
12118,-15.86400000000000077,12.43167962822240113,6462
12119,-17.29299999999999926,12.43755069509592381,6463
12120,-15.65600000000000058,12.45020602753518446,6464
12121,-14.87700000000000067,12.45622327284977970,6465
12122,-11.52500000000000036,12.45862458103728621,6466
12123,-5.28669999999999973,12.46805134829174833,6467
12124,-6.54999999999999982,12.44624989003921911,6468
12125,-11.64000000000000057,12.46150152961086199,6469
12126,-14.47899999999999920,12.49632032875317655,6470
12127,-15.79700000000000060,12.55610472135741595,11715
12128,-17.60000000000000142,12.56290571226163522,11716
12129,-18.12099999999999866,12.58612510211999869,11717
12130,-16.75900000000000034,12.62322940351136147,11718
12131,-18.64499999999999957,12.66446419607451723,11719
12132,-19.80799999999999983,12.66554210929679591,11720
12133,-17.89300000000000068,12.65022792792562178,11721
12134,-16.73100000000000165,12.65559118943784966,11722
12135,-15.39700000000000024,12.67725911009699047,11723
12136,-14.44699999999999918,12.69944754280046872,11724
12137,-17.53399999999999892,12.71193689394605286,11725
12138,-15.73700000000000010,12.70639908192978851,11726
12139,-14.68299999999999983,12.70868774940272061,11727
12140,-14.49300000000000033,12.72979966292627019,11728
12141,-10.96100000000000030,12.75149943755933890,11729
12142,-12.02899999999999991,12.79787952774599802,11730
12143,-11.00999999999999979,12.85828054658232666,11731
12144,-10.84500000000000064,12.88505091948741388,11732
12145,-14.58699999999999974,12.89747646956194949,11733
12146,-20.97700000000000031,12.92313871957435367,11734
12147,-39.75300000000000011,12.90476515679896785,11735
12148,-48.28699999999999903,12.75892084310581076,11736
12149,-52.40699999999999648,12.48629264324323174,11737
12150,-51.09700000000000131,12.14420576834648102,11738
12151,-53.49900000000000233,11.78338285028056731,11739
12152,-51.20000000000000284,11.32005544583007506,11740
12153,-50.28099999999999881,10.84144796919770926,11741
12154,-46.76899999999999835,10.35395128572738166,11742
12155,-40.72200000000000131,9.85891689905387381,11743
12156,-24.85800000000000054,9.49240328112160725,11744
12157,-22.55300000000000082,9.42302616886981426,11745
12158,-25.09100000000000108,9.36647767918637442,11746
12159,-24.67800000000000082,9.28746686505694008,11747
12160,-21.70899999999999963,9.20605453013988573,11748
12161,-20.76300000000000168,9.16487787760667239,11749
12162,-20.63800000000000168,9.11980694758966415,11750
12163,-20.41600000000000037,9.09380813055838999,11751
12164,-21.96999999999999886,9.06319025953941626,11752
12165,-22.36199999999999832,9.01135631978725371,11753
12166,-21.61499999999999844,8.96203967365727650,11754
12167,-21.42899999999999849,8.90621638477366062,11755
12168,-22.66900000000000048,8.85608195402011766,11756
12169,-23.77499999999999858,8.79579419922993289,11757
12170,-21.76999999999999957,8.70229369935432295,11758
12171,-21.89399999999999835,8.67201463091149272,11759
12172,-23.16900000000000048,8.68062230613300478,11760
12173,-22.76999999999999957,8.67348929086113252,11761
12174,-23.66400000000000148,8.68144793321717678,11762
12175,-22.78800000000000026,8.73859618727318832,11763
12176,-21.74399999999999977,8.76460122551332965,11764
12177,-23.97400000000000020,8.83207467489628506,11765
12178,-24.85500000000000043,8.88084920391151478,11766
12179,-24.02400000000000091,8.90474834573775276,11767
12180,-22.71099999999999852,8.94383477651667746,11768
12181,-22.98499999999999943,9.00320708075296494,11769
12182,-18.90500000000000114,9.07281526143806438,11770
12183,-11.37100000000000044,9.12276602707573758,11771
12184,-7.59309999999999974,9.16581373710808833,11772
12185,-10.46000000000000085,9.20711414153750773,11773
12186,-10.74699999999999989,9.26165700052418828,11774
12187,-10.90000000000000036,9.33041416748652530,11775
12188,-9.79710000000000036,9.41238758823357990,11776
12189,-11.18500000000000050,9.49576121431176290,11777
12190,-8.06910000000000061,9.61428988829297104,11778
12191,-8.00070000000000014,9.62667014675941779,11779
12192,-7.24789999999999957,9.60880832170925814,11780
12193,-6.15200000000000014,9.59843653163265920,11781
12194,-6.47459999999999969,9.61512099831550948,11782
12195,-8.93280000000000030,9.63964344283512453,11783
12196,-15.70500000000000007,9.95764250995646805,11784
12197,-18.65800000000000125,10.37088672236880527,11785
12198,-22.77700000000000102,10.88198085159203288,11786
12199,-19.67999999999999972,11.21111688193222555,11693
12200,-20.63500000000000156,10.89611121485178913,11694
12201,-19.61899999999999977,10.60199362601904305,11695
12202,-16.61799999999999855,10.26492366881949714,11696
12203,-17.00300000000000011,9.86096904295651377,11697
12204,-15.03400000000000070,9.47141099375170548,11698
12205,-14.14000000000000057,9.07368868040476428,11699
12206,-12.35399999999999920,8.77238877514729687,11700
12207,-10.15300000000000047,8.58943656836830094,11701
12208,-10.49399999999999977,8.39997656927236847,11702
12209,-13.93999999999999950,8.16267630313902792,11703
12210,-19.41199999999999903,7.98109893884234722,11704
12211,-32.66199999999999903,7.83256429519229247,11705
12212,-42.09000000000000341,7.85185303492368014,11706
12213,-42.49600000000000222,7.89891480529971268,11708
12214,-40.77499999999999858,7.86785899354909635,11709
12215,-37.52400000000000091,7.84665265410466262,11710
12216,-27.33500000000000085,7.89027250942613279,11711
12217,-30.81800000000000139,7.67561643230368595,11712
12218,-27.50300000000000011,7.69909149634910328,11713
12219,-29.59600000000000009,7.71138506664656465,11714
12220,-41.69200000000000017,7.69669978161819657,11715
12221,-27.71499999999999986,7.46799920669481399,11716
12222,-21.48699999999999832,7.41957390178954501,11717
12223,-17.59900000000000020,7.40622446172221860,11718
12224,-14.90700000000000003,7.39963434912691032,11719
12225,-11.80000000000000071,7.39590650078317946,11720
12226,-10.56799999999999962,7.39358570214765454,11721
12227,-10.94200000000000017,7.39023749216348946,11722
12228,-11.49499999999999922,7.38781715006996276,11723
12229,-11.22199999999999953,7.38614165606526996,11724
12230,-11.27999999999999936,7.39158064049872898,11725
12231,-9.88599999999999923,7.39726241188794642,11726
12232,-8.61969999999999992,7.40341576769605769,11727
12233,-8.59040000000000070,7.41057513432479364,11728
12234,-8.47369999999999912,7.41132689352108187,11729
12235,-8.51520000000000010,7.40980641154504305,11730
12236,-9.60679999999999978,7.44180585788338522,11731
12237,-7.92670000000000030,7.47397067116962521,11732
12238,-8.13449999999999918,7.50524923956687395,11733
12239,-6.51189999999999980,7.51205813395278987,11734
12240,-7.49929999999999986,7.54507044024729367,11735
12241,-6.43109999999999982,7.58756005939462952,11736
12242,-6.30879999999999974,7.73221364096584107,11737
12243,-6.47010000000000041,7.83554876585495386,11738
12244,-6.34719999999999995,7.92600943734422980,11739
12245,-7.39839999999999964,7.98313546116627393,11740
12246,-5.33260000000000023,8.02910150499401176,11741
12247,-4.25389999999999979,8.07039030867323071,11742
12248,-5.46140000000000025,8.12489700188651476,11743
12249,-5.02899999999999991,8.15351040180324382,11744
12250,-4.84919999999999973,8.19133458126293768,11745
12251,-5.34070000000000000,8.24890965455291258,11746
12252,-7.28329999999999966,8.31411181605832716,11747
12253,-8.24039999999999928,8.41632136477334214,11748
12254,-8.65809999999999924,8.47552535603858814,11749
12255,-9.52510000000000012,8.53671379313759182,11750
12256,-7.54429999999999978,8.56515450289077229,11751
12257,-7.97269999999999968,8.55445959513237497,11752
12258,-7.12619999999999987,8.56053725996443227,11753
12259,-7.82749999999999968,8.54999565760166824,11754
12260,-8.07450000000000045,8.55445992506679787,11755
12261,-9.75380000000000003,8.55782528927759856,11756
12262,-8.26600000000000001,8.56114574668656125,11757
12263,-12.18399999999999928,8.57417369631837367,11758
12264,-13.33000000000000007,8.56812933064336946,11759
12265,-13.67999999999999972,8.54961017565963388,11760
12266,-13.99499999999999922,8.54087981843548505,11761
12267,-14.66399999999999970,8.51944975184499498,11762
12268,-15.41000000000000014,8.52091031721391978,11763
12269,-16.58899999999999864,8.47466342900751357,11764
12270,-18.60600000000000165,8.47029013472096715,11765
12271,-19.50400000000000134,8.48464958882460429,11766
12272,-19.04400000000000048,8.49093892512024695,11767
12273,-19.25000000000000000,8.49023267834581397,11768
12274,-18.55199999999999960,8.47684754162802179,11769
12275,-15.29700000000000060,8.46898692982259327,11770
12276,-12.57000000000000028,8.45679935531414095,11771
12277,-9.27679999999999971,8.43080886755614856,11772
12278,-9.38400000000000034,8.37925294769075357,11773
12279,-9.61369999999999969,8.33661121655993220,11774
12280,-8.97259999999999991,8.32388050590903106,11775
12281,-9.59179999999999922,8.31014198897543821,11776
12282,-9.14070000000000071,8.31175477735064661,11777
12283,-5.54670000000000041,8.31634396984411062,11778
12284,-3.35700000000000021,8.31570608856623394,11779
12285,-2.71249999999999991,8.24085524675151326,11780
12286,-6.40240000000000009,8.13790331207502504,11781
12287,-8.25590000000000046,8.11056675103698232,11782
12288,-8.51149999999999984,8.08281430450393934,11783
12289,-9.46230000000000082,8.04873912655076218,11784
12290,-11.33399999999999963,8.00564897748350290,11785
12291,-12.12800000000000011,7.99155097036429130,11786
12292,-13.33900000000000041,7.96991370583413072,11787
12293,-15.47000000000000064,7.96399307599847361,11788
12294,-16.08999999999999986,7.95906545126814446,11789
12295,-17.74299999999999855,7.95572007573668394,11790
12296,-16.97700000000000031,7.95489181242425847,11791
12297,-16.80900000000000105,7.95717429301318546,11792
12298,-14.78599999999999959,7.95907773051294232,11793
12299,-15.55199999999999960,7.94736957177398740,11794
12300,-10.00099999999999945,7.94642317063647319,11795
12301,-13.59999999999999964,7.92643515849718394,11796
12302,-23.28200000000000003,7.85231281512295265,11797
12303,-30.20799999999999841,7.82546250918889452,11798
12304,-36.05100000000000193,7.83143307499594510,11799
12305,-44.48599999999999710,7.86457314852542755,11800
12306,-48.21300000000000097,7.97603602626522346,11801
12307,-49.43999999999999773,8.13312713684286948,11802
12308,-49.68500000000000227,8.31108941055157402,11803
12309,-46.13499999999999801,8.50039422255192534,11804
12310,-48.53699999999999903,8.65495265523406765,11805
12311,-45.99799999999999756,8.41610528460620166,11807
12312,-40.43299999999999983,8.21175036831155047,11808
12313,-24.35800000000000054,8.18136291609405397,11809
12314,-19.97500000000000142,8.21802631877230461,11810
12315,-20.60999999999999943,8.21983578684580785,11811
12316,-19.37399999999999878,8.22571499449897736,11812
12317,-23.71499999999999986,8.23572072745074912,11812
12318,-21.25799999999999912,8.31396803258322592,11813
12319,-20.04299999999999926,8.38411744702399986,11814
12320,-20.26599999999999824,8.48161904828223356,11815
12321,-21.89699999999999847,8.55383001024016387,11817
12322,-21.83899999999999864,8.52843436425379586,11818
12323,-25.81599999999999895,8.59254406461056774,11818
12324,-24.50700000000000145,8.68409267227202086,11819
12325,-23.11100000000000065,9.00491664781598011,11820
12326,-15.86100000000000065,9.02307909250791695,11947
12327,-14.38000000000000078,9.14789246026507996,11948
12328,-11.66999999999999993,9.49655546606948597,11949
12329,-8.64109999999999978,9.95381741411125809,11950
12330,-9.50510000000000055,10.36767805565997236,11951
12331,-19.91100000000000136,10.62466423682371897,11827
12332,-26.50799999999999912,10.61023356604036039,11828
12333,-18.56700000000000017,10.60034435223494853,11829
12334,-14.96799999999999997,10.59747427388351149,11830
12335,-15.34900000000000020,10.58564213661932030,11831
12336,-15.68399999999999928,10.55947897070259955,11832
12337,-15.24900000000000055,10.53012531883240399,11833
12338,-16.37699999999999889,10.53169264968322238,11834
12339,-18.18799999999999883,10.48107984489888089,11835
12340,-19.32900000000000063,10.47087757788310824,11836
12341,-20.96099999999999852,10.46765736121739998,11837
12342,-23.49099999999999966,10.44570821474748890,11838
12343,-20.38299999999999912,10.40895096560426936,11839
12344,-2.33210000000000006,10.42169472188789392,11840
12345,-2.96329999999999982,10.41427330458852119,11841
12346,-8.68069999999999986,10.42843988680760781,11842
12347,-12.58900000000000041,10.48171200109787016,11843
12348,-12.69699999999999918,10.50660875342513023,11844
12349,-10.84099999999999930,10.54866050233428609,11845
12350,-9.17500000000000071,10.58364569347032536,11846
12351,-6.94439999999999991,10.64118710692545378,11847
12352,-6.89459999999999962,10.70293531467737047,11848
12353,-5.09360000000000035,10.75713346219835032,11849
12354,-3.65090000000000003,10.81745213920678061,11850
12355,-2.95000000000000018,10.85939037111817917,11851
12356,-1.37509999999999999,10.90268303335625966,11852
12357,-2.07249999999999979,10.91512479935604674,11853
12358,-2.59960000000000013,10.92096853421846170,11854
12359,-1.31289999999999996,10.91015498648830473,11855
12360,-4.57209999999999983,10.89177840145880083,11856
12361,-3.91940000000000000,10.87810804694458788,11857
12362,-2.90879999999999983,10.84421421925147300,11858
12363,-4.01339999999999986,10.83182773256354814,11859
12364,-10.03700000000000081,10.83054073484539082,11860
12365,-11.13000000000000078,10.84729872245339521,11861
12366,-7.10649999999999959,10.86282677603933600,11862
12367,-8.45780000000000065,10.84743402095981679,11863
12368,-8.76999999999999957,10.82524238454385213,11864
12369,-5.77580000000000027,10.81324186648968144,11865
12370,-8.20850000000000080,10.82091609902711937,11866
12371,-3.37840000000000007,10.86828424220939482,11867
12372,-3.30449999999999999,10.94132020238963854,11868
12373,-7.72829999999999995,11.00494567594332374,11869
12374,-8.24430000000000085,11.05284010513813975,11870
12375,-11.57900000000000063,11.07949041011086777,11871
12376,-12.70599999999999952,11.10281740808737538,11872
12377,-12.71499999999999986,11.12421601077592292,11873
12378,-14.96199999999999974,11.14142768297848818,11874
12379,-16.17299999999999827,11.14325241134447886,11875
12380,-17.97599999999999909,11.13937132397195739,11876
12381,-17.19300000000000139,11.12844091408089398,11877
12382,-15.60299999999999976,11.12037669280575081,11878
12383,-16.40500000000000114,11.10774789892576564,11879
12384,-18.90599999999999881,11.10253865522011552,11880
12385,-17.14499999999999957,11.09253661479357511,11881
12386,-16.19200000000000017,11.08956417276282380,11882
12387,-17.65299999999999869,11.08158353435805132,11883
12388,-16.71999999999999886,11.09002895376901066,11884
12389,-18.11700000000000088,11.09255318536649604,11885
12390,-11.54599999999999937,11.08871253707398630,11886
12391,-11.24000000000000021,11.10460103627871220,11887
12392,-13.23000000000000043,11.11893197688822887,11888
12393,-13.59999999999999964,11.13101454906967014,11889
12394,-15.66000000000000014,11.14348988325561862,11890
12395,-34.58299999999999841,11.14923521795116379,11891
12396,-43.53399999999999892,11.12396671174370333,11891
12397,-50.21399999999999864,11.15241507114616049,11892
12398,-49.41499999999999915,11.36340260722928264,11893
12399,-51.29800000000000182,11.68008587678593990,11894
12400,-51.94100000000000250,11.57956041336741393,7339
12401,-52.06400000000000006,10.95570667972615553,7340
12402,-53.51899999999999835,10.81342744152713387,7340
12403,-54.49399999999999977,10.92635742715480518,7341
12404,-53.54999999999999716,11.10240409777644999,7341
12405,-46.07900000000000063,11.59408784813729554,7342
12406,-36.60099999999999909,11.24537165730978572,13674
12407,-21.88899999999999935,10.53303552165440671,13675
12408,-21.94200000000000017,10.47523860913759464,13676
12409,-22.45400000000000063,10.42709281851406899,13677
12410,-21.61400000000000077,10.43399361482472543,13677
12411,-20.40299999999999869,10.43786786515626908,13678
12412,-19.78399999999999892,10.44000672040566968,13679
12413,-18.79400000000000048,10.44251643049893019,13680
12414,-22.11799999999999855,10.44423483326540847,13681
12415,-19.21699999999999875,10.44865767935878154,13682
12416,-19.47800000000000153,10.43587138604453202,13683
12417,-20.91900000000000048,10.41993459981445014,13684
12418,-20.38299999999999912,10.42886887931500439,13685
12419,-19.96399999999999864,10.45855785257408144,13687
12420,-20.91700000000000159,10.44067267794421561,13687
12421,-20.07499999999999929,10.43542004389053979,13689
12422,-19.84799999999999898,10.42370792955832215,13689
12423,-19.82199999999999918,10.39574966931895617,13691
12424,-21.50400000000000134,10.36876928730539760,13691
12425,-21.18499999999999872,10.38341800292630701,13692
12426,-24.18900000000000006,10.30682109410286529,13693
12427,-23.26999999999999957,10.31809619888035812,13694
12428,-25.04200000000000159,10.34714918765147473,13695
12429,-22.95400000000000063,10.40502077593007613,13696
12430,-17.62800000000000011,10.45532588177859168,13697
12431,-13.85200000000000031,10.43493699313503420,13698
12432,-11.24399999999999977,10.30624479811168293,13699
12433,-9.97439999999999927,10.20003562834048516,13700
12434,-8.90179999999999971,10.14102267262744306,13701
12435,-14.71400000000000041,10.12246513643505175,13702
12436,-18.11499999999999844,10.11903992011693809,13703
12437,-18.59199999999999875,10.06174867749258084,13704
12438,-17.83099999999999952,10.07267635034297371,13705
12439,-21.82700000000000173,10.07384141621603746,13706
12440,-26.54400000000000048,10.07638793159387625,13707
12441,-29.59700000000000131,10.12150381725177795,13708
12442,-28.04700000000000060,10.22727194391375605,13709
12443,-27.76800000000000068,10.32261290402811404,13710
12444,-24.55600000000000094,10.41816108817259590,13711
12445,-21.82700000000000173,10.46160945700771627,13712
12446,-21.69699999999999918,10.52776346925874584,13713
12447,-20.85600000000000165,10.61564975240328934,13714
12448,-19.41900000000000048,10.64546909937407015,13715
12449,-20.93199999999999861,10.68934654072569757,13716
12450,-22.42699999999999960,10.68424845603664330,13717
12451,-23.59199999999999875,10.64176239781491873,13718
12452,-26.25799999999999912,10.58393230319872735,13719
12453,-23.51999999999999957,10.40345885364444101,13720
12454,-21.76300000000000168,10.12986225109355587,13721
12455,-20.70599999999999952,9.89986865888977974,13722
12456,-15.96799999999999997,9.71032624866801086,13723
12457,-16.77700000000000102,9.75978057497340501,13724
12458,-15.38499999999999979,9.95332605940714643,13725
12459,-16.51999999999999957,10.17236269352411604,13726
12460,-17.16199999999999903,10.26465856947408462,13727
12461,-17.71099999999999852,10.39675263270425631,13728
12462,-17.77599999999999980,10.71340482266892025,13729
12463,-16.65299999999999869,11.04754320174780524,13730
12464,-17.21099999999999852,11.28892842671293018,13731
12465,-17.04100000000000037,11.40512837772030785,13732
12466,-14.85699999999999932,11.53640019645836290,13733
12467,-12.66900000000000048,11.65409080014156196,13734
12468,-5.87380000000000013,11.70219063082607569,13735
12469,-9.85319999999999929,11.78344761240014371,13736
12470,-12.61599999999999966,11.94741439024183549,13737
12471,-11.90300000000000047,12.04126740081873947,13738
12472,-11.86500000000000021,12.05449133920727256,13739
12473,-9.88330000000000020,12.12227280673650220,4290
12474,-12.28999999999999915,12.12015556996142962,13741
12475,-13.12100000000000044,12.10736039314340928,13742
12476,-13.41399999999999970,12.12554830480650736,13743
12477,-13.22199999999999953,12.15072343434423097,13744
12478,-14.01299999999999990,12.17186299418401774,13745
12479,-13.39600000000000080,12.18806554216134685,13746
12480,-12.73099999999999987,12.20703319082485727,13747
12481,-13.81700000000000017,12.24190109550035288,13748
12482,-13.40900000000000070,12.26670362591153207,13749
12483,-15.41099999999999959,12.33092714541057688,13750
12484,-15.96100000000000030,12.33575665189111525,13751
12485,-15.63000000000000078,12.39155667274598294,19126
12486,-14.05799999999999983,12.29733212133782949,19127
12487,-14.48600000000000065,12.19707799640770141,19128
12488,-15.49699999999999989,12.10721109933943929,19129
12489,-14.62899999999999956,12.05801871581565976,19130
12490,-16.82000000000000028,12.01191905323629072,19131
12491,-15.98900000000000077,11.95963660071448409,19132
12492,-15.53800000000000026,11.91484740675017129,19133
12493,-16.73600000000000065,11.98253442484228160,19134
12494,-15.77899999999999991,12.04266579438500884,19135
12495,-16.23799999999999955,12.08272310830306218,19136
12496,-17.34400000000000119,12.06094564863767893,19137
12497,-18.00400000000000134,12.03344766243755792,19138
12498,-18.54700000000000060,11.99980276938295098,19139
12499,-17.93900000000000006,11.99227905652861104,19140
12500,-19.33699999999999974,11.97797310952322114,19141
12501,-18.55199999999999960,12.04368168686342067,19142
12502,-19.21199999999999974,12.12342779954132510,19143
12503,-19.92899999999999849,12.16352817707116607,19144
12504,-19.12999999999999901,12.18028121663876284,19145
12505,-18.75300000000000011,12.11712847590221642,19146
12506,-20.29100000000000037,12.03406144067618122,19147
12507,-21.18400000000000105,12.06288247459428220,19148
12508,-21.30699999999999861,12.16141230293773035,19149
12509,-21.13800000000000168,12.23019450338218661,19150
12510,-20.44699999999999918,12.34407486872252058,19151
12511,-17.71399999999999864,12.24716995909308537,13778
12512,-12.34900000000000020,12.09701007659501393,13779
12513,-13.51999999999999957,11.98490244578396791,13780
12514,-16.66300000000000026,11.94034000267956053,13781
12515,-21.40399999999999991,11.88818643273786790,13782
12516,-22.23799999999999955,11.81659897556507133,13783
12517,-23.30600000000000094,11.77365015080770227,13784
12518,-25.63700000000000045,11.78856636464726293,13785
12519,-29.29899999999999949,11.82648954318982959,13786
12520,-28.44300000000000139,11.89438559250043603,13787
12521,-26.49399999999999977,12.03997500528408615,13788
12522,-24.88899999999999935,12.20435439022572055,13789
12523,-24.57799999999999940,12.43616384776455952,13790
12524,-23.46900000000000119,12.62474679246144227,19292
12525,-27.29799999999999827,12.54485728641446407,19293
12526,-24.09600000000000009,12.34531159857690952,19294
12527,-21.49599999999999866,12.21028949269195962,19295
12528,-19.87999999999999901,12.10397322340095450,19296
12529,-17.99099999999999966,12.06963794919736621,19297
12530,-20.02400000000000091,12.02301564703818926,19298
12531,-25.23799999999999955,12.00578261455757456,19299
12532,-29.93700000000000117,12.04417111250300820,19300
12533,-20.71699999999999875,12.17497682425511663,19301
12534,-22.97400000000000020,12.09647295805533851,19302
12535,-27.85200000000000031,12.07348714143414092,19303
12536,-29.87500000000000000,12.18841496464379937,19304
12537,-32.00000000000000000,12.47080970163134062,19305
12538,-25.17000000000000171,12.83202564009838120,19306
12539,-21.35200000000000031,13.05110812171140999,19307
12540,-14.83399999999999963,13.08681531098283202,9605
12541,-16.63299999999999912,13.00110540570029727,9606
12542,-17.94500000000000028,12.90412247739435436,9607
12543,-16.80000000000000071,13.16167643377669627,9607
12544,-17.14199999999999946,13.26126636677046022,18414
12545,-17.10300000000000153,13.20339238413557581,18415
12546,-15.64300000000000068,13.18123935648780964,18415
12547,-17.36899999999999977,13.16971297735219615,18415
12548,-15.63199999999999967,13.13177386559573634,18415
12549,-16.65800000000000125,13.24259822484582116,18416
12550,-13.85200000000000031,13.29173403807505593,18419
12551,-14.80199999999999960,13.31432618602404894,18419
12552,-13.68500000000000050,13.29452038291681149,13819
12553,-13.17399999999999949,13.23899918738323223,13820
12554,-12.57799999999999940,13.18525121807266132,13821
12555,-11.26900000000000013,13.13375865730276715,13822
12556,-10.25099999999999945,13.08821440273309022,13823
12557,-11.38400000000000034,13.05013262056611190,13824
12558,-10.62800000000000011,13.02311949643249633,13825
12559,-10.31300000000000061,13.04033941680702036,13826
12560,-8.35159999999999947,13.01081960835634455,13827
12561,-7.11390000000000011,13.00234436636181989,13828
12562,-7.50039999999999996,13.05420913969415508,13829
12563,-7.98780000000000001,13.13045589587287765,13830
12564,-8.67319999999999958,13.15731144522946927,19052
12565,-10.90000000000000036,12.96796614049348406,19053
12566,-10.41099999999999959,12.92458604511196896,19054
12567,-10.26699999999999946,12.87389804071799659,19055
12568,-11.15499999999999936,12.80979045202178490,19056
12569,-10.65300000000000047,12.73111161268317382,19057
12570,-12.42300000000000004,12.65427087289585373,19058
12571,-10.58000000000000007,12.62664731213844860,19059
12572,-10.27399999999999913,12.55243305746319571,19060
12573,-11.42600000000000016,12.49375604583253008,19061
12574,-11.28299999999999947,12.47303539179712750,19062
12575,-12.03700000000000081,12.44919616013545216,19063
12576,-10.46100000000000030,12.42705156693310720,19064
12577,-10.65700000000000003,12.41053170108661163,19065
12578,-11.21400000000000041,12.40154615579908182,19066
12579,-13.25500000000000078,12.42593750866559965,19067
12580,-13.53899999999999970,12.44478861579547946,19068
12581,-12.62400000000000055,12.46993424992187549,19069
12582,-13.75799999999999912,12.46357370701409906,19070
12583,-15.85699999999999932,12.46032334246489270,19071
12584,-13.67300000000000004,12.55917259296159472,19072
12585,-14.92099999999999937,12.62350812967263103,19072
12586,-14.23000000000000043,12.71378941518211825,19071
12587,-15.84600000000000009,12.71247272373459580,19075
12588,-18.41600000000000037,12.70967263666091362,19076
12589,-18.03999999999999915,12.71755203200253881,19077
12590,-18.06800000000000139,12.73655894822313783,19078
12591,-19.40200000000000102,12.73948775035231051,19079
12592,-17.39600000000000080,12.77244888481269847,19080
12593,-18.33599999999999852,12.85704953134788830,19081
12594,-19.13500000000000156,13.01948241506111970,19079
12595,-20.62199999999999989,13.10718039175646155,19079
12596,-19.56599999999999895,13.24484041569858483,19080
12597,-19.78500000000000014,13.43698100436486875,19081
12598,-17.83299999999999841,13.58740150903317634,6385
12599,-20.60500000000000043,13.58046962977919669,6389
12600,-20.42999999999999972,13.57865016399736469,6390
12601,-20.53300000000000125,13.55264938473446357,6391
12602,-18.26599999999999824,13.51243561570795215,6392
12603,-15.12800000000000011,13.43119901684896966,6393
12604,-17.78000000000000114,13.33746605841404076,6394
12605,-18.24500000000000099,12.94427764155911653,0
12606,-19.51699999999999946,12.39753302165578752,0
12607,-17.71099999999999852,11.99110063171759855,0
12608,-17.73100000000000165,11.66923452371045045,0
12609,-17.32999999999999829,11.56185991388470313,0
12610,-18.86400000000000077,11.52638835375279491,0
12611,-19.96600000000000108,11.51085660114319609,1
12612,-19.68700000000000117,11.51449273695792463,2
12613,-18.99599999999999866,11.50566498320461584,1
12614,-19.43199999999999861,11.50273422917403998,2
12615,-20.95899999999999963,11.51250043392823486,3
12616,-22.63599999999999923,11.54480170971763364,4
12617,-24.57400000000000162,11.59187077010452960,5
12618,-26.22800000000000153,11.63684799843509232,6
12619,-25.97500000000000142,11.69038330716542440,7
12620,-26.84400000000000119,11.74599803009965804,8
12621,-27.26200000000000045,11.79718803730779442,9
12622,-25.50400000000000134,11.85156559629517936,10
12623,-25.64199999999999946,11.90322925395611087,11
12624,-18.83500000000000085,11.81454660882329932,16970
12625,-6.07080000000000020,11.73449231774533175,16971
12626,-3.11609999999999987,11.73830452400697943,16972
12627,-20.04799999999999827,11.56397605219866165,17
12628,-30.58699999999999974,11.60096367343119006,18
12629,-21.21900000000000119,11.38311530017236350,16975
12630,-20.07199999999999918,11.28278210823239114,16976
12631,-21.15700000000000003,11.21246302973979247,16977
12632,-22.65500000000000114,11.14805046659504484,16978
12633,-22.73600000000000065,11.12221443299756096,16979
12634,-21.71699999999999875,11.15270337589671534,16979
12635,-21.76999999999999957,11.24199694906540081,16980
12636,-21.25900000000000034,11.35105999501937823,16981
12637,-20.14600000000000080,11.35218908398759652,16983
12638,-20.24399999999999977,11.32235191690312526,16984
12639,-21.44000000000000128,11.28123883230898805,16985
12640,-23.44099999999999895,11.23949990533278154,16986
12641,-22.19300000000000139,11.24085495921877431,16986
12642,-21.77100000000000080,11.27224521027710757,16987
12643,-21.33099999999999952,11.31274346727160030,16988
12644,-20.48300000000000054,11.37768313026454692,16989
12645,-15.69299999999999962,11.44825813644186674,16991
12646,-14.97499999999999964,11.41972740579076806,16992
12647,-15.79499999999999993,11.41362152889921511,16993
12648,-10.71000000000000085,11.42819362469147215,16994
12649,-12.83099999999999952,11.47623775893002041,16995
12650,-12.98700000000000010,11.53086193108458701,16996
12651,-9.30470000000000041,11.57876860869595426,16997
12652,-10.58399999999999963,11.58744802409205121,16998
12653,-9.63369999999999926,11.61269946675407638,16999
12654,-15.23399999999999999,11.61550596947892444,17000
12655,-18.37399999999999878,11.63190488543697043,17001
12656,-22.33500000000000085,11.67801148055519533,17002
12657,-25.74899999999999878,11.75366105767890090,17003
12658,-28.76899999999999835,11.81331402196131464,19770
12659,-30.87900000000000134,11.88121106688415729,19771
12660,-31.95299999999999940,11.87645814693071955,19772
12661,-33.29800000000000182,11.45490920680980906,19775
12662,-35.87700000000000244,11.02185211502840012,19775
12663,-33.79099999999999682,10.61341347705249127,19775
12664,-33.40800000000000125,10.53086281939246938,19776
12665,-29.70100000000000051,10.44597333329391553,19776
12666,-24.71600000000000108,10.77577835385027250,19777
12667,-22.19200000000000017,10.93971168583886744,19778
12668,-16.97899999999999920,11.03575676315764120,19779
12669,-17.58299999999999841,10.94256958410059966,19779
12670,-14.35599999999999987,10.95390049875288874,19779
12671,-12.32399999999999984,10.93923278187567405,19780
12672,-14.63100000000000023,10.95593020391587480,6337
12673,-17.47299999999999898,10.88279748565350324,6338
12674,-17.48600000000000065,10.74403611284312454,6339
12675,-16.44099999999999895,10.56374159435412530,6340
12676,-16.91700000000000159,10.40551017919844590,6341
12677,-18.99099999999999966,10.28029221071742683,6342
12678,-20.41799999999999926,10.16083368656281749,6343
12679,-21.96399999999999864,9.95330716909544577,6344
12680,-20.94099999999999895,9.71831695542715579,6345
12681,-19.20200000000000173,9.46972856390293671,6346
12682,-23.07799999999999940,9.31129409230257821,6347
12683,-16.23000000000000043,9.26001950167550980,6348
12684,-9.92159999999999975,9.14953069732278834,6349
12685,-8.66430000000000078,9.09596449002640917,6350
12686,-7.68309999999999960,9.04968330265795551,6351
12687,-7.59130000000000038,9.02828883129642534,6352
12688,-8.28790000000000049,9.05638769365541307,6353
12689,-7.53439999999999976,9.06254747881237321,6354
12690,-6.99120000000000008,9.04004766092596590,6355
12691,-6.82899999999999974,9.02421526423554354,6356
12692,-6.25049999999999972,8.99470888674242453,6357
12693,-7.59119999999999973,8.85397271907648786,6358
12694,-7.54300000000000015,8.80728145510718363,6359
12695,-8.37920000000000087,8.62992974208156127,6360
12696,-7.82870000000000044,8.63206422643624371,6361
12697,-10.83099999999999952,8.63356296067419748,6362
12698,-10.72799999999999976,8.62915806901442650,6363
12699,-10.83099999999999952,8.62971347656528032,6364
12700,-8.53870000000000040,8.63066075215227180,6365
12701,-6.43900000000000006,8.61638761048255120,6366
12702,-5.59009999999999962,8.59695045549021586,6367
12703,-4.83309999999999995,8.53083181489545161,6368
12704,-5.33570000000000011,8.46323070666017507,6369
12705,-3.20319999999999983,8.41953317813662849,6370
12706,-5.27029999999999976,8.29735054283495188,6371
12707,-3.68619999999999992,8.23558847749273504,6372
12708,-4.63039999999999985,8.15984853648849473,6373
12709,-2.74630000000000019,8.10726637562967234,6374
12710,-2.29610000000000003,8.05169403713899356,6375
12711,-2.53129999999999988,7.99583972611165450,6376
12712,-5.56219999999999981,7.96540079772762422,6377
12713,-8.51929999999999943,7.93436732217482010,6378
12714,-8.02590000000000003,7.86179864681162677,6379
12715,-9.83970000000000056,7.61006787598092238,6380
12716,-11.46799999999999997,7.58602064636675077,6381
12717,-13.13400000000000034,7.58747430285693092,6382
12718,-12.07199999999999918,7.61113785182158598,6383
12719,-13.46000000000000085,7.62182352496808946,6384
12720,-13.10100000000000087,7.63816102397005370,6385
12721,-13.82399999999999984,7.62973298490178298,6386
12722,-13.18999999999999950,7.71118492523249355,6387
12723,-11.55400000000000027,7.53827329055138584,53
12724,-12.59699999999999953,7.24495324528905726,54
12725,-12.06000000000000050,6.95354581777893355,55
12726,-12.17999999999999972,6.86623881618815268,56
12727,-10.81799999999999962,6.80769270143133198,56
12728,-13.15199999999999925,6.65340319104065880,58
12729,-7.01909999999999989,6.62342701208294393,58
12730,-9.81119999999999948,6.61468251629401305,59
12731,-9.69389999999999930,6.63705143290042088,60
12732,-9.98179999999999978,6.67738169337152421,61
12733,-9.27389999999999937,6.66097893514779837,62
12734,-7.77390000000000025,6.61679015915574276,64
12735,-6.82819999999999983,6.55423194042122148,65
12736,-4.58779999999999966,6.50633649211926990,66
12737,-5.90859999999999985,6.50939181378565923,67
12738,-4.56939999999999991,6.45266060656065044,68
12739,-3.46010000000000018,6.40208174020680421,69
12740,-3.09260000000000002,6.37353707403304437,70
12741,-2.57920000000000016,6.33783043214514663,71
12742,-2.07019999999999982,6.31125566929624249,72
12743,-3.43750000000000000,6.30170556608641430,73
12744,-6.35139999999999993,6.30737841322977832,74
12745,-7.38910000000000000,6.30320889241820570,75
12746,-8.28320000000000078,6.32630969805112819,76
12747,-7.21330000000000027,6.32211078310414720,77
12748,-7.36990000000000034,6.31741440850738556,78
12749,-6.48360000000000003,6.32668825482051655,79
12750,-6.35719999999999974,6.34475962622105971,80
12751,-4.94990000000000041,6.45223441632320505,81
12752,-3.77470000000000017,6.50517363299415852,81
12753,-2.62650000000000006,6.50782905616402729,82
12754,-3.69850000000000012,6.70644601111675875,83
12755,-3.32430000000000003,7.05174097873454375,6420
12756,-2.90289999999999981,6.91124813273473571,6421
12757,-2.84220000000000006,6.78091357295344643,6422
12758,-3.78719999999999990,6.66236081622531451,6423
12759,-3.88589999999999991,6.59178943485309432,6424
12760,-7.05119999999999969,6.49655590878235500,6425
12761,-8.68169999999999931,6.48882872518881815,6426
12762,-13.00099999999999945,6.47349556495342160,6427
12763,-10.55100000000000016,6.49461745761883780,6428
12764,-14.66200000000000081,6.49072438567851506,6429
12765,-12.78100000000000058,6.51350089056875525,6430
12766,-10.74099999999999966,6.52373935284947581,6431
12767,-11.73900000000000077,6.51875117553419781,6432
12768,-13.49499999999999922,6.51925758579939352,6433
12769,-12.56099999999999994,6.55700292925217099,6434
12770,-12.84500000000000064,6.57797994107099626,6435
12771,-12.77800000000000047,6.62763418714797936,6436
12772,-13.44200000000000017,6.69455144668157409,6437
12773,-14.47100000000000009,6.75169111745021411,6438
12774,-16.55399999999999849,6.86423009777789250,6439
12775,-18.32999999999999829,6.92118161931332754,6440
12776,-14.67300000000000004,7.02649316290195802,6441
12777,-17.32300000000000040,7.00735766673339366,6442
12778,-17.46699999999999875,7.56572393265137499,6442
12779,-16.47700000000000031,8.01339527983070177,6444
12780,-18.62000000000000099,8.28221224728865657,6445
12781,-15.03899999999999970,8.70951423158399862,6446
12782,-15.83099999999999952,8.96213168039286145,6447
12783,-17.09499999999999886,9.13173329696934033,6448
12784,-18.37800000000000011,9.29733342207459224,6449
12785,-18.10200000000000031,9.50051582775576797,6450
12786,-17.25600000000000023,9.63263366915825969,6451
12787,-16.27400000000000091,9.70422739315939431,6452
12788,-18.33299999999999841,9.69002869812269374,6453
12789,-18.19600000000000151,9.76955195325474968,6454
12790,-18.51300000000000168,9.80231250417237021,6455
12791,-13.17500000000000071,9.82863977289433599,6456
12792,-9.43099999999999916,9.76484624070588048,6457
12793,-5.04570000000000007,9.73518771265343652,6458
12794,-4.27789999999999981,9.68085710458569260,6459
12795,-3.72219999999999995,9.67309787669908516,6459
12796,-2.29590000000000005,9.70951340135424701,6460
12797,-1.37220000000000009,9.68800728419948598,6461
12798,-0.09220399999999999,9.67572336732155946,6462
12799,0.87680999999999998,9.64808390754374123,6463
12800,-1.26649999999999996,9.57700898709734361,6464
12801,-0.94499999999999995,9.60833042159011619,6465
12802,-0.86173000000000000,9.64515476107823666,6466
12803,0.67418000000000000,9.60162834977316315,6467
12804,-0.45030999999999999,9.51448426379114309,6468
12805,1.10610000000000008,9.43599277282633331,6470
12806,0.91171999999999997,9.33084921913975052,6470
12807,-4.34290000000000020,9.26518452056370556,6471
12808,-3.45659999999999989,9.25671000142697409,6472
12809,-3.54420000000000002,9.22068508637720186,6473
12810,-2.60020000000000007,9.18343788134278505,6474
12811,-2.53460000000000019,9.19997016325649852,6475
12812,-0.72994999999999999,9.13228998530573932,6476
12813,-1.38719999999999999,9.02573932752255281,6478
12814,-0.96340000000000003,8.94223940880779367,6479
12815,-0.06549400000000000,8.88372056784622899,6480
12816,1.27800000000000002,8.84521432423020748,6481
12817,-0.85831000000000002,8.75657679748471729,6482
12818,-0.82513999999999998,8.70053536555780305,6482
12819,-0.44331999999999999,8.64687044755734213,6483
12820,0.91766999999999999,8.60681220506659628,6484
12821,1.50899999999999990,8.54535592221922613,6485
12822,-1.67500000000000004,8.49430491027859880,6486
12823,-5.84890000000000043,8.46066052060106166,6487
12824,-5.63900000000000023,8.42572882853535887,6488
12825,-7.13199999999999967,8.39672023920504706,6489
12826,-7.56540000000000035,8.37157458636328577,6490
12827,-8.22620000000000040,8.37416623239318092,6491
12828,-8.64390000000000036,8.49515498588635687,6492
12829,-6.56400000000000006,8.55238836372732614,6493
12830,-6.85789999999999988,8.56218352548651218,6494
12831,-6.89259999999999984,8.53280770525427101,6495
12832,-9.47620000000000040,8.71544789477432147,6496
12833,-11.03500000000000014,8.85401015280189441,6497
12834,-11.64499999999999957,8.81712574548768302,6498
12835,-13.57799999999999940,8.74344928133390731,6499
12836,-10.46599999999999930,8.89328182200091177,6501
12837,-10.38899999999999935,9.28163006779946897,6502
12838,-11.30300000000000082,9.36656973407381699,6503
12839,-12.11800000000000033,9.47032817423778539,6504
12840,-13.83200000000000074,9.63943596133530534,6505
12841,-13.79800000000000004,9.70024100390783417,6505
12842,-14.30599999999999916,9.72312599969717262,6507
12843,-13.74799999999999933,9.63844899314620918,6507
12844,-15.52899999999999991,9.65826317307320714,6508
12845,-14.66399999999999970,9.66778310952480702,6509
12846,-14.58900000000000041,9.63296144112925745,19940
12847,-16.96300000000000097,9.54011876756364963,19941
12848,-18.66600000000000037,9.43338543548220265,19942
12849,-21.08699999999999974,9.24617221013457602,19943
12850,-19.65899999999999892,9.08851773551310238,19944
12851,-19.77799999999999869,8.92998058106493708,19945
12852,-22.76000000000000156,8.77125345990357452,19946
12853,-22.42399999999999949,8.64539698259224387,19946
12854,-14.43999999999999950,8.47276034723477700,19945
12855,-13.76200000000000045,8.36811254513728642,19946
12856,-13.01999999999999957,8.35661907406079862,19947
12857,-11.03200000000000003,8.34579716075483091,19948
12858,-9.63850000000000051,8.38360903321114392,19949
12859,-7.42769999999999975,8.45915678353950540,19953
12860,-6.17410000000000014,8.54591446496878504,19951
12861,-4.86110000000000042,8.61648647623777464,19952
12862,-3.94969999999999999,8.69954436921021212,19953
12863,-5.25030000000000019,8.77848825842794867,19954
12864,-4.46980000000000022,8.88710659612228326,19958
12865,-2.42050000000000010,8.93164749680917502,19959
12866,-2.22489999999999988,9.00591800217051741,19960
12867,-1.81970000000000010,9.04608668088308043,19958
12868,-1.98360000000000003,9.08040324369697416,19962
12869,-2.59010000000000007,9.09647714020016629,19963
12870,-3.71629999999999994,9.07433556143508113,19964
12871,-2.60380000000000011,9.11065425098536785,19965
12872,-3.64800000000000013,9.13721797028619420,19966
12873,-4.33239999999999981,9.15061756763024547,19967
12874,-3.11649999999999983,9.16768982028224322,19968
12875,-3.59710000000000019,9.17200721069547598,19969
12876,-3.11779999999999990,9.14699264986049698,19970
12877,-1.75590000000000002,9.14558721911583028,19971
12878,-1.17280000000000006,9.17934498062930082,19972
12879,-1.39910000000000001,9.18852554819098799,19973
12880,-0.06335900000000000,9.16395834497758344,19974
12881,-0.17196000000000000,9.18466579376034709,19975
12882,-0.41010999999999997,9.20540043731337398,19976
12883,0.27716000000000002,9.23649971034477346,19977
12884,0.25058000000000002,9.26176860834469196,19978
12885,-0.18523999999999999,9.28226097783322679,19979
12886,-3.19989999999999997,9.30404596906648251,19980
12887,-7.19789999999999974,9.30733629973918930,19981
12888,-9.26329999999999920,9.29274141690575561,19982
12889,-10.47100000000000009,9.24999730991305213,19983
12890,-9.84019999999999939,9.23359298511089399,19984
12891,-10.61700000000000088,9.20941495351627637,19985
12892,-9.81739999999999924,9.17634861986578620,19983
12893,-7.87270000000000003,9.15708384821795462,19987
12894,-8.21790000000000020,9.13186370311576567,19988
12895,-7.94329999999999981,9.10408126539447693,19989
12896,-6.90800000000000036,9.07946917915704432,19990
12897,-5.98740000000000006,9.05401480722656160,19991
12898,-5.39649999999999963,9.04451474359974661,19992
12899,-5.89609999999999967,9.06694970430018365,19993
12900,-6.86069999999999958,9.05102929442261228,19994
12901,-6.63609999999999989,9.03317209420064948,19995
12902,-7.24230000000000018,9.00732742561949351,19996
12903,-6.54720000000000013,8.99721404574913564,19997
12904,-6.15770000000000017,8.98431224023779507,19998
12905,-5.52869999999999973,8.97750124798695559,19999
12906,-4.67370000000000019,9.00692761635918338,20000
12907,-4.49450000000000038,9.01478226014747719,20001
12908,-4.92849999999999966,9.01560520464171766,19999
12909,-5.63339999999999996,9.03346517404123084,20000
12910,-5.77099999999999991,9.04738243916118279,20001
12911,-6.19109999999999960,9.06443512434148424,20002
12912,-5.83629999999999960,9.08242769749451817,20003
12913,-5.62940000000000040,9.11160000430439077,20004
12914,-4.37140000000000040,9.13709233564872036,20005
12915,-3.09010000000000007,9.17583081049227367,20006
12916,-3.47370000000000001,9.19365136901474145,20007
12917,-5.49169999999999980,9.22086824550098605,20008
12918,-7.27139999999999986,9.24559731526536410,20009
12919,-4.60280000000000022,9.30633349531372822,20010
12920,-6.47240000000000038,9.41159051301917415,20011
12921,-8.80599999999999916,9.48726936869272741,20015
12922,-5.05860000000000021,9.47309203177693071,20016
12923,-6.44270000000000032,9.49424881481676941,20017
12924,-3.61379999999999990,9.51750005550753819,20018
12925,-4.02400000000000002,9.55146618883417986,20019
12926,-3.75220000000000020,9.58032692207110514,20020
12927,-2.02610000000000001,9.48811123495570286,13432
12928,-2.11739999999999995,9.35627089826003555,13433
12929,-3.75620000000000021,9.27962148008095511,13434
12930,-4.24059999999999970,9.25714004420511927,13435
12931,-4.04089999999999971,9.22670174447449298,13436
12932,-3.34200000000000008,9.17820008866256387,13437
12933,-5.58659999999999979,9.13801407266321064,13438
12934,-7.13060000000000027,9.06613517867480212,13439
12935,-7.23479999999999990,9.00560937762952385,13440
12936,-9.82230000000000025,8.91854380345570341,13441
12937,-7.07850000000000001,8.83535527353937233,13442
12938,-6.66619999999999990,8.76426772843389124,13443
12939,-4.98230000000000040,8.68007860746415005,13444
12940,-5.57819999999999983,8.60188703949888200,13445
12941,-5.33309999999999995,8.48908599968631172,13446
12942,-5.35960000000000036,8.36706464407649442,13447
12943,-4.38250000000000028,8.27256541113433030,13448
12944,-4.34049999999999958,8.07536167621480772,13449
12945,-5.26250000000000018,7.94143046438413069,13450
12946,-4.94090000000000007,7.84341719517303471,13451
12947,-4.49490000000000034,7.79093891093109381,13452
12948,-4.78390000000000004,7.72014522274642090,13453
12949,-5.39700000000000024,7.68321511628127229,13454
12950,-5.62579999999999991,7.61473347906720743,13455
12951,-8.61930000000000085,7.62436234247294209,13456
12952,-10.71899999999999942,7.63392391029705397,13457
12953,-8.07510000000000083,7.62658690896471736,13458
12954,-4.22269999999999968,7.65202943660061674,13459
12955,-2.88399999999999990,7.63533411151248309,13460
12956,-4.01930000000000032,7.50313696349605852,13461
12957,-3.41950000000000021,7.27929144031123521,13462
12958,-3.79170000000000007,7.04612483659719047,13463
12959,-3.25070000000000014,6.74859121958417330,13464
12960,-3.23559999999999981,6.44844168103125437,13465
12961,-2.70869999999999989,6.19762371774663290,13466
12962,-2.87860000000000005,6.13515170837604096,13467
12963,-3.17569999999999997,6.17405728187039227,13468
12964,-3.11799999999999988,6.22763081970117316,13469
12965,-3.71720000000000006,6.27064830315922439,13470
12966,-4.11169999999999991,6.29950670820593661,13471
12967,-5.07559999999999967,6.39208029513337372,13472
12968,-6.71349999999999980,6.68069199514636569,13473
12969,-6.72569999999999979,6.70694768421391263,13474
12970,-7.69240000000000013,6.74800195869546915,13475
12971,-8.54190000000000005,6.78983930854478857,13476
12972,-8.10479999999999912,6.82590698604721169,13477
12973,-10.37299999999999933,6.89395456893937553,13478
12974,-5.95190000000000019,6.97909080609718480,13479
12975,-1.17440000000000011,7.02629155723431076,13480
12976,-0.53110999999999997,7.10920738004271069,13481
12977,-1.67080000000000006,7.20390278842395837,13482
12978,-2.30310000000000015,7.29266083751762029,13483
12979,-2.00959999999999983,7.36394394583290079,13484
12980,-0.50936000000000003,7.41522903692223956,13485
12981,-4.87380000000000013,7.39428339543976776,13486
12982,-7.29269999999999996,7.34230276747890720,13487
12983,-7.65510000000000002,7.31250610429823134,13488
12984,-6.14339999999999975,7.32138736497209752,13489
12985,-10.70400000000000063,7.28196369225388462,13490
12986,-14.18699999999999939,7.31066625485397914,13491
12987,-17.46399999999999864,7.33077875088623099,13492
12988,-17.40800000000000125,7.29183153570474119,13493
12989,-17.96799999999999997,7.28486355510672734,13494
12990,-17.56800000000000139,7.26452423382634205,13495
12991,-16.64199999999999946,7.25187624998601077,13496
12992,-13.49799999999999933,7.25750792644458897,13497
12993,-14.44999999999999929,7.28149822318613538,13498
12994,-17.24899999999999878,7.29533764848470145,13499
12995,-20.11400000000000077,7.29440499717560176,13500
12996,-16.25499999999999901,7.29226549380500710,13501
12997,-13.91699999999999982,7.23758377773526274,13502
12998,-15.14400000000000013,7.10177955695748864,13503
12999,-15.13199999999999967,6.97943397969593171,13504
13000,-17.46600000000000108,6.88684613915567745,13505
13001,-18.77700000000000102,6.82358188155993428,13506
13002,-16.06700000000000017,6.78872874357148159,13507
13003,-16.46999999999999886,6.74081252788110952,13508
13004,-17.65099999999999980,6.78824020762381153,13509
13005,-20.28699999999999903,6.83934016135531220,13510
13006,-21.39600000000000080,6.93161539822823958,13511
13007,-24.16100000000000136,6.94185148496530591,13512
13008,-21.25600000000000023,6.95452570180984697,13513
13009,-21.20899999999999963,6.95768885778297452,13514
13010,-27.14999999999999858,6.96870612815418866,13515
13011,-23.68299999999999983,6.94748305369446495,13516
13012,-22.25799999999999912,6.94969597455377563,13517
13013,-19.08599999999999852,6.92633617702772941,13518
13014,-18.22800000000000153,6.94334515903602068,13519
13015,-16.36599999999999966,6.93819506815381803,13520
13016,-19.63800000000000168,6.91426361728986905,13521
13017,-20.82900000000000063,6.88368711510840736,13522
13018,-21.80499999999999972,6.88244256963728684,13523
13019,-20.75100000000000122,7.12936749172547479,13524
13020,-18.63899999999999935,7.44510673109453336,13525
13021,-18.07300000000000040,7.79587945200005272,13526
13022,-18.58999999999999986,8.13027147699185626,13527
13023,-17.28699999999999903,8.42885933383326957,13528
13024,-17.04299999999999926,8.71324488072865933,13529
13025,-20.58999999999999986,8.98501944621211202,13530
13026,-22.56800000000000139,9.45068175949315581,13531
13027,-26.16199999999999903,9.84790262650707149,13532
13028,-23.53900000000000148,10.23983736500805897,13533
13029,-17.62399999999999878,10.73467352800161656,13534
13030,-18.83099999999999952,11.28945834349303645,13535
13031,-22.40299999999999869,11.73698788519553027,13536
13032,-21.01099999999999923,11.94215647230985411,13537
13033,-21.08800000000000097,11.94449750467479099,13538
13034,-24.20599999999999952,11.93520034010087016,13539
13035,-42.43800000000000239,11.91487558811144609,13540
13036,-56.48400000000000176,11.99828303501991122,13541
13037,-50.86099999999999710,12.19664407723235477,13542
13038,-55.87500000000000000,12.36592916121084684,13543
13039,-56.14500000000000313,12.66257480983227701,13544
13040,-52.71099999999999852,12.97842014322319493,13545
13041,-47.15800000000000125,13.15970898097461017,8101
13042,-39.65800000000000125,12.73959067983075322,13170
13043,-27.12500000000000000,12.44853032537941218,13171
13044,-22.87399999999999878,12.43442264719141477,13172
13045,-22.86100000000000065,12.42457592892620610,13173
13046,-19.32999999999999829,12.48940983216394329,13174
13047,-19.85800000000000054,12.49641878207328993,13175
13048,-20.16000000000000014,12.42210044349777220,13176
13049,-19.98300000000000054,12.42515964081549740,13177
13050,-22.53999999999999915,12.81159399782313280,13178
13051,-23.57100000000000151,12.95176363370801731,13179
13052,-26.87999999999999901,12.88493291680372010,13180
13053,-26.70200000000000173,12.80828831698149806,13181
13054,-26.17800000000000082,12.88193970151531254,13182
13055,-21.98799999999999955,12.96210452234847921,13183
13056,-20.41700000000000159,13.00823937095054639,13184
13057,-16.73199999999999932,13.00069731627461067,13185
13058,-14.80400000000000027,12.94937996017305970,13186
13059,-11.99499999999999922,12.87709916231673901,13187
13060,-14.28700000000000081,12.75543048464039941,13188
13061,-14.63400000000000034,12.65777760978460798,13189
13062,-14.01500000000000057,12.58548525578804700,13190
13063,-13.29299999999999926,12.55169445148848695,13191
13064,-15.76200000000000045,12.52424679194669110,13192
13065,-14.70400000000000063,12.38500900899474644,14080
13066,-16.21999999999999886,12.13286086743544523,14081
13067,-15.38400000000000034,12.09268003606836217,14082
13068,-16.45400000000000063,12.11367366119933919,14083
13069,-21.16499999999999915,12.15467413722291212,14084
13070,-48.23599999999999710,12.16905774330098389,14085
13071,-48.88799999999999812,11.78954424855947103,14086
13072,-47.38300000000000267,11.53970773265576000,13200
13073,-47.42300000000000182,10.94652886903861955,14088
13074,-42.03600000000000136,10.19306075149439827,14089
13075,-31.35300000000000153,9.67288113413084183,14090
13076,-23.50900000000000034,9.46151984304287907,14091
13077,-20.93400000000000105,9.35826697865366519,14092
13078,-23.05799999999999983,9.27449551167999253,14093
13079,-22.41100000000000136,9.18990052238128996,14094
13080,-21.73999999999999844,9.09466753568145592,14095
13081,-22.07600000000000051,9.05885002127696026,14096
13082,-21.58899999999999864,9.09269069949564646,14097
13083,-22.20899999999999963,9.08832583875248901,14098
13084,-23.18299999999999983,9.22486605075071608,14099
13085,-22.10500000000000043,9.22075198251329553,14100
13086,-24.69399999999999906,9.24350631346746532,14101
13087,-29.99099999999999966,9.26368437234535413,14102
13088,-31.95200000000000173,9.27711371067117874,14103
13089,-32.88900000000000290,9.29818659946365855,14104
13090,-28.22200000000000131,9.32471755222025322,14105
13091,-31.36100000000000065,9.32178267578140485,14106
13092,-29.94999999999999929,9.28120864213100916,14107
13093,-29.12600000000000122,9.24941668523509719,14108
13094,-28.83699999999999974,9.23616831482264367,14109
13095,-31.48799999999999955,9.25633430367282273,14110
13096,-31.98199999999999932,9.27085485103112106,14111
13097,-33.43399999999999750,9.31440643012895109,14112
13098,-35.58299999999999841,9.34711055162442683,14113
13099,-36.82399999999999807,9.40971407619696976,14114
13100,-38.09599999999999653,9.47297437916707175,14115
13101,-36.80799999999999983,9.53486046012797317,14116
13102,-38.99499999999999744,9.58840358437759832,14117
13103,-35.84000000000000341,9.65000935284687777,14118
13104,-31.14799999999999969,9.69629479963182384,14119
13105,-21.03000000000000114,9.52492012048844394,14120
13106,-28.05499999999999972,9.51263782862943508,14121
13107,-29.64000000000000057,9.50337976175368659,14122
13108,-24.32700000000000173,9.45353876484033506,14123
13109,-24.05999999999999872,9.42010714021749962,14124
13110,-23.49899999999999878,9.38991289261323558,14125
13111,-22.54100000000000037,9.37054644014122218,14126
13112,-20.69900000000000162,9.29735808768870520,14127
13113,-21.70799999999999841,9.28622221774546475,14128
13114,-18.91400000000000148,9.25916787793716445,14129
13115,-23.88100000000000023,9.26622241983354478,14130
13116,-22.03500000000000014,9.27135604747424580,14131
13117,-22.31299999999999883,9.23636049225444289,14132
13118,-14.73099999999999987,9.12356572992618098,14133
13119,-10.37199999999999989,9.13037273585838705,14134
13120,-10.96599999999999930,9.18404730544651393,14135
13121,-30.68799999999999883,9.23421949410800025,14136
13122,-32.42699999999999960,9.19259350200168335,14137
13123,-30.21000000000000085,9.13739212388414579,14138
13124,-29.78900000000000148,9.06688893283194908,14139
13125,-30.85399999999999920,9.17549390662799702,14140
13126,-35.30199999999999960,9.24605661580071825,14141
13127,-34.30599999999999739,9.29120219583013096,14142
13128,-35.51299999999999812,9.31830537412817250,14143
13129,-32.78699999999999903,9.35431239994945507,14144
13130,-33.24499999999999744,9.39973686485275728,14145
13131,-30.33399999999999963,9.46275257720207108,14146
13132,-31.69000000000000128,9.49226553785557670,14147
13133,-29.00600000000000023,9.51276466887786221,14148
13134,-25.84199999999999875,9.53521909802216605,14149
13135,-22.19800000000000040,9.53432656011379365,14150
13136,-23.70100000000000051,9.51624060127758398,14151
13137,-23.85500000000000043,9.50665966249579952,14152
13138,-25.00400000000000134,9.48047194856794739,14153
13139,-25.69600000000000151,9.46731433001085243,14154
13140,-24.74800000000000111,9.36531003188784616,14155
13141,-18.33500000000000085,9.27125133285215774,14156
13142,-16.43799999999999883,9.25021979072340628,14157
13143,-15.45400000000000063,9.24038827029153609,14158
13144,-12.60899999999999999,9.35928929581448443,14159
13145,-12.72899999999999920,9.44936299668328417,14160
13146,-12.73000000000000043,9.52467897365924898,14161
13147,-10.60299999999999976,9.54405474073293014,14162
13148,-11.79400000000000048,9.57988927837972071,14163
13149,-11.56300000000000061,9.66942280254740005,14164
13150,-11.84099999999999930,9.71073829143257150,14165
13151,-10.08399999999999963,9.72549413472928137,14166
13152,-8.20950000000000024,9.73929990461746087,14167
13153,-16.12000000000000099,9.76503710153710536,14168
13154,-24.33099999999999952,9.77043180592685090,14169
13155,-25.11799999999999855,9.75371250954139768,14170
13156,-25.80300000000000082,9.83869630531590822,14171
13157,-24.12600000000000122,9.97164699130865095,14172
13158,-31.71199999999999974,10.15506934556395535,14173
13159,-38.39000000000000057,10.46873086520008300,14174
13160,-33.91599999999999682,10.55487003579060890,14175
13161,-32.29500000000000171,10.56918232964462057,14176
13162,-38.14900000000000091,10.55602722741957855,14177
13163,-34.58299999999999841,10.54752058563122752,14177
13164,-32.35600000000000165,10.59307587663789008,14178
13165,-34.89000000000000057,10.61817716244626020,14179
13166,-39.74699999999999989,10.66344115952537486,14180
13167,-35.99600000000000222,10.64659061230153192,14182
13168,-12.06700000000000017,10.64370466717877228,14183
13169,-7.54019999999999957,10.54943719733089402,14183
13170,-11.22300000000000075,10.63279266655461974,14184
13171,-12.72899999999999920,10.66905513582130993,14185
13172,-14.50900000000000034,10.87164215051557647,14186
13173,-15.92300000000000004,10.96302296219569072,14187
13174,-17.27899999999999991,11.16762662171474929,14188
13175,-21.03900000000000148,11.67884929753985013,14188
13176,-20.28999999999999915,12.12415847087151199,14190
13177,-21.56299999999999883,12.20960962136140004,14191
13178,-23.10999999999999943,12.18704730030347427,14192
13179,-22.93900000000000006,12.17365799756990619,14193
13180,-23.30600000000000094,12.18268345058877600,14194
13181,-24.17599999999999838,12.17233877337171499,14195
13182,-23.75700000000000145,12.17981393144737901,14196
13183,-25.81899999999999906,12.19842301874833801,14197
13184,-26.41799999999999926,12.23775076111470739,14198
13185,-26.72400000000000020,12.26810215951857685,14199
13186,-27.90899999999999892,12.28366827642676462,14200
13187,-27.93599999999999994,12.32878903199758902,14201
13188,-27.88100000000000023,12.28097389052959443,14075
13189,-28.09199999999999875,12.14556889801863271,14076
13190,-23.38100000000000023,12.16035748395165328,14076
13191,-22.93400000000000105,12.10824095241601306,14078
13192,-22.92500000000000071,12.01819442164827478,14079
13193,-24.68499999999999872,11.93082853795203668,14080
13194,-20.25300000000000011,11.90314087542663302,14081
13195,-19.34600000000000009,11.85084505354589979,14081
13196,-15.94100000000000072,11.88928001420173075,14082
13197,-13.52399999999999913,12.01240810318595464,14083
13198,-14.05300000000000082,12.12756968352259968,14084
13199,-12.99499999999999922,11.83362327376609180,13072
13200,-19.85099999999999909,11.30146938268512891,13073
13201,-26.49399999999999977,10.94174114035284795,13074
13202,-31.00900000000000034,10.81212736026726695,13075
13203,-26.71900000000000119,10.76956937911148060,13076
13204,-25.96399999999999864,10.68048886605343384,13077
13205,-25.01399999999999935,10.56424792418112801,13078
13206,-27.72599999999999909,10.46822114046640984,13079
13207,-25.30399999999999849,10.36235426725812658,13080
13208,-23.50700000000000145,10.29441565844833306,13081
13209,-22.77599999999999980,10.24641380855366002,13082
13210,-22.90500000000000114,10.25591993363779331,13083
13211,-20.37000000000000099,10.28755119529859385,13084
13212,-17.59799999999999898,10.38613242586285246,13085
13213,-15.25399999999999956,10.41347947513775551,13086
13214,-12.83699999999999974,10.38993027665988755,13087
13215,-11.57499999999999929,10.35950039479511808,13088
13216,-11.73099999999999987,10.29558572828968366,13089
13217,-15.01900000000000013,10.13316395689791882,13090
13218,-28.23100000000000165,10.02147191559985906,13091
13219,-34.43900000000000006,9.98761765659768486,13092
13220,-37.61500000000000199,9.99964071333137028,13093
13221,-39.14099999999999824,9.98570501532534216,13094
13222,-37.44400000000000261,10.13943813045515085,13095
13223,-38.52499999999999858,10.23101563761213839,13096
13224,-39.08899999999999864,10.27358805388705321,13097
13225,-39.69500000000000028,10.34184423609911185,13098
13226,-39.15800000000000125,10.40084769102128348,13099
13227,-41.35600000000000165,10.51234138779781802,13100
13228,-45.52499999999999858,10.62468962286029495,13101
13229,-49.08100000000000307,10.72972502428703123,13102
13230,-48.09700000000000131,10.85114689700069235,13103
13231,-37.37700000000000244,10.90531599932735674,13104
13232,-20.71199999999999974,10.93443066210162051,13105
13233,-18.47599999999999909,10.94248704760470403,13106
13234,-20.01599999999999824,10.90622637878609957,13107
13235,-19.64499999999999957,10.89339572375265419,13108
13236,-21.22899999999999920,10.91132843988555656,13109
13237,-24.18700000000000117,10.91640329140541787,13110
13238,-24.81700000000000017,10.93000884274968421,13111
13239,-24.03300000000000125,10.92911462381626286,13112
13240,-24.08800000000000097,10.91803817807088173,13113
13241,-24.09400000000000119,10.90808156365882375,13114
13242,-21.76500000000000057,10.88165239414163565,13115
13243,-17.71000000000000085,10.88138338521615722,13116
13244,-14.74000000000000021,10.87831632045163843,13117
13245,-25.16100000000000136,10.86428019104613441,13118
13246,-19.12399999999999878,10.79540894947751895,13119
13247,-12.52999999999999936,10.76600950227414266,13120
13248,-12.06700000000000017,10.81321986410617875,13121
13249,-7.52350000000000030,10.74339768519044824,13122
13250,-24.06500000000000128,10.48171066162703013,13123
13251,-36.14800000000000324,10.52239103322701119,13124
13252,-37.37800000000000011,10.52996337901539903,13125
13253,-24.07799999999999940,10.53603412204524048,13126
13254,-24.32499999999999929,10.51921010304685922,13127
13255,-23.84600000000000009,10.52139830641201890,13128
13256,-25.89000000000000057,10.56769401169688471,13129
13257,-27.98900000000000077,10.74670224970477506,13130
13258,-25.88100000000000023,10.92695851392944562,13131
13259,-29.26500000000000057,10.99658973058771494,13132
13260,-30.42099999999999937,11.02530341956304127,13133
13261,-29.87199999999999989,11.04225150362352714,13134
13262,-27.97400000000000020,11.06171696150856576,13135
13263,-19.91799999999999926,11.08202000112525099,13136
13264,-22.76899999999999835,11.12402964193628208,13137
13265,-25.67399999999999949,11.17424501482273236,13138
13266,-25.60200000000000031,11.20680838832944204,13139
13267,-25.12699999999999889,11.19050862416843373,13140
13268,-22.60999999999999943,11.15456279998727851,13141
13269,-22.11400000000000077,11.07801234278869984,13142
13270,-20.74299999999999855,10.99162902077501514,13143
13271,-15.48600000000000065,10.94503931383909112,13144
13272,-10.17999999999999972,11.01280347387802117,13145
13273,-10.78700000000000081,11.13052244459397855,13146
13274,-9.29449999999999932,11.40730780519509402,13147
13275,-8.54940000000000033,11.65392760304390762,13148
13276,-7.80259999999999998,11.79335515451829863,14289
13277,-6.82800000000000029,11.80015068663265154,14290
13278,-6.12490000000000023,11.82146882659561982,14291
13279,-4.41769999999999996,11.84983972019009713,14292
13280,-4.12729999999999997,11.89511453865645052,14293
13281,-11.89600000000000080,11.89746375140231294,14294
13282,-16.74800000000000111,11.93343361963775351,14295
13283,-21.08099999999999952,11.96411343682491513,14296
13284,-20.41499999999999915,11.96951759902695933,14296
13285,-25.77599999999999980,11.98958521931436927,14297
13286,-28.62699999999999889,11.81514348749345622,14299
13287,-23.20899999999999963,11.54490262440893034,14299
13288,-22.43299999999999983,11.52993559875972451,14300
13289,-25.82400000000000162,11.55053504260602004,14301
13290,-34.59199999999999875,11.54188356074069333,14302
13291,-37.72999999999999687,11.56226998993057187,14303
13292,-36.54699999999999704,11.60600611395817872,14304
13293,-34.76800000000000068,11.59757187064090722,14305
13294,-33.88100000000000023,11.69954699448660129,14306
13295,-26.22100000000000009,11.83955347183290208,14307
13296,-6.24169999999999980,11.87085939774973653,14308
13297,-8.26270000000000060,11.61204381384740891,14309
13298,-10.98799999999999955,11.50526129137038289,14310
13299,-11.87400000000000055,11.43089924407933644,14311
13300,-13.06400000000000006,11.44838556633849969,14311
13301,-14.57900000000000063,11.49602280482464423,14312
13302,-15.06199999999999939,11.57485745256683707,14313
13303,-16.99399999999999977,11.66789420882348338,14314
13304,-18.69500000000000028,11.75800164111798551,14315
13305,-20.19300000000000139,11.86156618317239264,14316
13306,-20.65800000000000125,11.97671778682682664,14317
13307,-23.48400000000000176,12.07193559550661099,14318
13308,-24.64900000000000091,12.14852299311963435,14319
13309,-24.10600000000000165,12.20467552061151650,14320
13310,-25.20400000000000063,12.30222042935051263,14321
13311,-26.79700000000000060,12.38488911618011734,9038
13312,-25.44999999999999929,12.45415953427434275,9039
13313,-26.53999999999999915,12.43127935345276391,9040
13314,-26.97800000000000153,12.45160511538095349,9041
13315,-25.42500000000000071,12.41782825777625554,9042
13316,-25.22400000000000020,12.48869200412770830,9043
13317,-25.02799999999999869,12.50577136672745127,9044
13318,-24.98000000000000043,12.51538817655460178,13568
13319,-24.24099999999999966,12.44444652472200907,13569
13320,-20.21999999999999886,12.37690688371766079,13570
13321,-15.50900000000000034,12.34523017977470793,13571
13322,-15.18500000000000050,12.35143326225029092,13572
13323,-11.57600000000000051,12.36313050581271078,13573
13324,-13.30599999999999916,12.38202685171573414,13574
13325,-15.21599999999999930,12.38284815216330159,13576
13326,-23.24299999999999855,11.98436327221534192,13577
13327,-26.89900000000000091,11.78667007524929033,13578
13328,-26.79599999999999937,11.72311866293974703,13579
13329,-29.39000000000000057,11.68064893459833264,13579
13330,-28.14099999999999824,11.70692039803822837,13580
13331,-24.28099999999999881,11.76746311477822360,13581
13332,-20.80000000000000071,11.83477475517737432,13582
13333,-21.97200000000000131,11.90329095750679400,13583
13334,-19.54400000000000048,11.90274654539023480,13584
13335,-16.23400000000000176,11.96277385195814524,13585
13336,-17.88800000000000168,12.11680230272203573,13586
13337,-15.87500000000000000,12.20801760414618720,13587
13338,-15.38799999999999990,12.34876403202974338,13588
13339,-12.39300000000000068,12.48772240807760525,13589
13340,-11.26800000000000068,12.43529776544783338,13590
13341,-7.85639999999999983,12.41884570183905367,13591
13342,-9.47899999999999920,12.36710416966159620,13592
13343,-12.26600000000000001,12.23293477900423376,13594
13344,-17.97899999999999920,12.05974328405481621,13595
13345,-21.46499999999999986,12.00529592498962828,13596
13346,-28.35099999999999909,11.95586673056242866,13597
13347,-28.81800000000000139,11.95306523663947651,13598
13348,-27.76399999999999935,11.94015141354120324,13599
13349,-30.07000000000000028,11.99156555844733241,13599
13350,-32.16499999999999915,12.02995846464403407,13601
13351,-33.18200000000000216,12.06881717826121481,13602
13352,-31.99399999999999977,12.13076619867746686,13603
13353,-31.13700000000000045,12.23204859143750589,13604
13354,-30.19000000000000128,12.33056588074978244,13604
13355,-30.59700000000000131,12.42390433145833306,13606
13356,-33.39800000000000324,12.47564779225652210,13607
13357,-35.41499999999999915,12.54946302675332070,13608
13358,-34.95199999999999818,12.64705692818261262,13609
13359,-27.42099999999999937,12.73045532550106529,13610
13360,-19.42099999999999937,12.72575950555455115,13611
13361,-20.05099999999999838,12.77822565902294549,13612
13362,-17.94699999999999918,12.77993987816868326,13613
13363,-17.97299999999999898,12.77974585612637881,13614
13364,-16.33200000000000074,12.76307890041740833,13615
13365,-16.75799999999999912,12.74561847706488393,13616
13366,-18.76399999999999935,12.69835733552133483,13617
13367,-21.04700000000000060,12.65861144348794376,13618
13368,-17.21099999999999852,12.64118442793222208,13619
13369,-18.83200000000000074,12.60934966307382865,13620
13370,-17.81500000000000128,12.57807704256906156,13621
13371,-25.93100000000000094,12.55370053408360675,13622
13372,-19.14699999999999847,12.55330797740040261,13623
13373,-9.24810000000000088,12.53874896120239590,13624
13374,-7.88079999999999981,12.39846687192596697,13625
13375,-7.03260000000000041,12.27730628261329571,13626
13376,-18.46799999999999997,12.56969664875770576,13627
13377,-36.23499999999999943,12.93105781829577161,13628
13378,-43.19200000000000017,13.30712538253505883,13628
13379,-39.23199999999999932,13.31536170401300367,17966
13380,-39.42000000000000171,13.45352947756544637,17967
13381,-37.49900000000000233,13.45747242386554987,17968
13382,-38.94599999999999795,13.36638414570371047,17969
13383,-35.89099999999999824,13.26783397265077191,10950
13384,-32.20700000000000074,13.15230218534243534,10950
13385,-31.16000000000000014,13.13443718305433450,10951
13386,-29.91600000000000037,13.06395261706594191,12881
13387,-29.95100000000000051,12.92644622414988298,12882
13388,-27.66100000000000136,12.78704064731537926,12883
13389,-20.92000000000000171,12.66135313502090476,12884
13390,-21.70599999999999952,12.61233831269263206,12885
13391,-24.01599999999999824,12.56222103563108661,12886
13392,-21.63299999999999912,12.50173210687093395,12887
13393,-21.24699999999999989,12.47789542316064804,12888
13394,-21.39300000000000068,12.41489323815157597,12889
13395,-18.27899999999999991,12.35644088116705674,12890
13396,-12.88299999999999912,12.32713972680567949,12891
13397,-11.55199999999999960,12.28924802563595975,12892
13398,-11.94100000000000072,12.26268898686828202,12893
13399,-12.31499999999999950,12.24723362131580728,12894
13400,-11.85699999999999932,12.22709189800984397,12895
13401,-10.66300000000000026,12.20325224702737721,12896
13402,-10.35200000000000031,12.18962500637328006,12897
13403,-8.39349999999999952,12.17643970558969535,12898
13404,-6.53720000000000034,12.16689917343136429,12899
13405,-6.71539999999999981,12.13967151805178268,12900
13406,-7.23329999999999984,12.12309092295717328,12901
13407,-9.33849999999999980,12.08423857586538475,12902
13408,-10.71199999999999974,12.04473594653852686,12903
13409,-20.98699999999999832,11.99951114608799863,12904
13410,-27.75499999999999901,11.94884536824465471,12905
13411,-33.30400000000000205,11.87577372879753490,12906
13412,-33.40299999999999869,11.73442733735180710,12907
13413,-33.84100000000000108,11.54698539613202612,12908
13414,-36.22999999999999687,11.35316177179721997,12909
13415,-37.30899999999999750,11.12070961027714588,12910
13416,-34.76500000000000057,10.84986618217589616,12911
13417,-38.57000000000000028,10.62258349277414560,12912
13418,-34.74099999999999966,10.29446864556619445,12913
13419,-28.76500000000000057,10.03324358579150122,12914
13420,-28.20200000000000173,9.86997110258730537,12915
13421,-13.48300000000000054,9.68921226622004284,12916
13422,-11.41799999999999926,9.70882949991814748,12917
13423,-16.45200000000000173,9.73403524062039338,12918
13424,-18.52899999999999991,9.73791128527459016,12919
13425,-17.69600000000000151,9.78711424902224891,12920
13426,-21.76899999999999835,9.82899676620508878,12921
13427,-21.38299999999999912,9.86684464268880213,12922
13428,-23.56800000000000139,9.89314212632351087,12923
13429,-23.10699999999999932,9.80052818529108194,12924
13430,-23.07400000000000162,9.69814363418630876,12925
13431,-22.77299999999999969,9.59348626877442179,12926
13432,-22.87399999999999878,9.48811123495570286,12927
13433,-18.97400000000000020,9.35627089826003555,12928
13434,-15.62400000000000055,9.27962148008095511,12929
13435,-16.37199999999999989,9.25714004420511927,12930
13436,-19.24800000000000111,9.22670174447449298,12931
13437,-18.39000000000000057,9.17820008866256387,12932
13438,-21.75799999999999912,9.13801407266321064,12933
13439,-22.61599999999999966,9.06613517867480212,12934
13440,-24.26000000000000156,9.00560937762952385,12935
13441,-25.53800000000000026,8.91854380345570341,12936
13442,-22.68700000000000117,8.83535527353937233,12937
13443,-23.42699999999999960,8.76426772843389124,12938
13444,-22.37300000000000111,8.68007860746415005,12939
13445,-25.04100000000000037,8.60188703949888200,12940
13446,-24.08500000000000085,8.48908599968631172,12941
13447,-23.07300000000000040,8.36706464407649442,12942
13448,-26.84199999999999875,8.27256541113433030,12943
13449,-22.66900000000000048,8.07536167621480772,12944
13450,-21.17099999999999937,7.94143046438413069,12945
13451,-18.52899999999999991,7.84341719517303471,12946
13452,-18.17299999999999827,7.79093891093109381,12947
13453,-16.45599999999999952,7.72014522274642090,12948
13454,-18.98100000000000165,7.68321511628127229,12949
13455,-13.23099999999999987,7.61473347906720743,12950
13456,-10.10200000000000031,7.62436234247294209,12951
13457,-9.26299999999999990,7.63392391029705397,12952
13458,-11.68699999999999939,7.62658690896471736,12953
13459,-15.30700000000000038,7.65202943660061674,12954
13460,-20.63500000000000156,7.63533411151248309,12955
13461,-24.82600000000000051,7.50313696349605852,12956
13462,-24.26200000000000045,7.27929144031123521,12957
13463,-25.98199999999999932,7.04612483659719047,12958
13464,-24.66300000000000026,6.74859121958417330,12959
13465,-22.45499999999999829,6.44844168103125437,12960
13466,-14.77100000000000080,6.19762371774663290,12961
13467,-11.94999999999999929,6.13515170837604096,12962
13468,-9.22620000000000040,6.17405728187039227,12963
13469,-6.58600000000000030,6.22763081970117316,12964
13470,-2.04079999999999995,6.27064830315922439,12965
13471,-2.60570000000000013,6.29950670820593661,12966
13472,-5.43440000000000012,6.39208029513337372,12967
13473,-3.78209999999999980,6.68069199514636569,12968
13474,-6.17839999999999989,6.70694768421391263,12969
13475,-7.34009999999999962,6.74800195869546915,12970
13476,-8.97289999999999921,6.78983930854478857,12971
13477,-10.46799999999999997,6.82590698604721169,12972
13478,-11.17999999999999972,6.89395456893937553,12973
13479,-11.03899999999999970,6.97909080609718480,12974
13480,-0.24326000000000000,7.02629155723431076,12975
13481,1.17290000000000005,7.10920738004271069,12976
13482,-3.42910000000000004,7.20390278842395837,12977
13483,-6.17710000000000026,7.29266083751762029,12978
13484,-8.71560000000000024,7.36394394583290079,12979
13485,-12.60299999999999976,7.41522903692223956,12980
13486,-16.39000000000000057,7.39428339543976776,12981
13487,-16.77799999999999869,7.34230276747890720,12982
13488,-13.99699999999999989,7.31250610429823134,12983
13489,-16.10699999999999932,7.32138736497209752,12984
13490,-12.91600000000000037,7.28196369225388462,12985
13491,-11.05199999999999960,7.31066625485397914,12986
13492,-8.13780000000000037,7.33077875088623099,12987
13493,-11.58300000000000018,7.29183153570474119,12988
13494,-11.22000000000000064,7.28486355510672734,12989
13495,-10.64000000000000057,7.26452423382634205,12990
13496,-11.63799999999999990,7.25187624998601077,12991
13497,-14.49200000000000088,7.25750792644458897,12992
13498,-17.06099999999999994,7.28149822318613538,12993
13499,-19.54400000000000048,7.29533764848470145,12994
13500,-20.70899999999999963,7.29440499717560176,12995
13501,-22.87000000000000099,7.29226549380500710,12996
13502,-24.94600000000000151,7.23758377773526274,12997
13503,-25.31299999999999883,7.10177955695748864,12998
13504,-25.76399999999999935,6.97943397969593171,12999
13505,-25.76899999999999835,6.88684613915567745,13000
13506,-24.48999999999999844,6.82358188155993428,13001
13507,-22.82000000000000028,6.78872874357148159,13002
13508,-19.82600000000000051,6.74081252788110952,13003
13509,-22.20700000000000074,6.78824020762381153,13004
13510,-22.92699999999999960,6.83934016135531220,13005
13511,-22.80199999999999960,6.93161539822823958,13006
13512,-20.76200000000000045,6.94185148496530591,13007
13513,-21.32100000000000151,6.95452570180984697,13008
13514,-20.00199999999999889,6.95768885778297452,13009
13515,-19.33899999999999864,6.96870612815418866,13010
13516,-19.05600000000000094,6.94748305369446495,13011
13517,-16.47299999999999898,6.94969597455377563,13012
13518,-16.92200000000000060,6.92633617702772941,13013
13519,-17.43100000000000094,6.94334515903602068,13014
13520,-16.81299999999999883,6.93819506815381803,13015
13521,-17.25600000000000023,6.91426361728986905,13016
13522,-17.89900000000000091,6.88368711510840736,13017
13523,-18.60500000000000043,6.88244256963728684,13018
13524,-20.76000000000000156,7.12936749172547479,13019
13525,-19.51000000000000156,7.44510673109453336,13020
13526,-20.40399999999999991,7.79587945200005272,13021
13527,-20.49299999999999855,8.13027147699185626,13022
13528,-20.88800000000000168,8.42885933383326957,13023
13529,-21.33800000000000097,8.71324488072865933,13024
13530,-21.65899999999999892,8.98501944621211202,13025
13531,-23.99099999999999966,9.45068175949315581,13026
13532,-25.07000000000000028,9.84790262650707149,13027
13533,-18.47899999999999920,10.23983736500805897,13028
13534,-11.55000000000000071,10.73467352800161656,13029
13535,-11.18500000000000050,11.28945834349303645,13030
13536,-14.50600000000000023,11.73698788519553027,13031
13537,-13.54899999999999949,11.94215647230985411,13032
13538,-12.27899999999999991,11.94449750467479099,13033
13539,-25.53000000000000114,11.93520034010087016,13034
13540,-48.27100000000000080,11.91487558811144609,13035
13541,-43.52499999999999858,11.99828303501991122,13036
13542,-41.16700000000000159,12.19664407723235477,13037
13543,-46.88300000000000267,12.36592916121084684,13038
13544,-46.93699999999999761,12.66257480983227701,13039
13545,-45.62299999999999756,12.62740872167483452,14560
13546,-43.92999999999999972,12.37325838031579650,14561
13547,-36.30700000000000216,12.48944846194834213,14562
13548,-23.58699999999999974,12.32048357032545738,13298
13549,-24.06700000000000017,12.27964518912466119,13299
13550,-23.39999999999999858,12.27527837068855554,13300
13551,-20.78600000000000136,12.29389240719733678,13301
13552,-18.00499999999999901,12.31820679219373282,14567
13553,-18.01300000000000168,12.26297513308289311,14568
13554,-16.88599999999999923,12.21522851765496576,14569
13555,-17.68100000000000094,12.17515082847595664,14570
13556,-21.48999999999999844,12.13731402330383347,14571
13557,-23.00199999999999889,12.11206478427553535,14572
13558,-23.74299999999999855,12.07874285844484241,14573
13559,-24.71999999999999886,12.05688712584747080,14574
13560,-26.26699999999999946,12.02928632076626236,14575
13561,-22.23600000000000065,11.98506187153787117,14576
13562,-20.65399999999999991,11.95116400495210485,14577
13563,-13.73499999999999943,11.90693579124321388,14578
13564,-13.29400000000000048,11.88887155204912105,14579
13565,-9.69389999999999930,11.88758798568064812,14580
13566,-10.36899999999999977,11.87424473843162076,14581
13567,-12.91099999999999959,11.86729434792628624,14582
13568,-14.43800000000000061,11.87407013414204116,14583
13569,-13.83799999999999919,11.89669935715227567,14584
13570,-13.58500000000000085,11.90836316549511054,14585
13571,-16.35999999999999943,11.94383447611917504,14586
13572,-14.17800000000000082,11.96172596728017901,14587
13573,-15.66399999999999970,11.97745406361169529,14588
13574,-17.42000000000000171,11.82012320526198224,14589
13575,-46.14300000000000068,11.55804822735383830,14590
13576,-45.90100000000000335,11.69247983268628310,14592
13577,-46.68999999999999773,11.54572407806424650,14593
13578,-43.56000000000000227,11.47107215818634529,14594
13579,-39.86200000000000188,11.06450343437470174,14595
13580,-31.98000000000000043,10.75849855487433260,14596
13581,-23.67699999999999960,10.60264877504702064,14597
13582,-24.10699999999999932,10.50799064093143187,14598
13583,-21.20400000000000063,10.41923991246403958,14599
13584,-20.23400000000000176,10.37352022388805395,14600
13585,-21.02700000000000102,10.35317858125780610,14601
13586,-20.08099999999999952,10.42419478214656081,14602
13587,-19.60800000000000054,10.38769194035492305,14603
13588,-21.22400000000000020,10.33782014157755569,14604
13589,-22.64499999999999957,10.60932511581579796,14605
13590,-21.01999999999999957,10.71221811937502899,14606
13591,-22.59600000000000009,10.83293351940510085,14607
13592,-24.51699999999999946,10.87474153308845359,14608
13593,-31.21699999999999875,10.90589092256385229,14609
13594,-30.84199999999999875,11.04734210427742802,14610
13595,-28.73799999999999955,11.10670299111963288,14611
13596,-30.40399999999999991,11.16613133808648861,14612
13597,-29.27599999999999980,11.16731494753781462,14613
13598,-28.93599999999999994,11.16870337068098884,14614
13599,-30.01399999999999935,11.22195848051338452,14615
13600,-30.28800000000000026,11.32900875915473193,14616
13601,-29.45700000000000074,11.38895163803316102,14617
13602,-30.01899999999999835,11.44181619111632742,14618
13603,-30.19699999999999918,11.50791999167629065,14619
13604,-32.05199999999999960,11.65891431360099695,14620
13605,-30.33500000000000085,11.85246031863904470,14621
13606,-33.46600000000000108,11.96120424525012460,14622
13607,-33.20900000000000318,12.08946429028138425,14623
13608,-35.89999999999999858,12.20865974471969295,14624
13609,-31.33299999999999841,12.03121225161129537,8382
13610,-19.16900000000000048,11.77098649396493002,8383
13611,-20.05499999999999972,11.76374942796370959,8384
13612,-25.42500000000000071,11.79892492146994165,8385
13613,-23.52799999999999869,11.82624353087546432,8386
13614,-22.34100000000000108,11.87155651939097822,8387
13615,-23.78999999999999915,11.90594695980298745,8388
13616,-25.30499999999999972,11.92716229144114060,8389
13617,-22.95100000000000051,11.98016360420644055,8390
13618,-23.53200000000000003,11.93005386328794692,8391
13619,-23.50199999999999889,11.95513565767076791,8392
13620,-24.32100000000000151,11.98560853787273750,8393
13621,-21.81299999999999883,12.01074817655329241,8394
13622,-22.70299999999999940,11.98599477586405726,8395
13623,-19.02599999999999980,12.08848438212004517,8396
13624,-26.46199999999999974,12.13124239090749334,8397
13625,-24.97800000000000153,12.14428170414283770,8398
13626,-18.87999999999999901,12.12279353242849744,8399
13627,-19.23999999999999844,12.04644939848443563,8400
13628,-32.76100000000000279,11.91224950910216585,8401
13629,-36.06499999999999773,12.01476548588259163,14645
13630,-36.65800000000000125,12.02601646786554390,14645
13631,-29.66799999999999926,12.21193196219959809,14646
13632,-30.44800000000000040,12.23655890297187199,14647
13633,-31.32700000000000173,12.28425142274164727,14648
13634,-30.17099999999999937,12.37038308437266210,14649
13635,-30.86700000000000088,12.41567297199888564,14650
13636,-27.45299999999999940,12.45128093595027785,14651
13637,-27.15500000000000114,12.49207982078432977,14652
13638,-27.36700000000000088,12.55615850636370290,14653
13639,-23.36499999999999844,12.47969182882349592,12373
13640,-24.76200000000000045,12.33237852983929983,12374
13641,-25.50100000000000122,12.16150950813597653,12375
13642,-25.36400000000000077,12.02771277303743247,12376
13643,-22.82799999999999940,11.90391382457713476,12377
13644,-21.16700000000000159,11.82384248178798458,12378
13645,-18.91700000000000159,11.78745758906172370,12379
13646,-17.03000000000000114,11.77924354248858307,12380
13647,-11.88799999999999990,11.77199941991761278,12381
13648,-10.84900000000000020,11.76233810595601703,12382
13649,-11.32199999999999918,11.75332420948244305,12383
13650,-11.40600000000000058,11.74255544284308428,12384
13651,-9.11700000000000088,11.70311835958520241,12385
13652,-10.19800000000000040,11.66595569235379592,12386
13653,-9.20490000000000030,11.64360540046248360,12387
13654,-8.35800000000000054,11.60501724180532790,12388
13655,-7.07190000000000030,11.57563111040350101,12389
13656,-7.55780000000000030,11.50601461257390312,12390
13657,-11.04400000000000048,11.53900964236126647,12391
13658,-20.25799999999999912,11.58822188969667266,12392
13659,-20.50300000000000011,11.61598141074160928,12393
13660,-22.57799999999999940,11.63084056207367034,12394
13661,-24.34499999999999886,11.63625902790260902,12395
13662,-23.84100000000000108,11.68367528370831110,12396
13663,-27.87500000000000000,11.67091936883213421,12397
13664,-32.09700000000000131,11.73958569624759463,12398
13665,-33.28099999999999881,12.01470159508531310,12399
13666,-26.76399999999999935,11.74249878375374578,11478
13667,-26.13800000000000168,11.58618607303451853,11479
13668,-24.90500000000000114,11.48728607800649293,11480
13669,-35.73299999999999699,11.44782136756276714,11481
13670,-32.41400000000000148,11.31361342797977265,11482
13671,-27.91199999999999903,11.31304913739892726,11483
13672,-15.97799999999999976,11.34712676478782001,11484
13673,-8.03110000000000035,11.10152569760571950,12407
13674,-13.89899999999999913,10.64913238128712436,12407
13675,-16.50600000000000023,10.53303552165440671,12407
13676,-17.23000000000000043,10.47523860913759464,12408
13677,-21.92599999999999838,10.42709281851406899,12409
13678,-24.70899999999999963,10.43670007642827535,12410
13679,-22.53600000000000136,10.44000672040566968,12412
13680,-21.46300000000000097,10.44251643049893019,12413
13681,-22.27799999999999869,10.44423483326540847,12414
13682,-23.53399999999999892,10.44865767935878154,12415
13683,-23.11499999999999844,10.43587138604453202,12416
13684,-23.61700000000000088,10.41993459981445014,12417
13685,-24.24800000000000111,10.42886887931500439,12418
13686,-24.27899999999999991,10.45884222958453869,12419
13687,-25.18700000000000117,10.44067267794421561,12420
13688,-25.75199999999999889,10.43887648287078740,12421
13689,-25.39600000000000080,10.42370792955832215,12422
13690,-24.07199999999999918,10.40081725610678909,12423
13691,-24.87000000000000099,10.36876928730539760,12424
13692,-23.79500000000000171,10.38341800292630701,12425
13693,-24.91000000000000014,10.30682109410286529,12426
13694,-26.71999999999999886,10.31809619888035812,12427
13695,-25.04599999999999937,10.34714918765147473,12428
13696,-24.56599999999999895,10.40502077593007613,12429
13697,-23.02100000000000080,10.45532588177859168,12430
13698,-25.35500000000000043,10.43493699313503420,12431
13699,-20.37300000000000111,10.30624479811168293,12432
13700,-16.72400000000000020,10.20003562834048516,12433
13701,-14.43099999999999916,10.14102267262744306,12434
13702,-13.16499999999999915,10.12246513643505175,12435
13703,-11.66699999999999982,10.11903992011693809,12436
13704,-18.95200000000000173,10.06174867749258084,12437
13705,-22.82300000000000040,10.07267635034297371,12438
13706,-27.46999999999999886,10.07384141621603746,12439
13707,-32.19200000000000017,10.07638793159387625,12440
13708,-32.93299999999999983,10.12150381725177795,12441
13709,-33.46900000000000119,10.22727194391375605,12442
13710,-34.25900000000000034,10.32261290402811404,12443
13711,-30.68799999999999883,10.41816108817259590,12444
13712,-28.30900000000000105,10.46160945700771627,12445
13713,-23.86599999999999966,10.52776346925874584,12446
13714,-24.64900000000000091,10.61564975240328934,12447
13715,-26.13599999999999923,10.64546909937407015,12448
13716,-23.44699999999999918,10.68934654072569757,12449
13717,-18.86199999999999832,10.68424845603664330,12450
13718,-19.82000000000000028,10.64176239781491873,12451
13719,-15.85500000000000043,10.58393230319872735,12452
13720,-10.53500000000000014,10.40345885364444101,12453
13721,-9.77609999999999957,10.12986225109355587,12454
13722,-9.35629999999999917,9.89986865888977974,12455
13723,-10.12400000000000055,9.71032624866801086,12456
13724,-13.31300000000000061,9.75978057497340501,12457
13725,-14.51099999999999923,9.95332605940714643,12458
13726,-15.47100000000000009,10.17236269352411604,12459
13727,-14.52500000000000036,10.26465856947408462,12460
13728,-15.12299999999999933,10.39675263270425631,12461
13729,-15.31900000000000084,10.71340482266892025,12462
13730,-9.21669999999999945,11.04754320174780524,12463
13731,-9.62369999999999948,10.84185488995812285,7404
13732,-10.99099999999999966,10.87289587873641672,7405
13733,-10.22400000000000020,10.85641243839907411,7406
13734,-10.68500000000000050,10.83913150085484212,7407
13735,-11.78200000000000003,10.95610631006380942,7408
13736,-11.50099999999999945,10.94675580459217556,7409
13737,-11.66699999999999982,11.02658159635698532,7410
13738,-7.82120000000000015,11.14060114350934505,7411
13739,-14.02299999999999969,11.13628674617356040,7412
13740,-17.25799999999999912,11.15848313471706987,7413
13741,-18.13200000000000145,11.17061798737668532,7414
13742,-15.90099999999999980,11.23551968999644401,7415
13743,-14.03200000000000003,11.24099596863698913,7416
13744,-14.19100000000000072,11.25927685322416671,7417
13745,-12.35999999999999943,11.28706063793293701,7418
13746,-12.44999999999999929,11.30149613968633204,7419
13747,-10.56499999999999950,11.35055099094105202,7420
13748,-13.98499999999999943,11.40830516676875384,7421
13749,-11.56499999999999950,11.49353271896117690,7422
13750,-11.99699999999999989,11.57107794691740921,7423
13751,-13.77800000000000047,11.62428507017367885,7424
13752,-12.38700000000000045,11.67270594581699683,7425
13753,-13.08399999999999963,11.72046355909669657,7426
13754,-13.27999999999999936,11.74713173381032760,7427
13755,-13.02399999999999913,11.75732821151217244,7428
13756,-15.41300000000000026,11.74001705029449383,7429
13757,-15.33500000000000085,11.73125333734866160,7430
13758,-13.20899999999999963,11.82455691618171656,7431
13759,-15.40799999999999947,11.93346571432636161,11480
13760,-14.17800000000000082,11.89292102483354618,11481
13761,-13.78700000000000081,11.85060790796322827,11482
13762,-12.18500000000000050,11.88040722865612686,11483
13763,-13.74600000000000044,11.94754594633035616,11485
13764,-14.93800000000000061,12.01591472316745701,11486
13765,-14.89400000000000013,12.04838254166039135,11487
13766,-15.42999999999999972,12.14054658599809855,11488
13767,-16.50499999999999901,12.16688053626032762,11489
13768,-16.28999999999999915,12.22571309600121126,11490
13769,-15.96100000000000030,12.22343938629741622,11491
13770,-16.27199999999999847,12.24141628347333288,11492
13771,-18.95499999999999829,12.27045264506316080,11493
13772,-21.19800000000000040,12.44290494066028252,11494
13773,-19.73699999999999832,12.71426980540175222,11494
13774,-20.40500000000000114,12.80124236989117925,12507
13775,-22.82499999999999929,12.66726232255547480,12508
13776,-21.31700000000000017,12.56159024852805928,12509
13777,-20.82900000000000063,12.42036777388032576,12510
13778,-22.02599999999999980,12.24716995909308537,12511
13779,-20.06299999999999883,12.09701007659501393,12512
13780,-16.22899999999999920,11.98490244578396791,12513
13781,-14.78400000000000070,11.94034000267956053,12514
13782,-15.01600000000000001,11.88818643273786790,12515
13783,-17.85300000000000153,11.81659897556507133,12516
13784,-23.65399999999999991,11.77365015080770227,12517
13785,-29.37000000000000099,11.78856636464726293,12518
13786,-28.58699999999999974,11.82648954318982959,12519
13787,-30.95899999999999963,11.89438559250043603,12520
13788,-30.35500000000000043,12.03997500528408615,12521
13789,-29.51300000000000168,12.20435439022572055,12522
13790,-28.97899999999999920,12.43616384776455952,12523
13791,-26.98300000000000054,12.76912751648994337,12524
13792,-25.43599999999999994,12.95668359126617730,12525
13793,-30.12999999999999901,13.04652976477742499,12526
13794,-29.14099999999999824,13.12138618538875967,12527
13795,-28.60800000000000054,13.17177737120782588,12528
13796,-28.76999999999999957,13.20726797816130471,12529
13797,-28.78000000000000114,13.29682011128771357,12530
13798,-28.36899999999999977,13.36163890215747685,12531
13799,-15.59800000000000075,13.43169310039736963,12532
13800,-21.28699999999999903,13.29856363913513384,12533
13801,-23.39099999999999824,13.35550255246379869,12534
13802,-26.15800000000000125,13.38758409300220542,12535
13803,-28.69900000000000162,13.44284628238253099,12536
13804,-30.42999999999999972,13.56314879051557476,12537
13805,-25.38100000000000023,13.69805517403977646,10924
13806,-21.69300000000000139,13.66494647225389691,1491
13807,-19.68599999999999994,13.66622024395562285,1492
13808,-23.33899999999999864,13.66458148370495884,1493
13809,-19.69900000000000162,13.65378424120371470,1494
13810,-18.04100000000000037,13.65155778030054634,1495
13811,-16.05099999999999838,13.63237517933839094,12544
13812,-17.32900000000000063,13.57984393360976227,12545
13813,-15.69699999999999918,13.54597976833813711,12546
13814,-17.26399999999999935,13.50722758010044444,12547
13815,-19.75300000000000011,13.46212919349071591,12548
13816,-16.44600000000000151,13.42601015549815813,12549
13817,-13.48600000000000065,13.37888236288492472,12550
13818,-15.58300000000000018,13.34032330976251046,12551
13819,-14.61700000000000088,13.29452038291681149,12552
13820,-13.82300000000000040,13.23899918738323223,12553
13821,-13.97799999999999976,13.18525121807266132,12554
13822,-15.31900000000000084,13.13375865730276715,12555
13823,-12.30599999999999916,13.08821440273309022,12556
13824,-13.97600000000000087,13.05013262056611190,12557
13825,-13.03500000000000014,13.02311949643249633,12558
13826,-15.79400000000000048,13.04033941680702036,12559
13827,-13.78299999999999947,13.01081960835634455,12560
13828,-10.68699999999999939,13.00234436636181989,12561
13829,-10.98799999999999955,13.05420913969415508,12562
13830,-10.57699999999999996,13.13045589587287765,12563
13831,-9.25510000000000055,13.38389936478780129,12564
13832,-10.10500000000000043,13.46989540854577960,12565
13833,-9.83259999999999934,13.47846803513427005,12566
13834,-10.75999999999999979,13.48197499102150765,12567
13835,-12.47100000000000009,13.49092188666255687,12568
13836,-11.35999999999999943,13.51200075253388633,12569
13837,-10.60100000000000087,13.52977777771119605,12570
13838,-13.29899999999999949,13.53026248583477198,12571
13839,-12.76999999999999957,13.55575390914950873,12572
13840,-13.32199999999999918,13.58194822954620129,12573
13841,-14.30700000000000038,13.59960744936663701,12574
13842,-13.54599999999999937,13.62683259492893484,12575
13843,-14.29299999999999926,13.61838282538474054,12576
13844,-15.04800000000000004,13.62882941232816059,12577
13845,-16.33699999999999974,13.71978614025887389,12578
13846,-15.29800000000000004,13.74683533607025154,12579
13847,-16.41000000000000014,13.74608661865201675,12580
13848,-15.22899999999999920,13.73318689959306482,12581
13849,-14.49099999999999966,13.82654139111622627,12582
13850,-14.12700000000000067,13.86283223915241791,12583
13851,-13.35800000000000054,13.85518793322073527,12584
13852,-12.83799999999999919,13.84140679224713999,12585
13853,-12.98600000000000065,13.81926524580068794,12586
13854,-15.30199999999999960,13.81648672679388312,12587
13855,-18.34199999999999875,13.81299659754059128,12588
13856,-21.71000000000000085,13.79514007440242729,12589
13857,-24.50400000000000134,13.80679207076723003,12590
13858,-25.94099999999999895,13.80932533731547629,12591
13859,-25.76899999999999835,13.83334319025624026,12592
13860,-26.35099999999999909,13.87570516255104103,12593
13861,-27.12999999999999901,13.92406926047869753,12594
13862,-27.40099999999999980,14.03008245018774680,12595
13863,-30.40399999999999991,14.10865604849761645,12596
13864,-32.65200000000000102,14.14750126711874145,12597
13865,-31.89099999999999824,14.21283831985869739,12598
13866,-28.86499999999999844,14.25012732607939370,12599
13867,-26.73799999999999955,14.33754102556553356,12600
13868,-27.30399999999999849,14.37972855123430982,12601
13869,-21.39300000000000068,14.36292104380316381,9647
13870,-18.79799999999999827,14.34999178884715931,9648
13871,-17.85900000000000176,14.32996613888015425,9649
13872,-17.83200000000000074,14.31227195458475521,9650
13873,-18.80300000000000082,14.29440127092849266,9651
13874,-21.50100000000000122,14.27599814947831014,9652
13875,-19.92500000000000071,14.28029138090672845,9653
13876,-20.12000000000000099,14.25876843791574267,9654
13877,-21.23400000000000176,14.44514334655727694,9655
13878,-23.01899999999999835,14.28232038772326540,14391
13879,-24.16799999999999926,14.20876961313143205,14392
13880,-23.13500000000000156,14.29055432604515552,14393
13881,-23.54400000000000048,14.27875610937278061,14394
13882,-24.30300000000000082,14.33063176130866800,14394
13883,-24.14399999999999835,14.36904717035405632,9958
13884,-23.01500000000000057,14.31726508516021745,15410
13885,-22.47299999999999898,14.13880618603649530,15411
13886,-24.94300000000000139,14.00408078626038133,15412
13887,-24.64499999999999957,13.93728671667979668,15413
13888,-24.86299999999999955,13.78771597781209657,15414
13889,-24.54200000000000159,13.67330962408767903,15415
13890,-25.72899999999999920,13.59224888229952199,15416
13891,-21.57999999999999829,13.56177354656025003,15417
13892,-7.88389999999999969,13.59592731224027951,15418
13893,-10.60299999999999976,13.60542586610553784,15419
13894,-24.70700000000000074,13.60297366301534616,15420
13895,-24.34600000000000009,13.60536460239101686,15421
13896,-17.63599999999999923,13.57879408995103887,15422
13897,-21.56200000000000117,13.53215361172519238,15423
13898,-21.39199999999999946,13.45234198515326973,15424
13899,-25.49500000000000099,13.42042534118761665,15425
13900,-26.60000000000000142,13.33242398687382746,15426
13901,-27.00100000000000122,13.23080533367613931,15427
13902,-26.91900000000000048,13.14954909958860618,15428
13903,-26.98400000000000176,13.06557237695124130,15429
13904,-27.03600000000000136,13.03782343088801809,15430
13905,-27.62099999999999866,13.04985570259366234,15431
13906,-26.73699999999999832,12.91183748997356595,15432
13907,-29.14799999999999969,12.78808315166075538,15433
13908,-28.73499999999999943,12.62890822468438756,15434
13909,-27.84799999999999898,12.63014155312697007,15435
13910,-25.73400000000000176,12.48220890812090111,14422
13911,-23.36299999999999955,12.33985714817367807,14423
13912,-23.63500000000000156,12.20188116126098343,14424
13913,-23.96099999999999852,12.03870758629496329,14425
13914,-20.82000000000000028,11.96798650000554431,14426
13915,-18.70299999999999940,12.20179267932650014,14427
13916,-14.15000000000000036,12.40594047389673449,14428
13917,-14.47700000000000031,12.39445137535693497,14429
13918,-12.53500000000000014,12.37885994099061904,14430
13919,-15.05100000000000016,12.28379789688439772,14431
13920,-13.80799999999999983,12.05245915132215018,14432
13921,-14.47300000000000075,11.90304434849548443,14433
13922,-16.19600000000000151,11.82865881620141479,14434
13923,-15.83399999999999963,11.80996688558640173,14435
13924,-14.95599999999999952,11.81147486702287885,14436
13925,-17.55600000000000094,11.79753121232284130,14437
13926,-22.44500000000000028,11.78890950015544803,14438
13927,-21.48300000000000054,11.77636830361597298,14439
13928,-17.57600000000000051,11.79327231522330344,14440
13929,-18.57999999999999829,11.77628608775545160,14441
13930,-17.49899999999999878,11.75847433682306331,14442
13931,-19.87600000000000122,11.96471005727684478,14443
13932,-17.21199999999999974,11.95911526458539598,14444
13933,-14.64100000000000001,12.04745623476184413,14445
13934,-18.52700000000000102,12.36816284420654455,14446
13935,-11.52299999999999969,12.69007585823398898,14447
13936,-6.05330000000000013,12.86449396356421637,14448
13937,-2.64840000000000009,12.69879514906504347,14449
13938,-6.12969999999999970,12.56482460586063077,14450
13939,-3.97849999999999993,12.45851808415782358,14451
13940,-12.55000000000000071,12.22877892853872872,14452
13941,-15.38499999999999979,12.04046118789160502,14453
13942,-20.27499999999999858,11.94339052950594571,14454
13943,-20.02100000000000080,11.90680483311787263,14455
13944,-18.71099999999999852,11.86094116094958650,14456
13945,-22.88700000000000045,11.73397449124578529,14457
13946,-21.85300000000000153,11.69762661809244975,14458
13947,-20.54599999999999937,11.70007265660466267,14459
13948,-17.74599999999999866,11.69677934508853134,14460
13949,-17.58699999999999974,11.70153500171904781,14461
13950,-17.26599999999999824,11.70620978742167395,14462
13951,-20.76699999999999946,11.71219717894542001,14463
13952,-20.24399999999999977,11.71875707786966281,14464
13953,-23.60900000000000176,11.71054915132252461,14465
13954,-23.57700000000000173,11.71265917343313312,14466
13955,-25.51200000000000045,11.69499993613496791,14467
13956,-25.60800000000000054,11.70611724916147800,14468
13957,-25.17000000000000171,11.71542019058715312,14469
13958,-23.32900000000000063,11.71972260371124719,14470
13959,-22.01200000000000045,11.71195665668609820,14471
13960,-22.22100000000000009,11.70420552648600854,14472
13961,-18.46699999999999875,11.69808486275490900,14473
13962,-15.29100000000000037,11.68796800811450609,14474
13963,-13.19100000000000072,11.67528131001614788,14475
13964,-13.26399999999999935,11.66882111604372874,14476
13965,-8.24300000000000033,11.65932086409610591,14477
13966,-10.78999999999999915,11.63454173592670315,14478
13967,-6.95389999999999997,11.64221020605677737,14479
13968,-8.25290000000000035,11.60188537819767518,14480
13969,-7.58600000000000030,11.59621740914325727,14481
13970,-6.40709999999999980,11.58485392287649951,14482
13971,-2.11490000000000000,11.56131955104010522,14483
13972,-4.60700000000000021,11.61168510034231183,14484
13973,-6.38469999999999960,11.70025589685829814,14484
13974,-5.27130000000000010,11.79515669458807992,14485
13975,-5.63759999999999994,11.86618355984685103,14486
13976,-3.73139999999999983,11.91259182139869566,14487
13977,2.56999999999999984,11.98270634628144471,14488
13978,-1.44189999999999996,12.17303350806008488,14488
13979,-4.66230000000000011,12.38270944244831995,14489
13980,-8.09950000000000081,12.64850677783031330,14489
13981,-9.69780000000000086,12.83793578015288972,14491
13982,-11.89400000000000013,12.91977906065163673,14493
13983,-10.81000000000000050,12.99025955463643633,14493
13984,-9.52289999999999992,13.00287925452041904,14496
13985,-11.12199999999999989,12.95346778105211882,14497
13986,-16.64399999999999835,12.83243066728068982,14498
13987,-24.38800000000000168,12.80783902619899983,14499
13988,-28.16199999999999903,12.82233925431111388,14500
13989,-32.58200000000000074,12.84536662731866841,14501
13990,-35.82900000000000063,12.83223912430294256,14502
13991,-31.25499999999999901,12.81093302072686591,14503
13992,-23.33999999999999986,12.83786094290320356,14504
13993,-20.24599999999999866,12.85149127693646598,14505
13994,-19.65500000000000114,12.82169961337189079,14506
13995,-22.09299999999999997,12.79032233481521530,14507
13996,-22.82700000000000173,12.77692873035077170,14508
13997,-21.70400000000000063,12.74776355569910358,14509
13998,-17.02899999999999991,12.71046272979379488,14510
13999,-17.74699999999999989,12.67815357971644019,14511
14000,-20.89499999999999957,12.67223438115832224,14512
14001,-16.50700000000000145,12.70459982730653259,14512
14002,-15.01900000000000013,12.84980945046349277,14512
14003,-16.12500000000000000,12.95473151659795441,14512
14004,-17.58599999999999852,13.06438385571305183,14513
14005,-16.24099999999999966,13.14783587739241533,14514
14006,-15.83500000000000085,13.22843962169756971,14515
14007,-13.84200000000000053,13.25805720912672925,14516
14008,-10.41900000000000048,13.29220411758310938,14517
14009,-9.65249999999999986,13.32769532710732818,14518
14010,-7.73709999999999987,13.42120187256303865,14519
14011,-10.13599999999999923,13.57614790370596758,14520
14012,-11.47100000000000009,13.67763511024805112,14521
14013,-9.37759999999999927,13.69834417770067247,14522
14014,-9.31559999999999988,13.70595636897516378,14523
14015,-9.75229999999999997,13.75464588806121746,14524
14016,-9.67070000000000007,13.70158636620380399,14268
14017,-10.67999999999999972,13.55376125454653646,14269
14018,-10.14100000000000001,13.43125342246525555,14269
14019,-9.09259999999999913,13.36168915799225942,14270
14020,-9.44009999999999927,13.28545601444724333,14271
14021,-9.00259999999999927,13.21078479068751399,14272
14022,-9.58510000000000062,13.10474772579644132,14273
14023,-9.53110000000000035,13.03075102768132787,14274
14024,-11.15600000000000058,12.92178779844079450,14275
14025,-14.84299999999999997,12.82356356184237001,14276
14026,-11.25799999999999912,12.77197296483896238,14277
14027,-12.44699999999999918,12.66717882894979752,14278
14028,-18.86599999999999966,12.55509535724812231,14280
14029,-26.66499999999999915,12.51996862090655327,14281
14030,-35.75500000000000256,12.53319898164756729,14282
14031,-31.31500000000000128,12.56912395410717131,14283
14032,-17.66499999999999915,12.60299582623037118,14283
14033,-13.84500000000000064,12.67162432394673388,14284
14034,-11.70100000000000051,12.74942670976327719,14285
14035,-10.43500000000000050,12.91052207708836796,14286
14036,-9.75249999999999950,12.66927786601803518,14545
14037,-11.59299999999999997,12.39679714814785427,14546
14038,-8.18360000000000021,12.51421391457614085,14546
14039,-9.80770000000000053,12.58852581323372988,14548
14040,-12.56799999999999962,12.71097279650033940,14548
14041,-13.44599999999999973,12.92914329656069405,14549
14042,-23.02100000000000080,13.17899951315011542,14550
14043,-21.06099999999999994,13.27514668537858533,14552
14044,-7.08999999999999986,13.26509523071361230,13158
14045,-13.63299999999999912,12.95177389476653751,13159
14046,-19.18400000000000105,12.67209610209485326,13160
14047,-28.30399999999999849,12.60798605936245664,13161
14048,-35.40400000000000347,12.67456254277262495,13162
14049,-31.56800000000000139,12.73545435789662683,13163
14050,-29.07199999999999918,12.75894456682932088,13164
14051,-28.75300000000000011,12.77329623971287553,13165
14052,-22.97200000000000131,12.78915654420083037,13166
14053,-17.72599999999999909,12.67666556796898192,13167
14054,-26.52700000000000102,12.51119762880522046,13168
14055,-25.58200000000000074,12.42392000755023318,13169
14056,-18.31200000000000117,12.30160797835988973,13170
14057,-21.88500000000000156,12.30344142180523725,13171
14058,-19.57400000000000162,12.34420943090841583,13172
14059,-21.79799999999999827,12.35170179137964830,13173
14060,-18.59600000000000009,12.34170112202468950,13174
14061,-21.92200000000000060,12.31017640078683506,13175
14062,-18.81500000000000128,12.21844162434862824,13176
14063,-15.80899999999999928,12.22635661929466444,13177
14064,-17.29599999999999937,12.53006472869466137,13178
14065,-16.65399999999999991,12.79890210070702494,13178
14066,-16.95700000000000074,12.90838445134057189,13179
14067,-15.18599999999999994,12.82787283369062692,13180
14068,-14.74099999999999966,12.70205690715153857,13181
14069,-14.83500000000000085,12.66232732958641094,13182
14070,-12.28500000000000014,12.69830554777875697,13183
14071,-13.87199999999999989,12.65565593357707641,13184
14072,-13.15300000000000047,12.59892051941787194,13185
14073,-12.38499999999999979,12.50729974679836509,13187
14074,-13.41699999999999982,12.38551590011408976,13188
14075,-11.84200000000000053,12.27664062588668337,13189
14076,-29.76399999999999935,12.14556889801863271,13189
14077,-37.75300000000000011,12.15987219650512330,13191
14078,-38.60999999999999943,12.08244408694636896,13192
14079,-39.79599999999999937,12.00007000117615341,13193
14080,-36.55599999999999739,11.93082853795203668,13193
14081,-26.00600000000000023,11.85084505354589979,13195
14082,-20.16600000000000037,11.88928001420173075,13196
14083,-18.23799999999999955,11.97683946718568393,13196
14084,-18.29100000000000037,12.07489879590960413,13197
14085,-17.56700000000000017,12.10912293845431797,13071
14086,-25.99800000000000111,11.71272282882254956,13072
14087,-12.11999999999999922,11.55609980842441509,13073
14088,-12.45599999999999952,10.87054075049797142,13074
14089,-15.12199999999999989,10.19306075149439827,13074
14090,-16.66100000000000136,9.67288113413084183,13075
14091,-15.76800000000000068,9.46151984304287907,13076
14092,-16.80499999999999972,9.35826697865366519,13077
14093,-18.46699999999999875,9.27449551167999253,13078
14094,-16.32199999999999918,9.18990052238128996,13079
14095,-21.77499999999999858,9.09466753568145592,13080
14096,-25.84499999999999886,9.05885002127696026,13081
14097,-25.96799999999999997,9.09269069949564646,13082
14098,-23.53800000000000026,9.08832583875248901,13083
14099,-23.00300000000000011,9.22486605075071608,13084
14100,-26.01599999999999824,9.22075198251329553,13085
14101,-25.16300000000000026,9.24350631346746532,13086
14102,-26.98999999999999844,9.26368437234535413,13087
14103,-27.91199999999999903,9.27711371067117874,13088
14104,-30.04100000000000037,9.29818659946365855,13089
14105,-28.24800000000000111,9.32471755222025322,13090
14106,-27.77899999999999991,9.32178267578140485,13091
14107,-29.36499999999999844,9.28120864213100916,13092
14108,-32.56400000000000006,9.24941668523509719,13093
14109,-33.96999999999999886,9.23616831482264367,13094
14110,-33.46300000000000097,9.25633430367282273,13095
14111,-35.32699999999999818,9.27085485103112106,13096
14112,-36.46900000000000119,9.31440643012895109,13097
14113,-37.65699999999999648,9.34711055162442683,13098
14114,-36.92999999999999972,9.40971407619696976,13099
14115,-40.97800000000000153,9.47297437916707175,13100
14116,-37.41499999999999915,9.53486046012797317,13101
14117,-37.62400000000000233,9.58840358437759832,13102
14118,-34.54099999999999682,9.65000935284687777,13103
14119,-14.47700000000000031,9.69629479963182384,13104
14120,-15.09699999999999953,9.52492012048844394,13105
14121,-21.44200000000000017,9.51263782862943508,13106
14122,-19.51999999999999957,9.50337976175368659,13107
14123,-16.77100000000000080,9.45353876484033506,13108
14124,-15.61299999999999955,9.42010714021749962,13109
14125,-16.47200000000000131,9.38991289261323558,13110
14126,-11.66099999999999959,9.37054644014122218,13111
14127,-14.52800000000000047,9.29735808768870520,13112
14128,-13.57499999999999929,9.28622221774546475,13113
14129,-15.27100000000000080,9.25916787793716445,13114
14130,-26.70100000000000051,9.26622241983354478,13115
14131,-14.73600000000000065,9.27135604747424580,13116
14132,-9.78640000000000043,9.23636049225444289,13117
14133,-9.75839999999999996,9.12356572992618098,13118
14134,-9.18469999999999942,9.13037273585838705,13119
14135,-8.34750000000000014,9.18404730544651393,13120
14136,-38.78699999999999903,9.23421949410800025,13121
14137,-42.05400000000000205,9.19259350200168335,13122
14138,-38.69200000000000017,9.13739212388414579,13123
14139,-34.82200000000000273,9.06688893283194908,13124
14140,-30.62500000000000000,9.17549390662799702,13125
14141,-30.30799999999999983,9.24605661580071825,13126
14142,-29.38400000000000034,9.29120219583013096,13127
14143,-28.99899999999999878,9.31830537412817250,13128
14144,-28.65200000000000102,9.35431239994945507,13129
14145,-30.79500000000000171,9.39973686485275728,13130
14146,-30.23199999999999932,9.46275257720207108,13131
14147,-28.68700000000000117,9.49226553785557670,13132
14148,-28.37900000000000134,9.51276466887786221,13133
14149,-23.86299999999999955,9.53521909802216605,13134
14150,-24.62800000000000011,9.53432656011379365,13135
14151,-20.92099999999999937,9.51624060127758398,13136
14152,-19.41499999999999915,9.50665966249579952,13137
14153,-22.74800000000000111,9.48047194856794739,13138
14154,-16.67599999999999838,9.46731433001085243,13139
14155,-16.19900000000000162,9.36531003188784616,13140
14156,-14.53500000000000014,9.27125133285215774,13141
14157,-14.56000000000000050,9.25021979072340628,13142
14158,-12.81900000000000084,9.24038827029153609,13143
14159,-14.05899999999999928,9.35928929581448443,13144
14160,-14.75500000000000078,9.44936299668328417,13145
14161,-14.03999999999999915,9.52467897365924898,13146
14162,-13.13100000000000023,9.54405474073293014,13147
14163,-12.09699999999999953,9.57988927837972071,13148
14164,-11.73600000000000065,9.66942280254740005,13149
14165,-13.02399999999999913,9.71073829143257150,13150
14166,-13.06700000000000017,9.72549413472928137,13151
14167,-13.37800000000000011,9.73929990461746087,13152
14168,-15.71100000000000030,9.76503710153710536,13153
14169,-22.81099999999999994,9.77043180592685090,13154
14170,-22.80499999999999972,9.75371250954139768,13155
14171,-26.49200000000000088,9.83869630531590822,13156
14172,-24.13899999999999935,9.97164699130865095,13157
14173,-24.38299999999999912,10.15506934556395535,13158
14174,-26.59600000000000009,10.46873086520008300,13159
14175,-28.20400000000000063,10.55487003579060890,13160
14176,-25.64600000000000080,10.56918232964462057,13161
14177,-36.17099999999999937,10.54752058563122752,13163
14178,-35.24900000000000233,10.59307587663789008,13164
14179,-36.29200000000000159,10.61817716244626020,13165
14180,-30.22200000000000131,10.66344115952537486,13166
14181,-26.89099999999999824,10.67002665162032748,13167
14182,-27.48699999999999832,10.64659061230153192,13167
14183,-9.73550000000000004,10.54943719733089402,13169
14184,-15.09099999999999930,10.63279266655461974,13170
14185,-14.67200000000000060,10.66905513582130993,13171
14186,-14.29299999999999926,10.78527317217402981,13171
14187,-16.05399999999999849,10.96302296219569072,13173
14188,-20.07600000000000051,11.10573047575006100,13173
14189,-21.92899999999999849,11.62085917065269491,13174
14190,-23.89600000000000080,12.00790474382314343,13175
14191,-21.38899999999999935,12.20960962136140004,13177
14192,-21.45499999999999829,12.18704730030347427,13178
14193,-25.60900000000000176,12.17365799756990619,13179
14194,-25.91100000000000136,12.18268345058877600,13180
14195,-26.57799999999999940,12.17233877337171499,13181
14196,-28.99399999999999977,12.17981393144737901,13182
14197,-31.11700000000000088,12.19842301874833801,13183
14198,-31.36499999999999844,12.23775076111470739,13184
14199,-32.72299999999999898,12.26810215951857685,13185
14200,-33.19800000000000040,12.28366827642676462,13186
14201,-34.47500000000000142,12.32878903199758902,13187
14202,-32.28000000000000114,12.32080959170450107,13188
14203,-31.42200000000000060,12.32433273166525289,13189
14204,-27.06200000000000117,12.35951058293927751,13190
14205,-22.35399999999999920,12.35942433269697460,13191
14206,-19.67800000000000082,12.35933372208673120,13192
14207,-20.21099999999999852,12.35855231034975077,13193
14208,-18.39999999999999858,12.34886936011491620,13194
14209,-14.24499999999999922,12.35095835044007728,13195
14210,-13.81799999999999962,12.33872419065740900,13196
14211,-19.89000000000000057,12.33963954592734780,13197
14212,-27.41700000000000159,12.29589171405381975,13198
14213,-33.19200000000000017,12.17033033223324345,13199
14214,-25.30900000000000105,11.92989080054045381,13200
14215,-27.03099999999999881,11.87438486488308165,13201
14216,-29.55900000000000105,11.83284355627013973,13202
14217,-31.27400000000000091,11.80816464855253045,13203
14218,-27.46399999999999864,11.74450969368151476,13204
14219,-24.50300000000000011,11.69625644689348398,13205
14220,-22.33399999999999963,11.63558649184667004,13206
14221,-24.35099999999999909,11.58051225006817475,13207
14222,-27.12999999999999901,11.54733161464650060,13208
14223,-23.74500000000000099,11.54822792507724927,13209
14224,-22.89399999999999835,11.59768236797764551,13210
14225,-24.51599999999999824,11.59010473310077316,13211
14226,-22.01599999999999824,11.54105100639333514,13212
14227,-21.96999999999999886,11.50258101821026280,13213
14228,-22.73699999999999832,11.45805220171402006,13214
14229,-20.69900000000000162,11.39292942792109997,13215
14230,-19.69000000000000128,11.35027066228168735,13216
14231,-19.71999999999999886,11.29997008049675600,13217
14232,-24.28500000000000014,11.21856482211418893,13218
14233,-23.32499999999999929,11.17665247802817063,13219
14234,-26.10399999999999920,11.11181256091028580,13221
14235,-31.57400000000000162,11.04678437085488518,13222
14236,-35.62800000000000011,11.05645716573980586,13223
14237,-35.38199999999999790,11.13635445046200800,13224
14238,-35.40500000000000114,11.21711523789489817,13225
14239,-36.33299999999999841,11.29859278308989623,13226
14240,-37.24699999999999989,11.38833749191820388,13227
14241,-35.98599999999999710,11.50121758941422812,13228
14242,-37.38799999999999812,11.61355414869053426,13229
14243,-38.61099999999999710,11.75635148170456645,13230
14244,-34.29500000000000171,11.92783285268306592,13231
14245,-28.75799999999999912,12.01219699555621823,13232
14246,-29.03500000000000014,11.98203256177819043,13233
14247,-32.14999999999999858,11.94047561527775336,13234
14248,-16.68199999999999861,11.87844150986095215,13235
14249,-17.02400000000000091,11.91328727557509914,13236
14250,-21.07199999999999918,11.92016679744872576,13237
14251,-22.29700000000000060,11.92695149631986062,13238
14252,-20.24800000000000111,11.93291917166546412,13239
14253,-20.53900000000000148,11.94783631036042060,13240
14254,-18.70299999999999940,11.93851506356019065,13241
14255,-19.22400000000000020,11.91007002155545003,13242
14256,-15.58600000000000030,11.92746437793365466,13243
14257,-15.81300000000000061,11.97096858792493812,13244
14258,-13.89499999999999957,12.00858615957502096,13245
14259,-18.48699999999999832,11.92182579691967703,13246
14260,-15.04400000000000048,11.94353520890714293,13247
14261,-9.91060000000000052,12.00472925032440763,13248
14262,-10.78400000000000070,12.12737375696125497,13249
14263,-10.83399999999999963,12.23760677446186662,13250
14264,-12.53899999999999970,12.13074315722994534,13251
14265,-23.45100000000000051,11.81340692137524506,13252
14266,-33.80899999999999750,11.81605967417604752,13253
14267,-37.51299999999999812,11.89720166082285147,13254
14268,-28.29400000000000048,11.87432952001410946,13255
14269,-24.01699999999999946,11.97877251275412824,13256
14270,-24.54599999999999937,12.13123772559192481,13257
14271,-24.76300000000000168,12.23489788839975922,13258
14272,-26.55099999999999838,12.25500259106675216,13259
14273,-27.38800000000000168,12.25989822215815828,13260
14274,-27.20200000000000173,12.28524196802334778,13261
14275,-27.78699999999999903,12.34286404455413511,13262
14276,-27.51000000000000156,12.41516233406583680,13263
14277,-26.85600000000000165,12.44477820182482120,13264
14278,-26.85500000000000043,12.48125884050628187,13265
14279,-29.40800000000000125,12.51976903784647988,13266
14280,-28.35099999999999909,12.52020586387175349,13267
14281,-29.59100000000000108,12.50470402712208617,13268
14282,-29.52299999999999969,12.45926683466295870,13269
14283,-27.50400000000000134,12.41941092588794859,13270
14284,-24.16100000000000136,12.27560185884366817,13271
14285,-22.14399999999999835,12.11120535485880367,13272
14286,-17.62999999999999901,11.95905196654708647,13273
14287,-15.66600000000000037,11.86712665165917890,13274
14288,-12.30000000000000071,11.80201232725965710,13275
14289,-10.79800000000000004,11.79335515451829863,13276
14290,-10.87899999999999956,11.80015068663265154,13277
14291,-10.91300000000000026,11.82146882659561982,13278
14292,-9.69860000000000078,11.84983972019009713,13279
14293,-10.29700000000000060,11.89511453865645052,13280
14294,-9.86519999999999975,11.89746375140231294,13281
14295,-12.59299999999999997,11.93343361963775351,13282
14296,-21.65299999999999869,11.96411343682491513,13283
14297,-8.62449999999999939,11.98958521931436927,13285
14298,-5.16629999999999967,11.87841831767915224,13286
14299,-18.52599999999999980,11.54490262440893034,13287
14300,-17.78300000000000125,11.52993559875972451,13288
14301,-22.15800000000000125,11.55053504260602004,13289
14302,-26.44200000000000017,11.54188356074069333,13290
14303,-26.75000000000000000,11.56226998993057187,13291
14304,-21.28000000000000114,11.60600611395817872,13292
14305,-29.18199999999999861,11.59757187064090722,13293
14306,-34.77799999999999869,11.69954699448660129,13294
14307,-34.61899999999999977,11.83955347183290208,13295
14308,-30.12600000000000122,11.79127701587697707,13297
14309,-25.05699999999999861,11.57541123616984891,13298
14310,-25.21300000000000097,11.50472573385816943,13299
14311,-17.25799999999999912,11.43089924407933644,13299
14312,-17.05600000000000094,11.46955577405861959,13300
14313,-19.32499999999999929,11.52710400232125210,13301
14314,-18.98100000000000165,11.59463499627097249,13302
14315,-18.16199999999999903,11.68389926074526031,13303
14316,-18.72200000000000131,11.78863508813703476,13304
14317,-17.16400000000000148,11.91121833939206986,13305
14318,-19.61499999999999844,12.03128687881831560,13306
14319,-20.87600000000000122,12.14741440158159236,13307
14320,-22.80199999999999960,12.20467552061151650,13309
14321,-24.89600000000000080,12.30222042935051263,13310
14322,-27.29599999999999937,12.38993934371635319,13311
14323,-27.12699999999999889,12.49918801817599423,13312
14324,-29.10500000000000043,12.56741777058254428,13313
14325,-30.00499999999999901,12.66408911532364812,13314
14326,-31.11599999999999966,12.74512957445041117,13315
14327,-30.04899999999999949,12.80721107010166548,13316
14328,-32.48199999999999932,12.86350889085002613,13317
14329,-31.88299999999999912,12.88345133163550393,13318
14330,-29.81599999999999895,12.91214798578835854,13319
14331,-27.95700000000000074,12.93180728884289010,13320
14332,-27.60900000000000176,12.91105883029893953,13321
14333,-25.73799999999999955,12.85054889053344596,13322
14334,-24.73199999999999932,12.80840159185854077,13323
14335,-23.18400000000000105,12.75183942107491042,13324
14336,-16.95100000000000051,12.75011543180953311,13325
14337,-13.93500000000000050,12.77951512320170657,13326
14338,-14.72300000000000075,12.76596818851375481,13327
14339,-26.50600000000000023,12.64490908358035348,13579
14340,-24.67500000000000071,12.67046256711421393,13580
14341,-18.39099999999999824,12.66143786507608304,13581
14342,-23.03300000000000125,12.64943369454202582,13582
14343,-21.06800000000000139,12.91315374535968097,13332
14344,-22.45899999999999963,12.92526812991710727,13333
14345,-21.29100000000000037,13.02276198730693935,13334
14346,-20.92800000000000082,13.08393494830489878,13586
14347,-18.40500000000000114,13.14561824279538627,13336
14348,-18.65299999999999869,13.13701576576943530,13337
14349,-17.41199999999999903,13.12643033454224906,13338
14350,-16.75499999999999901,13.15354111073835064,13339
14351,-15.18399999999999928,13.20804589585100608,13340
14352,-12.69500000000000028,13.24975839762810637,19068
14353,-11.89499999999999957,13.20556553397773136,19069
14354,-12.38400000000000034,13.20172123494944216,19070
14355,-14.60899999999999999,13.22230703397093521,19071
14356,-16.00900000000000034,13.33785235457079743,19071
14357,-16.19300000000000139,13.66114995542942800,19072
14358,-25.84299999999999997,13.75862222895530351,13598
14359,-27.55600000000000094,13.76401883867637110,15373
14360,-29.79700000000000060,13.64315134265442708,15374
14361,-29.92000000000000171,13.54659667437765158,15375
14362,-32.48599999999999710,13.30225922018624019,15376
14363,-37.49199999999999733,13.11310087752750420,15377
14364,-36.05899999999999750,12.89252602922822355,15378
14365,-36.19599999999999795,12.89833373452305665,15379
14366,-36.07099999999999795,12.94948065700455508,15380
14367,-33.28999999999999915,13.06630987931152887,15381
14368,-36.59599999999999653,13.18007376487797977,15382
14369,-34.28699999999999903,13.33370920026686157,15383
14370,-19.61499999999999844,13.41029902076176583,15384
14371,-19.65800000000000125,13.40511446305409393,15385
14372,-18.71000000000000085,13.38714483637821395,15386
14373,-12.50999999999999979,13.38453094657741893,15387
14374,-13.76299999999999990,13.36875940167128007,15388
14375,-14.55700000000000038,13.34374626504422068,15389
14376,-17.51800000000000068,13.31196896830698861,15390
14377,-16.59700000000000131,13.29574933513665869,15391
14378,-18.67599999999999838,13.27731478393618048,15392
14379,-16.18900000000000006,13.26939861729660208,15393
14380,-18.16600000000000037,13.25315279982174488,15394
14381,-19.36499999999999844,13.24520833816676202,15395
14382,-24.70200000000000173,13.23211523134678202,15396
14383,-16.49200000000000088,13.19630100414044094,15397
14384,-13.65300000000000047,13.17300802248120384,15398
14385,-10.52899999999999991,13.15819675727047056,15399
14386,-8.03640000000000043,13.14205565757878347,15400
14387,-27.78099999999999881,13.15637358592830708,15401
14388,-38.97399999999999665,12.96756023915463096,15402
14389,-35.19299999999999784,12.36653008729123471,15403
14390,-32.27900000000000347,11.88191873348402794,15404
14391,-29.54400000000000048,11.49108059003813587,15405
14392,-30.38899999999999935,11.39559112913442718,15406
14393,-27.91900000000000048,11.39858577406271323,15407
14394,-29.16499999999999915,11.38897977996419009,15408
14395,-27.41499999999999915,11.35489398809508366,15409
14396,-26.58800000000000097,11.25447940520786538,15410
14397,-24.13100000000000023,10.92138429721471482,15411
14398,-23.04400000000000048,10.69354252497584667,15412
14399,-23.56800000000000139,10.51813569645684510,15413
14400,-20.60800000000000054,10.36444804777142714,15414
14401,-26.74500000000000099,10.30609301720232196,15415
14402,-25.53000000000000114,10.18705630239469073,15416
14403,-28.01000000000000156,10.17992214496982406,15417
14404,-25.13500000000000156,10.28690426537203884,15418
14405,-23.45599999999999952,10.33830671944072499,15419
14406,-24.66300000000000026,10.40784101665042627,15420
14407,-23.32100000000000151,10.46050168086017784,15421
14408,-21.27299999999999969,10.44774654325815355,15422
14409,-16.98199999999999932,10.40735275464028220,15423
14410,-17.56099999999999994,10.37739513419280968,15424
14411,-13.89799999999999969,10.35588169799717839,15425
14412,-14.07799999999999940,10.34794684020803501,15426
14413,-15.70400000000000063,10.31505666499674412,15427
14414,-14.79899999999999949,10.29449755154673518,15428
14415,-14.27999999999999936,10.34058255067080623,15429
14416,-14.15300000000000047,10.40401477718339684,15430
14417,-12.48900000000000077,10.50053016875581946,15431
14418,-13.95500000000000007,10.53751544773010984,15432
14419,-12.81300000000000061,10.57747868640471367,15433
14420,-14.50000000000000000,10.55354569069003645,15434
14421,-15.27699999999999925,10.36911158491144569,15435
14422,-19.62600000000000122,9.92692560653949840,15436
14423,-31.02799999999999869,9.68720946058378551,15437
14424,-32.00399999999999778,9.81401736411340586,15438
14425,-32.57000000000000028,9.99445230564606213,15439
14426,-30.99299999999999855,10.00803825809962255,15440
14427,-30.83800000000000097,9.92925055418288949,15441
14428,-30.63400000000000034,9.83078743766533414,15442
14429,-30.02899999999999991,9.77768508108155388,15443
14430,-33.93800000000000239,9.70643708373251002,15444
14431,-39.02199999999999847,9.65653759948368950,15445
14432,-32.40400000000000347,9.77065886455738664,15446
14433,-28.02799999999999869,9.83907197765187114,15447
14434,-9.37010000000000076,9.76384377881017329,15448
14435,-15.54599999999999937,9.70831495028369496,15449
14436,-21.98100000000000165,9.68808703208590849,15450
14437,-22.61599999999999966,9.70231807073425934,15451
14438,-21.29400000000000048,9.70282779995657663,15452
14439,-20.56700000000000017,9.69473247709163921,15453
14440,-23.78000000000000114,9.85206509051785595,15454
14441,-26.30099999999999838,9.90320335018900089,15455
14442,-25.61799999999999855,9.86042432568388882,15456
14443,-25.07499999999999929,10.06206471020898441,15457
14444,-23.63100000000000023,10.36034139329668058,15458
14445,-24.07199999999999918,10.36343628880838885,15459
14446,-24.64300000000000068,10.26708885164521057,15460
14447,-22.01300000000000168,10.28424524730079348,15461
14448,-25.28200000000000003,10.37414596352866702,15461
14449,-25.44600000000000151,10.43939766114960754,15462
14450,-24.25199999999999889,10.48867624924417363,15463
14451,-26.86899999999999977,10.55863633761756226,15464
14452,-30.86299999999999955,10.61524170726283245,15465
14453,-28.66499999999999915,10.80199172783215467,15466
14454,-26.81700000000000017,10.89541913543554763,15467
14455,-30.70400000000000063,10.98291820414429054,15468
14456,-33.61699999999999733,10.88568329507314836,15469
14457,-29.03900000000000148,10.96407333709430176,15470
14458,-25.53900000000000148,10.98496658832720207,15471
14459,-19.38599999999999923,10.87926498981810752,15472
14460,-17.05300000000000082,10.59602437727432722,15473
14461,-16.41199999999999903,10.46551542806642665,15474
14462,-16.76200000000000045,10.46050303145355187,15475
14463,-22.26999999999999957,10.46584433281238802,15476
14464,-25.25799999999999912,10.44177638969731703,15477
14465,-31.54899999999999949,10.43565484677156974,15478
14466,-31.40099999999999980,10.40192685952918161,15479
14467,-28.42800000000000082,10.43289066305756485,15480
14468,-28.30099999999999838,10.47164184952222676,15481
14469,-28.55900000000000105,10.48088385969982461,15482
14470,-25.90399999999999991,10.45218581949998260,15483
14471,-21.80300000000000082,10.44349983125895598,15484
14472,-20.54299999999999926,10.43449733681231351,15485
14473,-17.31200000000000117,10.40607134014481971,15486
14474,-17.57999999999999829,10.39349279737472465,15487
14475,-15.73600000000000065,10.45699482975591366,15488
14476,-17.90200000000000102,10.78420846412464762,15489
14477,-17.80399999999999849,10.96762809469553801,15490
14478,-16.29400000000000048,10.96358271498441894,15491
14479,-19.21799999999999997,10.94872030970748433,15492
14480,-17.12999999999999901,10.96188621263105389,15493
14481,-16.05399999999999849,10.96992229849027289,15494
14482,-16.61700000000000088,11.03420947219955295,15495
14483,-8.61730000000000018,11.09093579024952980,15496
14484,-6.56930000000000014,11.14490654912511580,15497
14485,-5.47050000000000036,11.02583378761609012,15498
14486,-8.63289999999999935,11.01143251193057537,15499
14487,-7.54250000000000043,11.18734420137524666,15500
14488,-11.68399999999999928,11.29194105065538523,15501
14489,-10.83200000000000074,11.31385048741146981,15502
14490,-11.02999999999999936,11.37640233162388981,15503
14491,-10.55199999999999960,11.44153796875166229,15504
14492,-11.05599999999999916,11.49814843719136981,15505
14493,-10.94899999999999984,11.54360543134097128,15506
14494,-15.23000000000000043,11.56424780688042908,15507
14495,-18.74899999999999878,11.52853091522036877,15508
14496,-20.29899999999999949,11.50883188482224817,15509
14497,-26.75900000000000034,11.46556435057373413,15510
14498,-24.52199999999999847,11.51188474439745413,15511
14499,-23.23999999999999844,11.53853814190864746,15512
14500,-25.47599999999999909,11.55658405395595878,15513
14501,-21.88700000000000045,11.58090036986600779,15514
14502,-23.00799999999999912,11.61432897188170088,15515
14503,-24.81800000000000139,11.65978651171197811,15516
14504,-25.94900000000000162,11.71554958593011797,15517
14505,-26.04400000000000048,11.81959302037251192,15518
14506,-25.13899999999999935,11.89141005795216088,15519
14507,-21.70299999999999940,12.02746074260752707,15520
14508,-17.02799999999999869,12.15908827852944363,15521
14509,-18.34799999999999898,12.24864257624202679,15522
14510,-18.65200000000000102,12.27552233000134407,15523
14511,-15.62800000000000011,12.28077359114405098,15524
14512,-14.59900000000000020,12.42693688158305854,15525
14513,-14.93599999999999994,12.64841404223163046,15526
14514,-15.22000000000000064,12.68842360723178686,15527
14515,-14.21799999999999997,12.69941861466255340,15528
14516,-13.06799999999999962,12.68461877945040683,15529
14517,-12.28999999999999915,12.68054380718326080,15530
14518,-11.53800000000000026,12.71302093209641804,15531
14519,-9.60500000000000043,12.71644982017562953,15532
14520,-10.12700000000000067,12.69314198433618657,15533
14521,-12.10500000000000043,12.65669935213130337,15534
14522,-10.95899999999999963,12.63808837582609890,15535
14523,-11.54100000000000037,12.65075247669082792,15536
14524,-10.18200000000000038,12.65855651034572560,15537
14525,-10.10999999999999943,12.66739192520522117,15538
14526,-9.89760000000000062,12.70747672052043065,15539
14527,-10.00099999999999945,12.75842193028788074,15540
14528,-9.75019999999999953,12.82349245575656127,15541
14529,-9.32179999999999964,12.88060794718240132,15542
14530,-11.68200000000000038,12.94177577807473511,15543
14531,-17.17099999999999937,12.99919414502086568,15544
14532,-18.23900000000000077,13.00769181811159747,15545
14533,-15.49799999999999933,13.01751059650374565,15546
14534,-14.07600000000000051,13.03125228725215834,15547
14535,-13.01800000000000068,13.05833607324085932,15548
14536,-12.96400000000000041,13.09485807456445094,15549
14537,-12.08900000000000041,13.13567904608972547,15550
14538,-11.40900000000000070,13.17507847538386478,15551
14539,-9.04729999999999990,13.22670882348163879,15552
14540,-8.54989999999999917,13.30512911099013529,15553
14541,-18.59799999999999898,13.39135038688059431,15554
14542,-38.37100000000000222,13.39630794506382117,15555
14543,-37.73799999999999955,13.43284109514790181,14034
14544,-35.10499999999999687,13.03270896135753532,14035
14545,-30.82400000000000162,12.66927786601803518,14036
14546,-15.45100000000000051,12.39679714814785427,14037
14547,-16.44900000000000162,12.52546436439313737,14038
14548,-15.92999999999999972,12.58852581323372988,14039
14549,-21.32499999999999929,12.79233923731546874,14040
14550,-16.47800000000000153,13.07334063340212182,14041
14551,-9.01740000000000030,13.29325263931337631,14042
14552,-8.90390000000000015,13.27514668537858533,14043
14553,-8.21020000000000039,13.58534943750633417,14044
14554,-10.44999999999999929,13.91119405123742503,14045
14555,-12.25900000000000034,13.90445273925059411,9597
14556,-13.33799999999999919,13.70287872409066487,13541
14557,-12.89000000000000057,13.33965235101659630,13542
14558,-22.94600000000000151,12.97320511334177517,13543
14559,-22.95599999999999952,12.80571733746399232,13544
14560,-21.05600000000000094,12.62740872167483452,13545
14561,-35.10300000000000153,12.37325838031579650,13546
14562,-28.73999999999999844,12.48944846194834213,13547
14563,-24.34199999999999875,12.50119839777200070,13548
14564,-19.65200000000000102,12.46380007571932325,13549
14565,-20.47299999999999898,12.40630853082874374,13550
14566,-19.03399999999999892,12.35665304936278197,13551
14567,-20.46399999999999864,12.31820679219373282,13552
14568,-20.13800000000000168,12.26297513308289311,13553
14569,-19.09600000000000009,12.21522851765496576,13554
14570,-18.30000000000000071,12.17515082847595664,13555
14571,-17.81700000000000017,12.13731402330383347,13556
14572,-17.69399999999999906,12.11206478427553535,13557
14573,-19.11700000000000088,12.07874285844484241,13558
14574,-19.92099999999999937,12.05688712584747080,13559
14575,-18.21699999999999875,12.02928632076626236,13560
14576,-17.17699999999999960,11.98506187153787117,13561
14577,-14.85500000000000043,11.95116400495210485,13562
14578,-16.30499999999999972,11.90693579124321388,13563
14579,-15.21400000000000041,11.88887155204912105,13564
14580,-16.14000000000000057,11.88758798568064812,13565
14581,-15.71799999999999997,11.87424473843162076,13566
14582,-15.47499999999999964,11.86729434792628624,13567
14583,-14.03500000000000014,11.87407013414204116,13568
14584,-15.75999999999999979,11.89669935715227567,13569
14585,-12.35800000000000054,11.90836316549511054,13570
14586,-12.77800000000000047,11.94383447611917504,13571
14587,-16.93499999999999872,11.96172596728017901,13572
14588,-31.49899999999999878,11.97745406361169529,13573
14589,-36.91499999999999915,11.82012320526198224,13574
14590,-39.14200000000000301,11.55804822735383830,13575
14591,-30.14000000000000057,11.62780919663557100,13575
14592,-23.64099999999999824,11.69247983268628310,13576
14593,-26.42200000000000060,11.54572407806424650,13577
14594,-16.95799999999999841,11.47107215818634529,13578
14595,-17.43100000000000094,11.06450343437470174,13579
14596,-17.41300000000000026,10.75849855487433260,13580
14597,-13.05700000000000038,10.60264877504702064,13581
14598,-14.11800000000000033,10.50799064093143187,13582
14599,-13.27299999999999969,10.41923991246403958,13583
14600,-14.77899999999999991,10.37352022388805395,13584
14601,-14.66699999999999982,10.35317858125780610,13585
14602,-15.41900000000000048,10.42419478214656081,13586
14603,-14.11700000000000088,10.38769194035492305,13587
14604,-13.13700000000000045,10.33782014157755569,13588
14605,-13.92200000000000060,10.60932511581579796,13589
14606,-15.38100000000000023,10.71221811937502899,13590
14607,-22.90200000000000102,10.83293351940510085,13591
14608,-25.04799999999999827,10.87474153308845359,13592
14609,-26.90399999999999991,10.90589092256385229,13593
14610,-25.31299999999999883,11.04734210427742802,13594
14611,-24.80300000000000082,11.10670299111963288,13595
14612,-27.13599999999999923,11.16613133808648861,13596
14613,-27.01999999999999957,11.16731494753781462,13597
14614,-29.29400000000000048,11.16870337068098884,13598
14615,-28.17999999999999972,11.22195848051338452,13599
14616,-28.66400000000000148,11.32900875915473193,13600
14617,-29.00900000000000034,11.38895163803316102,13601
14618,-34.85399999999999920,11.44181619111632742,13602
14619,-28.68799999999999883,11.50791999167629065,13603
14620,-31.46499999999999986,11.65891431360099695,13604
14621,-35.08899999999999864,11.85246031863904470,13605
14622,-34.07399999999999807,11.96120424525012460,13606
14623,-38.31900000000000261,12.08946429028138425,13607
14624,-40.86999999999999744,12.20865974471969295,13608
14625,-32.30700000000000216,12.47422822892430183,13609
14626,-16.08999999999999986,12.57858405883067299,13610
14627,-18.34600000000000009,12.57651303987772451,13611
14628,-21.83999999999999986,12.55938938860462706,13612
14629,-22.40500000000000114,12.56192134266382610,13613
14630,-19.72299999999999898,12.54994795499870541,13614
14631,-20.93299999999999983,12.54264264524325867,13615
14632,-19.60999999999999943,12.55583169596860671,13616
14633,-19.64099999999999824,12.53594071428808121,13617
14634,-17.37999999999999901,12.52443162862956250,13618
14635,-17.63700000000000045,12.49476273221806721,13619
14636,-19.64099999999999824,12.46645245639945365,13620
14637,-16.34600000000000009,12.44844904504833849,13621
14638,-15.21700000000000053,12.42285075702569941,13622
14639,-21.88599999999999923,12.37527601619728479,13623
14640,-17.04599999999999937,12.32866970277739327,13624
14641,-12.37599999999999945,12.27873314877301247,13625
14642,-7.32219999999999960,12.14461052307083833,13626
14643,-11.45500000000000007,12.05376250008763606,13627
14644,-25.34700000000000131,12.00752591049322504,13628
14645,-37.55299999999999727,12.01476548588259163,13629
14646,-36.92900000000000205,12.18304098741547392,13630
14647,-31.15700000000000003,12.23655890297187199,13632
14648,-27.50799999999999912,12.28425142274164727,13633
14649,-24.12000000000000099,12.37038308437266210,13634
14650,-24.91700000000000159,12.41567297199888564,13635
14651,-26.10000000000000142,12.45128093595027785,13636
14652,-27.98799999999999955,12.49207982078432977,13637
14653,-25.26000000000000156,12.55615850636370290,13638
14654,-25.81099999999999994,12.62989618136858283,13639
14655,-22.92399999999999949,12.64212648573057862,13640
14656,-26.79700000000000060,12.64572411345282354,13641
14657,-26.72299999999999898,12.67396178493178560,13642
14658,-22.67999999999999972,12.62963766898878326,7314
14659,-22.78099999999999881,12.49849843414909678,7315
14660,-21.93199999999999861,12.42289205437420385,7316
14661,-20.15800000000000125,12.41936607778709245,7317
14662,-20.45400000000000063,12.44334805787563702,7318
14663,-17.64799999999999969,12.44492502061538453,7319
14664,-17.69399999999999906,12.46657606917295880,7320
14665,-16.93700000000000117,12.45747334263142214,7321
14666,-14.78100000000000058,12.44072320445751778,7322
14667,-14.39300000000000068,12.46661104585232138,7323
14668,-16.05499999999999972,12.53075033576289066,7324
14669,-15.09099999999999930,12.50257546010085363,7325
14670,-14.19699999999999918,12.49273215715414409,7326
14671,-13.48399999999999999,12.45943966981673512,7327
14672,-12.72799999999999976,12.42787024012299568,7328
14673,-11.63499999999999979,12.39484704007307592,7329
14674,-10.57799999999999940,12.38436006881813078,7330
14675,-14.23900000000000077,12.40164040981091809,7331
14676,-15.84099999999999930,12.42190456225566741,7332
14677,-16.70400000000000063,12.42860484057113091,7333
14678,-18.20899999999999963,12.43005288809701092,7334
14679,-18.97200000000000131,12.49667342664995395,12398
14680,-20.20799999999999841,12.21857433846195740,12399
14681,-23.24699999999999989,11.94905739738466366,12400
14682,-24.31500000000000128,11.77393466942092815,12401
14683,-30.04200000000000159,11.61289643598061083,12402
14684,-33.83800000000000097,11.75838546540637530,12403
14685,-32.30199999999999960,12.10244137181246060,12404
14686,-35.56700000000000017,12.38628397845139695,12405
14687,-26.28600000000000136,12.93142769435599782,12406
14688,-15.06700000000000017,13.07213536609317472,12407
14689,-11.48700000000000010,13.01756075189891959,12408
14690,-15.60500000000000043,12.88168165565600809,12409
14691,-16.23000000000000043,12.82744317960518110,12410
14692,-18.69600000000000151,12.79062722835784349,12411
14693,-16.52700000000000102,12.77558797945671998,4050
14694,-15.47300000000000075,12.77605656758424146,0
14695,-16.73199999999999932,12.71403692753152015,1
14696,-16.87399999999999878,12.65326339348352391,2
14697,-19.05600000000000094,12.59591153699481758,3
14698,-19.87999999999999901,12.60412912827864851,4
14699,-20.09400000000000119,12.65400837440227733,4056
14700,-21.27400000000000091,12.63800305865800766,4057
14701,-23.66900000000000048,12.62618450074371346,4058
14702,-25.27100000000000080,12.59012076480263964,4059
14703,-25.26200000000000045,12.53186047447398543,4060
14704,-26.34700000000000131,12.41279483552092699,2034
14705,-24.18599999999999994,12.16290975884051839,2035
14706,-24.68499999999999872,11.99414653950978860,2036
14707,-24.70499999999999829,11.81705738572275521,2037
14708,-24.51699999999999946,11.63884278868056121,2038
14709,-26.80300000000000082,11.57620670607933100,2040
14710,-26.66799999999999926,11.49461281633540821,2041
14711,-24.31099999999999994,11.22757092894554631,2042
14712,-15.10999999999999943,11.20192601628860629,2045
14713,-12.93599999999999994,11.13645345705831069,2046
14714,-8.09360000000000035,11.16213266243972235,2047
14715,-10.95500000000000007,11.26865045066874771,2048
14716,-13.17500000000000071,11.14730520605836261,9395
14717,-14.94999999999999929,10.80763368435227711,9396
14718,-23.34400000000000119,10.51259186511807542,10410
14719,-26.32400000000000162,10.50795415668691390,10411
14720,-28.93499999999999872,10.43553411727736346,10412
14721,-27.79500000000000171,10.55904907607813747,10413
14722,-28.81299999999999883,10.56981592649616886,10414
14723,-27.90899999999999892,10.42100089182847888,10415
14724,-26.89300000000000068,10.48132028105506564,10416
14725,-26.35000000000000142,10.60207779077717660,10417
14726,-26.97400000000000020,10.76110694196913187,10418
14727,-25.65399999999999991,10.86990020199118767,10419
14728,-25.93400000000000105,11.01694114224840604,10420
14729,-27.52599999999999980,11.12504713972763248,10421
14730,-25.83399999999999963,11.25096013667776873,10422
14731,-23.84299999999999997,11.26954271313024236,9410
14732,-22.49299999999999855,11.30031677064583029,9411
14733,-20.96399999999999864,11.32925770485815598,9412
14734,-20.29700000000000060,11.38714404571202188,9413
14735,-19.42200000000000060,11.42634235314688951,9414
14736,-18.62199999999999989,11.44161576656819257,9415
14737,-17.98999999999999844,11.45560066815601452,9416
14738,-20.21699999999999875,11.45954236724631059,9417
14739,-20.69200000000000017,11.46496835722220275,9418
14740,-20.26699999999999946,11.49520176792295878,9419
14741,-21.24200000000000088,11.50561688293101703,9420
14742,-20.22899999999999920,11.51453405881923686,9421
14743,-20.50700000000000145,11.51129002467678397,9422
14744,-20.85999999999999943,11.54920437407092670,9423
14745,-22.78999999999999915,11.58960623150035829,9424
14746,-18.94000000000000128,11.63180472319285919,9425
14747,-21.14399999999999835,11.61987572721675654,9426
14748,-15.68200000000000038,11.46292952029537737,9427
14749,-10.74699999999999989,11.46442764409237114,9428
14750,-13.94699999999999918,11.51253607516813915,9429
14751,-22.17699999999999960,11.52671409604745101,9430
14752,-10.47199999999999953,11.58157311729118533,9431
14753,-12.26099999999999923,11.58733834668004015,9432
14754,-18.03399999999999892,11.61922949767357416,9433
14755,-16.72800000000000153,11.58784124976249963,9434
14756,-16.05399999999999849,11.71456034315056804,9435
14757,-11.74399999999999977,11.85154523464762910,9436
14758,-12.46499999999999986,11.93481428380774467,10450
14759,-12.35399999999999920,11.93400322900632204,10451
14760,-10.55799999999999983,11.94057770422935505,10452
14761,-10.99699999999999989,12.02588684744318037,10453
14762,-13.66399999999999970,12.24477539269061310,10454
14763,-11.97400000000000020,12.31911961944430267,10455
14764,-12.17699999999999960,12.33536754068941477,10456
14765,-12.15499999999999936,12.46846111618876307,9444
14766,-10.75900000000000034,12.47612579066061045,9445
14767,-10.19800000000000040,12.54963499956567574,9446
14768,-8.89230000000000054,12.63924628332562605,10460
14769,-11.16900000000000048,12.72290604141225501,10461
14770,-10.95899999999999963,12.80784867747509992,10462
14771,-13.27500000000000036,12.82745370644533267,10463
14772,-12.23300000000000054,12.79764900460157229,10464
14773,-16.10200000000000031,12.80685176553703464,10465
14774,-12.66300000000000026,12.93001318562664181,10466
14775,-15.52299999999999969,12.80879688312096398,10467
14776,-14.22899999999999920,12.81209757601978616,10468
14777,-13.32000000000000028,13.09551968510061748,10469
14778,-11.97799999999999976,13.24206524605824775,10470
14779,-13.84099999999999930,13.39270332325318336,10471
14780,-14.27800000000000047,13.49668909225472291,10472
14781,-12.53599999999999959,13.52886151410490179,11487
14782,-15.98499999999999943,13.44622677697625157,11488
14783,-18.69900000000000162,13.43194111580810102,11489
14784,-17.87300000000000111,13.43566449657665274,11490
14785,-19.31800000000000139,13.42410652686805506,11491
14786,-20.60800000000000054,13.43308891465462018,11492
14787,-23.52799999999999869,13.49544311330832258,11493
14788,-24.57799999999999940,13.58822876743045427,11494
14789,-23.48499999999999943,13.78876599319880647,11494
14790,-19.39499999999999957,14.12526872667348066,11495
14791,-19.44500000000000028,14.24141513087278099,10483
14792,-19.47599999999999909,14.25267040679400488,10484
14793,-21.01899999999999835,14.27382832491229436,10485
14794,-18.77599999999999980,14.25831109118591478,10486
14795,-15.01399999999999935,14.10015690544390488,10487
14796,-13.89100000000000001,14.03173887386894947,10488
14797,-16.05000000000000071,14.05496957313920170,10489
14798,-15.60699999999999932,14.15497832761675312,10490
14799,-18.36700000000000088,13.95394239088749089,17840
14800,-22.10900000000000176,13.82148473315591275,17841
14801,-17.66100000000000136,13.42627305812964167,7077
14802,-26.33500000000000085,13.26808237045876737,7078
14803,-27.26500000000000057,13.05036109680354706,7079
14804,-10.46599999999999930,12.78603981164585512,7080
14805,-14.91000000000000014,12.88712015237206465,7081
14806,-15.03999999999999915,12.99552261030379086,7082
14807,-18.70400000000000063,13.05489225062669156,7083
14808,-18.89099999999999824,13.07652015339414397,7084
14809,-17.11299999999999955,13.06088233280376443,7085
14810,-20.00499999999999901,13.06308572995100015,7086
14811,-19.46999999999999886,13.06638426773190886,7087
14812,-28.25000000000000000,13.03426968309008238,7088
14813,-27.10300000000000153,13.25295963091029172,7089
14814,-21.39799999999999969,13.44091142294346142,7090
14815,-23.92899999999999849,13.41164564257712399,7090
14816,-16.29899999999999949,13.36203509639318732,6589
14817,-19.14000000000000057,13.39965537775864313,6590
14818,-19.96099999999999852,13.39044498794145710,6592
14819,-16.01699999999999946,13.28562940067914155,6593
14820,-16.57600000000000051,13.31466264044439640,6594
14821,-16.26300000000000168,13.34741451027244352,6595
14822,-16.29100000000000037,13.37099496962414058,6596
14823,-16.12999999999999901,13.33473392206858854,6597
14824,-12.10299999999999976,13.24691324454666841,17865
14825,-14.27200000000000024,13.18392608717662995,17866
14826,-13.78500000000000014,13.10491751982324260,17867
14827,-12.91000000000000014,13.03012158008132992,17868
14828,-12.82300000000000040,12.96781790817947488,17869
14829,-13.23000000000000043,12.88654520307785489,17870
14830,-13.44299999999999962,12.82727593748860251,17871
14831,-14.45299999999999940,12.78831444526008809,17872
14832,-13.29299999999999926,12.73981934894626100,17873
14833,-15.92500000000000071,12.70290241651421859,17874
14834,-15.43399999999999928,12.67512151284076083,17875
14835,-15.55700000000000038,12.69011372860647313,17876
14836,-15.43299999999999983,12.73692172801751710,9598
14837,-15.87299999999999933,12.59976479967768803,9599
14838,-14.54100000000000037,12.50250367650166794,9600
14839,-13.06300000000000061,12.50646553506988745,9601
14840,-16.74500000000000099,12.48681238384753200,9602
14841,-13.68800000000000061,12.44099608587783834,9603
14842,-12.94500000000000028,12.38336492913320974,9604
14843,-15.54899999999999949,12.33703092418288882,9605
14844,-12.85100000000000087,12.44751683713664470,9606
14845,-13.00600000000000023,12.44520458866968582,9608
14846,-12.97400000000000020,12.46064838898640481,9609
14847,-11.64000000000000057,12.34777629270423027,9610
14848,-15.85100000000000087,12.33179505261849229,9611
14849,-16.35000000000000142,12.32880597376233212,9612
14850,-14.46000000000000085,12.33206142737665267,9613
14851,-15.25699999999999967,12.33745537644255386,9614
14852,-16.45100000000000051,12.36658517446041294,9615
14853,-18.86899999999999977,12.39240632281478049,9616
14854,-16.21199999999999974,12.36820760186997958,9617
14855,-13.71599999999999930,12.40332994451975956,9618
14856,-14.50399999999999956,12.39559170809414823,9619
14857,-13.33200000000000074,12.45759379705794423,9620
14858,-13.67600000000000016,12.45693306168775827,9621
14859,-16.51200000000000045,12.49507869823636952,9622
14860,-17.42699999999999960,12.52708731913623375,9623
14861,-17.41000000000000014,12.49659582432279592,9624
14862,-18.54100000000000037,12.50391918173860617,9625
14863,-17.76500000000000057,12.48310023319262818,9626
14864,-15.41999999999999993,12.47117262770637502,9627
14865,-14.60500000000000043,12.47441433830778834,9628
14866,-17.09900000000000020,12.46598869584168767,9629
14867,-17.86899999999999977,12.44757411754113363,9630
14868,-13.40300000000000047,12.41579245896452832,9631
14869,-14.02899999999999991,12.43488648314085765,9632
14870,-12.85200000000000031,12.43762457332727500,9633
14871,-13.52999999999999936,12.42914000195692026,9634
14872,-13.37100000000000044,12.48255129316364886,9635
14873,-14.55799999999999983,12.52208074771287194,9636
14874,-16.33599999999999852,12.52797477540525861,9637
14875,-17.91300000000000026,12.50929575441348263,9638
14876,-18.15299999999999869,12.48599946624920953,9639
14877,-16.66199999999999903,12.47467552521114875,9640
14878,-28.06299999999999883,12.46933284330730807,9641
14879,-19.04599999999999937,12.42497447948883149,9642
14880,-14.42300000000000004,12.42449294926409742,9643
14881,-18.14000000000000057,12.42220973078328861,9644
14882,-18.81599999999999895,12.42458647958624773,9645
14883,-13.62299999999999933,12.42136748509656741,9646
14884,-15.44699999999999918,12.42242267955677804,9647
14885,-18.23999999999999844,12.42079923381522377,9648
14886,-17.38800000000000168,12.40504826100891833,9649
14887,-18.00499999999999901,12.42756609652125555,9650
14888,-18.28099999999999881,12.66502556185107409,9651
14889,-18.95599999999999952,12.99950614331644871,9652
14890,-18.79400000000000048,13.35658770754343827,9653
14891,-18.66799999999999926,13.43614542402104739,17931
14892,-16.63500000000000156,13.43850731069088766,17932
14893,-16.64900000000000091,13.59972646514224337,3563
14894,-16.73000000000000043,13.61966655628630463,3564
14895,-16.86299999999999955,13.66641361573272917,3565
14896,-17.75000000000000000,13.62798247493473092,3566
14897,-18.78800000000000026,13.55327250842837117,3567
14898,-20.62699999999999889,13.47848741796927818,3568
14899,-21.26099999999999923,13.42984600320337663,3570
14900,-21.06400000000000006,13.25914222329689274,3570
14901,-21.83899999999999864,13.26626352401112108,3571
14902,-22.70799999999999841,13.27942344726946899,3572
14903,-21.19699999999999918,13.27531221682832019,3573
14904,-22.01000000000000156,13.31041324932046876,3574
14905,-22.62900000000000134,13.34648653187018397,3575
14906,-22.77400000000000091,13.38631744307663674,3576
14907,-18.19999999999999929,13.44536778044546921,3577
14908,-10.46400000000000041,13.50404131023318399,3578
14909,-5.82589999999999986,13.56185462875001768,3578
14910,-10.85699999999999932,13.60855889333211444,3579
14911,-29.26500000000000057,13.68567146151218772,9674
14912,-25.59100000000000108,13.55920145707513846,9675
14913,-15.39300000000000068,13.48713479195093257,9676
14914,-16.50600000000000023,13.48869503788125179,9677
14915,-16.20499999999999829,13.48465778796743031,9678
14916,-15.42099999999999937,13.50054636794832064,9679
14917,-17.73699999999999832,13.47596475332224131,9680
14918,-20.85300000000000153,13.43243454682787430,9681
14919,-19.44300000000000139,13.44232859322342399,9682
14920,-20.79799999999999827,13.49562335651213019,9683
14921,-18.07100000000000151,13.57457111198222321,9684
14922,-20.57100000000000151,13.62761666524307280,9685
14923,-18.05900000000000105,13.66605020134582560,9686
14924,-17.52899999999999991,13.64640862794662723,15437
14925,-15.69400000000000084,13.56596118934369599,14425
14926,-15.84099999999999930,13.38284692645099661,14426
14927,-15.39600000000000080,13.42084482057580175,14427
14928,-15.31400000000000006,13.34744459230159030,13918
14929,-16.17299999999999827,13.32172083268643803,13919
14930,-26.26500000000000057,13.26401498768319165,14430
14931,-21.70499999999999829,13.34281014545011601,13921
14932,-13.24600000000000044,13.30130630836387695,14432
14933,-14.89700000000000024,13.14353460227446391,14433
14934,-15.45500000000000007,13.06750425085883194,14434
14935,-15.37899999999999956,13.07479296565829863,14435
14936,-16.62099999999999866,13.08798135054190048,14436
14937,-17.81200000000000117,13.07957862038738206,14437
14938,-18.18199999999999861,13.09532599200868930,14438
14939,-17.65200000000000102,13.14083711717375813,14439
14940,-18.11599999999999966,13.13808933583794492,14440
14941,-17.41700000000000159,13.13221652523994898,14441
14942,-17.92899999999999849,13.11307949138730855,14442
14943,-15.18699999999999939,13.05659952073250807,14443
14944,-16.60000000000000142,12.96450269507053932,14444
14945,-17.70499999999999829,12.92009578703783212,14444
14946,-19.59299999999999997,12.99396974760388801,14445
14947,-21.03000000000000114,13.08774116266646637,14446
14948,-16.29200000000000159,13.05503163144663858,14447
14949,-18.20700000000000074,13.01126120920405072,14448
14950,-17.53999999999999915,13.02580659979161659,14449
14951,-17.84299999999999997,13.00809498041265932,14450
14952,-16.21300000000000097,13.02507065864114999,14451
14953,-15.74499999999999922,13.05228023373360280,14452
14954,-15.03500000000000014,13.03010193482542789,14453
14955,-10.60399999999999920,13.08550636851072113,14454
14956,-9.94630000000000081,13.11066956283480600,14455
14957,-9.11090000000000089,13.00368008341117587,14456
14958,-9.48520000000000074,12.87680857763889364,14457
14959,-13.14400000000000013,12.80640868001150245,14458
14960,-18.35699999999999932,12.80202314066451841,14459
14961,-22.58500000000000085,12.78411712862338945,15473
14962,-27.48000000000000043,12.79922978835154090,15474
14963,-25.55900000000000105,12.76843644333082572,15475
14964,-26.44099999999999895,12.71547418146785269,15476
14965,-26.53399999999999892,12.70578733278556527,15477
14966,-27.67500000000000071,12.69546084318713319,15478
14967,-26.43400000000000105,12.72186244014260126,15479
14968,-26.72299999999999898,12.75735910960688280,15480
14969,-27.58599999999999852,12.82463029236448193,15481
14970,-23.65599999999999881,12.85684382844805462,15482
14971,-23.21000000000000085,12.86242066689747254,15483
14972,-20.63800000000000168,12.87871196340620195,15484
14973,-18.08999999999999986,12.88292582415530063,15485
14974,-24.78699999999999903,12.87947980618187138,15486
14975,-20.50499999999999901,12.85952151743491711,15487
14976,-14.39000000000000057,12.86240385936652864,15488
14977,-16.87699999999999889,13.00515577541996137,15489
14978,-17.56200000000000117,13.05299671430074149,15490
14979,-18.46099999999999852,13.05045615862445452,15491
14980,-18.78900000000000148,13.11380622654877115,15492
14981,-17.82499999999999929,13.28151317647810536,14480
14982,-17.71900000000000119,13.28234523715250859,14481
14983,-15.86800000000000033,13.30199308080601028,14482
14984,-16.83699999999999974,13.32362711781180487,14483
14985,-16.12000000000000099,13.35230218379995826,14484
14986,-9.75009999999999977,13.41058270413879505,14485
14987,-10.62899999999999956,13.55213112668618258,15499
14988,-12.30000000000000071,13.58619440017391788,15500
14989,-9.67019999999999946,13.62240632688211761,15501
14990,-11.17800000000000082,13.68357433576535342,15502
14991,-15.23300000000000054,13.65589200633016276,7903
14992,-13.45199999999999996,13.62687422280620630,7904
14993,-14.10899999999999999,13.63958572242365719,7905
14994,-23.74899999999999878,13.58309522481924603,7906
14995,-23.96300000000000097,13.60086517449030019,7907
14996,-24.92399999999999949,13.64474765947270996,7908
14997,-28.70899999999999963,13.73127722756054503,7909
14998,-30.49099999999999966,13.87664228927634547,7910
14999,-33.99099999999999966,14.02035634377385520,7911
15000,-32.78199999999999648,14.12510490149828968,16016
15001,-27.44900000000000162,14.13824387111209901,16017
15002,-25.62800000000000011,14.14951172380475164,16018
15003,-21.35800000000000054,14.16820184877791711,16019
15004,-22.48499999999999943,14.16573669709127614,16020
15005,-21.95200000000000173,14.22196939350173750,16021
15006,-20.21199999999999974,14.28439519651828071,16022
15007,-22.20700000000000074,14.39550705277208920,16023
15008,-18.69800000000000040,14.40616645894011327,14507
15009,-17.10999999999999943,14.39027175240737932,14508
15010,-16.27400000000000091,14.38358891995484257,14509
15011,-14.73900000000000077,14.37169012254307354,14510
15012,-13.59099999999999930,14.37905385591648688,14511
15013,-12.82799999999999940,14.40184868645996197,14512
15014,-12.51900000000000013,14.40512094820743272,14513
15015,-12.36800000000000033,14.41182518478797370,14514
15016,-10.85699999999999932,14.40037877482674133,14515
15017,-8.06470000000000020,14.40778880880450608,14516
15018,-10.13499999999999979,14.44249720355023925,14517
15019,-6.82340000000000035,14.57309822204208771,14518
15020,-5.00600000000000023,14.68797558081393362,14519
15021,-3.31530000000000014,14.75610509048499885,14520
15022,-5.62279999999999980,14.86370406264571287,14521
15023,-6.58910000000000018,14.95063409721030467,15152
15024,-8.93490000000000073,14.96318978872380967,15153
15025,-8.88439999999999941,15.04319613499832009,15154
15026,-8.54690000000000083,15.14158173528389817,15155
15027,-9.57610000000000028,15.28759123213735549,15156
15028,-7.90549999999999997,15.40801927801508775,15157
15029,-8.28529999999999944,15.50314884829598938,7691
15030,-9.88710000000000022,15.44907729228723170,7692
15031,-9.95759999999999934,15.39313584141658175,7693
15032,-8.17440000000000033,15.34252814604665893,7693
15033,-9.07380000000000031,15.33295217619862960,7694
15034,-8.59079999999999977,15.36405369521524733,7695
15035,-5.85379999999999967,15.37944828370210892,7696
15036,-6.31559999999999988,15.42107552251798275,7697
15037,-8.03420000000000023,15.46203801451588866,7698
15038,-14.64700000000000024,15.51450494403560931,15167
15039,-13.69100000000000072,15.51318943561955699,15168
15040,-10.77399999999999913,15.52306256762571657,15169
15041,-11.05799999999999983,15.51752435017851539,15170
15042,-12.17500000000000071,15.51215627013935361,15171
15043,-18.89600000000000080,15.44422675607666662,9683
15044,-33.98299999999999699,15.43288606058787238,9684
15045,-37.87800000000000011,15.38089403896749374,9685
15046,-32.69500000000000028,15.18518355677763942,17947
15047,-22.47200000000000131,15.00256657645199709,17947
15048,-16.83999999999999986,15.01085433910281886,17948
15049,-13.68999999999999950,14.98552022227533342,17949
15050,-15.58099999999999952,15.02121687536298289,17950
15051,-12.46100000000000030,15.04896088359311079,17951
15052,-13.28899999999999970,14.89152324840932096,15181
15053,-14.06900000000000084,14.84249422978518496,15182
15054,-15.02500000000000036,14.84338493276602833,15183
15055,-13.38599999999999923,14.78075269155599436,15184
15056,-26.08299999999999841,14.79656965068262586,15185
15057,-17.07700000000000173,14.74292562277295460,15186
15058,-10.20500000000000007,14.80541570318119504,15187
15059,-13.46599999999999930,14.79357084306177583,15188
15060,-20.94099999999999895,14.78546806710167338,15189
15061,-28.91900000000000048,14.78748105868479357,15190
15062,-26.33500000000000085,14.89528304005710346,15191
15063,-23.43900000000000006,14.94657228303214502,15192
15064,-27.87399999999999878,14.92999031738092697,15193
15065,-22.08299999999999841,14.74773802235922915,9204
15066,-19.27899999999999991,14.66885592451812848,9205
15067,-20.56200000000000117,14.65293315303644661,9206
15068,-27.50900000000000034,14.58520567999369533,9207
15069,-19.74699999999999989,14.26939475809379054,9208
15070,-19.28699999999999903,14.24647148446462097,9209
15071,-20.37600000000000122,14.29632227765888430,9210
15072,-21.81599999999999895,14.32609888952115362,9211
15073,-21.28999999999999915,14.36140552782285695,9212
15074,-21.48400000000000176,14.36727746612258194,9213
15075,-21.82400000000000162,14.38832325707859816,9214
15076,-19.12800000000000011,14.39270232414182438,9215
15077,-19.48999999999999844,14.39920764648805651,9216
15078,-18.52599999999999980,14.41823731885598114,15207
15079,-17.61700000000000088,14.38028088527908110,15208
15080,-16.65800000000000125,14.35196052843199155,15209
15081,-17.06299999999999883,14.35541363603044651,15210
15082,-13.52800000000000047,14.38867373497925861,15211
15083,-14.34299999999999997,14.30676131306707788,15212
15084,-14.61400000000000077,14.20193430458119543,15213
15085,-14.85299999999999976,14.13027824541127409,15214
15086,-19.54700000000000060,14.09265185007417109,15215
15087,-30.88500000000000156,14.06312795254702941,15216
15088,-35.00999999999999801,13.97969999243205486,15217
15089,-38.60900000000000176,13.83007681303755554,15217
15090,-36.83299999999999841,13.72068229782289706,15218
15091,-24.65299999999999869,13.79967346695591779,15219
15092,-19.36299999999999955,13.77800457528756617,15220
15093,-17.31800000000000139,13.56846407031211044,15221
15094,-15.00099999999999945,13.55237453572115136,15222
15095,-14.12899999999999956,13.56459607715421534,15223
15096,-14.10299999999999976,13.57948429164379434,15224
15097,-10.12400000000000055,13.59320724367164068,15225
15098,-8.87500000000000000,13.52881804991915438,15226
15099,-14.97600000000000087,13.23685949576548815,15227
15100,-20.85200000000000031,13.08384241634816192,15228
15101,-15.04499999999999993,13.07165700804754493,15229
15102,-21.43299999999999983,12.93576229573431924,15230
15103,-21.60900000000000176,12.90794014135489043,15231
15104,-22.46799999999999997,12.85804746634365081,15232
15105,-22.89600000000000080,12.85527000482069582,15233
15106,-23.89000000000000057,12.88244425912579416,15234
15107,-25.44699999999999918,13.23480797505857609,15235
15108,-25.29500000000000171,13.82842238953916514,15236
15109,-25.78800000000000026,14.01970230127132488,12511
15110,-26.61599999999999966,14.24590912009816357,7762
15111,-26.38299999999999912,14.23303729949839358,15239
15112,-27.21300000000000097,14.20471452052904127,14982
15113,-27.52400000000000091,14.17589499544103049,14983
15114,-24.11400000000000077,14.11795693987971667,14984
15115,-20.97899999999999920,14.13745257562977109,14985
15116,-18.51999999999999957,14.16694835691189347,7768
15117,-14.60200000000000031,14.19187960144578575,14987
15118,-18.26399999999999935,14.23159305776982286,14988
15119,-22.98499999999999943,14.31016182437142170,7770
15120,-27.55799999999999983,14.32300011422513464,14990
15121,-27.85000000000000142,14.42836277455200467,14991
15122,-24.40399999999999991,14.34873646506951061,14992
15123,-27.27400000000000091,14.31626497816394661,14993
15124,-28.17000000000000171,14.23020018375741813,14994
15125,-30.16000000000000014,14.25459670087546904,14995
15126,-29.36799999999999855,14.28059560783561643,14996
15127,-30.52400000000000091,14.32678353943435035,14997
15128,-24.87999999999999901,14.42226640372508406,14998
15129,-22.18700000000000117,14.48977127801404485,14999
15130,-26.77100000000000080,14.48948869501762537,15000
15131,-24.33699999999999974,14.57381485790426190,15001
15132,-23.10999999999999943,14.61211873279260942,15002
15133,-16.57999999999999829,14.64499028015179150,15003
15134,-19.37699999999999889,14.63659323857500105,15004
15135,-19.43100000000000094,14.65884816175243621,15005
15136,-20.63100000000000023,14.68651797281150628,15006
15137,-21.72700000000000031,14.73952363674654009,15007
15138,-23.44099999999999895,14.74980248402882665,15354
15139,-19.71900000000000119,14.71779928477757871,15355
15140,-19.34499999999999886,14.75078601301381731,12543
15141,-18.02899999999999991,14.70097487597741726,12544
15142,-12.67699999999999960,14.66070238089448985,12545
15143,-9.36219999999999963,14.58955892203106508,12546
15144,-12.93200000000000038,14.50913790388860036,12547
15145,-12.20199999999999996,14.42866896816001265,12548
15146,-19.85300000000000153,14.43109246214543795,12549
15147,-25.79200000000000159,14.72382251960541133,12550
15148,-24.78500000000000014,14.86877806783102152,18442
15149,-18.05499999999999972,14.66438931971605442,18443
15150,-19.14600000000000080,14.92779030256711081,15528
15151,-16.26999999999999957,14.88586996955422848,15529
15152,-13.44800000000000040,14.87833204949413890,15530
15153,-15.01800000000000068,14.93380627434357244,15531
15154,-8.37609999999999921,14.94379483001721276,15532
15155,-8.07199999999999918,14.97524427606528263,15533
15156,-7.73470000000000013,14.90086623879853356,8825
15157,-8.05560000000000009,14.63488521174313206,8826
15158,-10.92200000000000060,14.50775063633185447,8827
15159,-10.42600000000000016,14.56296501647700659,8828
15160,-11.90600000000000058,14.45503727574566710,8829
15161,-15.40700000000000003,14.35961771958275435,8830
15162,-17.54100000000000037,14.38112557980769779,8831
15163,-25.07600000000000051,14.38524259079725276,8832
15164,-25.46300000000000097,14.33583365349032768,8833
15165,-18.11299999999999955,14.30437045131395379,8834
15166,-22.62900000000000134,14.29265837161085528,8835
15167,-20.61899999999999977,14.26866816971217666,8836
15168,-19.94399999999999906,14.26591145554015583,8837
15169,-18.87000000000000099,14.23541263141845015,8838
15170,-18.73600000000000065,14.22180940277358729,8839
15171,-18.91300000000000026,14.20584118266771334,8840
15172,-16.89900000000000091,14.19596079070080030,8841
15173,-16.66799999999999926,14.14464568760988961,8842
15174,-17.66799999999999926,14.11941843185938694,8843
15175,-17.17200000000000060,14.05954948881864475,8844
15176,-17.14499999999999957,14.01392467968742750,8845
15177,-19.65700000000000003,13.97868337066837974,8846
15178,-16.93900000000000006,13.94263144595332804,8847
15179,-24.79299999999999926,14.01582611117747668,8848
15180,-34.11899999999999977,14.09917539763602434,8849
15181,-22.47500000000000142,14.01555518707364456,8977
15182,-16.44200000000000017,13.95853434323236186,8978
15183,-17.48699999999999832,13.77963025086511273,8852
15184,-18.28699999999999903,13.58058260319993060,8853
15185,-18.46300000000000097,13.58563492677647666,8854
15186,-17.43400000000000105,13.57753977102701270,8855
15187,-17.54799999999999827,13.58916758547418624,8856
15188,-18.19500000000000028,13.59309189862074696,8857
15189,-20.01200000000000045,13.59835180539126753,8985
15190,-38.10600000000000165,13.58725404431788064,8986
15191,-31.10300000000000153,13.82073169714424843,8860
15192,-16.86299999999999955,13.95189951700910136,8988
15193,-16.78999999999999915,13.89247205053354861,8862
15194,-17.28200000000000003,13.89707595848701160,8863
15195,-21.72200000000000131,13.89721642792723522,8864
15196,-22.85099999999999909,13.88161015530767806,8865
15197,-22.61299999999999955,13.84932465324416384,8866
15198,-22.42899999999999849,13.82146499461111411,8867
15199,-20.06599999999999895,13.79773414585815949,8868
15200,-19.57199999999999918,13.79028750530054026,8869
15201,-18.66700000000000159,13.75729306853061296,8870
15202,-19.46699999999999875,13.72460083388648577,8871
15203,-19.35200000000000031,13.66679528990863446,8872
15204,-21.46900000000000119,13.62944703075833708,8873
15205,-22.01800000000000068,13.57227364838013450,8874
15206,-24.31200000000000117,13.52547290685936332,8875
15207,-23.31899999999999906,13.40860623989686040,8876
15208,-22.97800000000000153,13.32497696110034902,8877
15209,-21.63800000000000168,13.29422615537207619,8878
15210,-22.18799999999999883,13.27500251619632010,8879
15211,-19.49500000000000099,13.27671608258268598,8880
15212,-18.33599999999999852,13.26298771082897332,8881
15213,-13.14700000000000024,13.31973600729515006,8882
15214,-15.19899999999999984,13.41901474736579125,9010
15215,-13.56700000000000017,13.39482323972933564,9011
15216,-14.45599999999999952,13.39075562417136389,9012
15217,-15.97700000000000031,13.41263923412456904,9013
15218,-27.08999999999999986,13.50002431329747132,9014
15219,-39.30299999999999727,13.52435430684117890,9015
15220,-38.33700000000000330,13.77800457528756617,15092
15221,-20.40599999999999881,13.56846407031211044,15093
15222,-14.55199999999999960,13.55237453572115136,15094
15223,-13.87599999999999945,13.56459607715421534,15095
15224,-15.12500000000000000,13.57948429164379434,15096
15225,-19.18900000000000006,13.59320724367164068,15097
15226,-26.31500000000000128,13.52881804991915438,15098
15227,-27.35200000000000031,13.23685949576548815,15099
15228,-22.87199999999999989,13.08384241634816192,15100
15229,-25.81299999999999883,13.07165700804754493,15101
15230,-27.44500000000000028,12.93576229573431924,15102
15231,-27.24599999999999866,12.90794014135489043,15103
15232,-24.54599999999999937,12.85804746634365081,15104
15233,-25.58599999999999852,12.85527000482069582,15105
15234,-23.93799999999999883,12.88244425912579416,15106
15235,-24.68700000000000117,13.23480797505857609,15107
15236,-23.61799999999999855,13.82842238953916514,15108
15237,-25.20400000000000063,13.95097158455055286,8906
15238,-24.24099999999999966,13.92733653429582041,8907
15239,-22.17399999999999949,13.82608979605841704,8908
15240,-20.93599999999999994,13.78709953409727085,8909
15241,-21.49899999999999878,13.79205487384429851,8910
15242,-22.17399999999999949,13.76992923032949889,8911
15243,-20.89499999999999957,13.74594159069095056,8912
15244,-19.47899999999999920,13.73788223392349828,8913
15245,-19.44000000000000128,13.71941856054189657,8914
15246,-20.59799999999999898,13.56831406431020248,8915
15247,-18.56800000000000139,13.40776434898375236,8916
15248,-21.43799999999999883,13.40362740741564451,8917
15249,-19.41300000000000026,13.36864286983816363,8918
15250,-21.55600000000000094,13.37490834285589081,8919
15251,-21.41400000000000148,13.38214994746535247,8920
15252,-22.69399999999999906,13.36604144326690680,8921
15253,-24.13299999999999912,13.31371770049885406,8922
15254,-28.70700000000000074,13.26731800269011785,8923
15255,-30.98600000000000065,13.36903826062230571,8924
15256,-31.72599999999999909,13.28959585880771321,8925
15257,-30.34499999999999886,13.21818265739951670,8926
15258,-23.39000000000000057,13.24829890578052449,8927
15259,-19.21399999999999864,13.29370568422773502,8928
15260,-20.46300000000000097,13.35956628730660256,8929
15261,-23.19200000000000017,13.43452748834429222,8930
15262,-20.90599999999999881,13.51853160735413084,8931
15263,-20.19999999999999929,13.57044734463269897,8932
15264,-20.82600000000000051,13.61439529149938821,8933
15265,-17.90399999999999991,13.69974105127630892,8934
15266,-18.57000000000000028,13.71944184327792726,8935
15267,-19.59600000000000009,13.73546211570542930,8936
15268,-17.34499999999999886,13.77268194933784073,8937
15269,-14.31000000000000050,13.75521562565229416,8938
15270,-12.06799999999999962,13.80406860034290517,8939
15271,-14.00500000000000078,13.90503425606937249,8940
15272,-11.77200000000000024,13.81015371341485221,8942
15273,-11.67900000000000027,13.44434864098253080,8943
15274,-9.44640000000000057,13.36121274675998905,8944
15275,-15.58999999999999986,13.49603082370311746,8945
15276,-22.08500000000000085,13.63010849585904616,8946
15277,-26.01899999999999835,13.68610929601361015,8947
15278,-25.98199999999999932,13.74109368947037879,8948
15279,-26.29200000000000159,13.79282232097902750,8949
15280,-22.72500000000000142,13.87599510715772411,8950
15281,-19.86599999999999966,13.98234785730724106,8951
15282,-15.22700000000000031,13.95679120965937869,8952
15283,-11.76399999999999935,13.84217038401072131,8953
15284,-7.26100000000000012,13.72827806950928498,8954
15285,-8.52069999999999972,13.63489344521976321,8955
15286,-5.76940000000000008,13.62599064670455462,8956
15287,-8.96739999999999959,13.65331724019579873,8956
15288,-9.30250000000000021,13.60947593498898911,8958
15289,-12.07699999999999996,13.58821021844313570,8959
15290,-13.41300000000000026,13.58425538794891274,8960
15291,-17.69800000000000040,13.60046150800803488,8961
15292,-20.57300000000000040,13.61158484858150786,8962
15293,-19.95599999999999952,13.60521106089177579,8963
15294,-18.22700000000000031,13.59343057115072995,8964
15295,-17.55399999999999849,13.59055878577678200,8965
15296,-19.72700000000000031,13.59328898075125558,8966
15297,-21.10200000000000031,13.59392798947560976,8967
15298,-18.13599999999999923,13.59449679605670624,8968
15299,-16.12199999999999989,13.62132019624907464,8969
15300,-18.03900000000000148,13.64449348098336223,8970
15301,-17.76500000000000057,13.65221463236640354,8971
15302,-14.01800000000000068,13.66984531424738059,8972
15303,-10.50000000000000000,13.69363027878566896,8973
15304,-11.15700000000000003,13.67453705864089031,8974
15305,-10.42300000000000004,13.66127916144308330,8975
15306,-9.89010000000000034,13.63073675069147939,8976
15307,-12.16699999999999982,13.66665142797691779,8976
15308,-11.28800000000000026,13.72678026553551867,8977
15309,-35.66199999999999903,13.55185542027356327,8979
15310,-33.91299999999999670,13.75555859323621455,8980
15311,-28.07700000000000173,13.61295325198607387,8981
15312,-20.91700000000000159,13.45116450576544587,8982
15313,-14.78899999999999970,13.37752130172445675,8983
15314,-10.17900000000000027,13.39757629017063856,8984
15315,-8.70270000000000010,13.45526872160239584,8985
15316,-11.57099999999999973,13.49404709610472253,8986
15317,-13.19100000000000072,13.17580367768741034,8987
15318,-32.40699999999999648,12.99459859149270891,8988
15319,-36.88799999999999812,12.97041145542063489,8989
15320,-16.10300000000000153,12.92109825539450263,8990
15321,-22.77899999999999991,12.92920808258538656,8991
15322,-24.39799999999999969,12.94097638972185216,8992
15323,-19.69099999999999895,12.87841301828552432,8993
15324,-19.34199999999999875,12.87357408100773348,8994
15325,-20.26300000000000168,12.82434750087250919,8995
15326,-19.13599999999999923,12.77783214731753780,8996
15327,-18.57000000000000028,12.74756117136184308,8997
15328,-16.46900000000000119,12.73972617819918796,8998
15329,-16.03699999999999903,12.72452593241080798,8999
15330,-16.59900000000000020,12.73083659992314232,9000
15331,-16.29400000000000048,12.73259231259499380,9001
15332,-15.34600000000000009,12.76702146075121647,9002
15333,-15.87400000000000055,12.79391648737064990,9003
15334,-15.45599999999999952,12.79322242976130752,9004
15335,-15.50699999999999967,12.80593458783004834,9005
15336,-15.46499999999999986,12.76848159184294573,9006
15337,-12.01600000000000001,12.73434193699013939,9007
15338,-13.86500000000000021,12.72490690534311675,9008
15339,-11.28100000000000058,12.66524772798932474,9009
15340,-13.19400000000000084,12.58930032334601457,9010
15341,-13.87299999999999933,12.55940304381904582,9011
15342,-14.11599999999999966,12.55124138615874152,9012
15343,-14.14400000000000013,12.53055241243150064,9013
15344,-13.23799999999999955,12.53093684700649035,9014
15345,-20.61100000000000065,12.44203114540337296,9015
15346,-33.84100000000000108,12.31414285324669144,9016
15347,-40.24900000000000233,12.51727610189358941,9017
15348,-28.75600000000000023,12.57338299179845187,9018
15349,-16.06500000000000128,12.61633475900065449,9019
15350,-10.56600000000000072,12.61035596916315882,9020
15351,-12.13899999999999935,12.60080452800489503,9021
15352,-10.84399999999999942,12.57059996585482509,9022
15353,-25.00400000000000134,12.48932406593883826,9023
15354,-18.53600000000000136,12.42575985788818116,9024
15355,-17.13400000000000034,12.39883700206844885,9025
15356,-19.37699999999999889,12.56241021219128129,9026
15357,-17.52899999999999991,12.39955818738139648,9027
15358,-17.10500000000000043,12.25521902328561730,9028
15359,-16.63299999999999912,12.16961026811119773,9029
15360,-19.64399999999999835,12.26143101414725933,9030
15361,-19.23499999999999943,12.25381037303192677,9031
15362,-20.01800000000000068,12.26828491961368250,9032
15363,-20.93199999999999861,12.27071869368381840,9033
15364,-17.85999999999999943,12.27448046787785607,9034
15365,-15.15000000000000036,12.25568286735869883,9035
15366,-16.38899999999999935,12.23063931374965918,9036
15367,-17.02700000000000102,12.17335132356188332,9037
15368,-13.10699999999999932,12.15584592679354969,9038
15369,-12.86599999999999966,12.15297614836492990,9039
15370,-14.41300000000000026,12.16325444212223772,9040
15371,-11.28800000000000026,12.31440960386866124,9041
15372,-9.89610000000000056,12.40561402473756836,9042
15373,-10.00099999999999945,12.39534020710902062,9043
15374,-11.07799999999999940,12.42209181107984328,9044
15375,-11.24000000000000021,12.36292670315897979,9045
15376,-12.18699999999999939,12.30976476359184879,9046
15377,-14.29400000000000048,12.33095465548854897,9047
15378,-23.51200000000000045,12.32922363782832598,9048
15379,-26.58599999999999852,12.32398126412791051,9049
15380,-31.56800000000000139,12.34970691222646266,9050
15381,-33.38000000000000256,12.53688695629537619,9051
15382,-33.56499999999999773,12.55607150097417879,9052
15383,-27.77100000000000080,12.62015500322514505,9053
15384,-20.49800000000000111,12.71368685699158441,9054
15385,-24.32999999999999829,12.77545983541930674,9055
15386,-18.36400000000000077,12.80791499644641185,9056
15387,-18.63700000000000045,12.82521147168674069,9057
15388,-19.57499999999999929,12.80647443541435138,9058
15389,-20.79599999999999937,12.80941163184543008,9059
15390,-20.69099999999999895,12.81865703921308608,9060
15391,-20.42399999999999949,12.82066695643491983,9061
15392,-17.84299999999999997,12.83149708714123527,9062
15393,-19.21600000000000108,12.83649280202760856,9063
15394,-18.02199999999999847,12.83452821003142752,9064
15395,-16.92299999999999827,12.82565402683374067,9065
15396,-16.73799999999999955,12.82863477008230291,9066
15397,-18.70700000000000074,12.82264810686563727,9067
15398,-17.08999999999999986,12.81979441942457321,9068
15399,-13.82300000000000040,12.81446778922743945,9069
15400,-11.07499999999999929,12.81673741207168149,9070
15401,-8.35479999999999912,12.81978691880997978,9071
15402,-8.11449999999999960,12.83546953238422361,9072
15403,-11.79899999999999949,12.36653008729123471,14389
15404,-14.96100000000000030,11.88191873348402794,14390
15405,-19.33800000000000097,11.49108059003813587,14391
15406,-23.25499999999999901,11.39559112913442718,14392
15407,-21.93199999999999861,11.39858577406271323,14393
15408,-19.94900000000000162,11.38897977996419009,14394
15409,-13.30599999999999916,11.35489398809508366,14395
15410,-3.68400000000000016,11.25447940520786538,14396
15411,-5.91410000000000036,10.92138429721471482,14397
15412,-7.57399999999999984,10.69354252497584667,14398
15413,-9.11940000000000062,10.51813569645684510,14399
15414,-11.97799999999999976,10.36444804777142714,14400
15415,-12.85399999999999920,10.30609301720232196,14401
15416,-17.80099999999999838,10.18705630239469073,14402
15417,-25.42999999999999972,10.17992214496982406,14403
15418,-16.89199999999999946,10.28690426537203884,14404
15419,-18.05499999999999972,10.33830671944072499,14405
15420,-18.59400000000000119,10.40784101665042627,14406
15421,-19.51099999999999923,10.46050168086017784,14407
15422,-15.96100000000000030,10.44774654325815355,14408
15423,-15.01699999999999946,10.40735275464028220,14409
15424,-19.08599999999999852,10.37739513419280968,14410
15425,-15.63799999999999990,10.35588169799717839,14411
15426,-17.19999999999999929,10.34794684020803501,14412
15427,-17.71499999999999986,10.31505666499674412,14413
15428,-14.90600000000000058,10.29449755154673518,14414
15429,-16.28699999999999903,10.34058255067080623,14415
15430,-15.86299999999999955,10.40401477718339684,14416
15431,-12.96700000000000053,10.50053016875581946,14417
15432,-14.52899999999999991,10.53751544773010984,14418
15433,-15.93099999999999916,10.57747868640471367,14419
15434,-28.18400000000000105,10.55354569069003645,14420
15435,-38.75800000000000267,10.36911158491144569,14421
15436,-36.46699999999999875,9.92692560653949840,14422
15437,-26.85699999999999932,9.68720946058378551,14423
15438,-25.62300000000000111,9.81401736411340586,14424
15439,-21.24800000000000111,9.99445230564606213,14425
15440,-19.00900000000000034,10.00803825809962255,14426
15441,-18.14799999999999969,9.92925055418288949,14427
15442,-18.84600000000000009,9.83078743766533414,14428
15443,-18.04500000000000171,9.77768508108155388,14429
15444,-21.98600000000000065,9.70643708373251002,14430
15445,-33.04500000000000171,9.65653759948368950,14431
15446,-31.04400000000000048,9.77065886455738664,14432
15447,-17.55900000000000105,9.83907197765187114,14433
15448,-18.41199999999999903,9.76384377881017329,14434
15449,-19.79599999999999937,9.70831495028369496,14435
15450,-22.38800000000000168,9.68808703208590849,14436
15451,-23.47400000000000020,9.70231807073425934,14437
15452,-19.00799999999999912,9.70282779995657663,14438
15453,-19.21600000000000108,9.69473247709163921,14439
15454,-22.96699999999999875,9.85206509051785595,14440
15455,-19.83699999999999974,9.90320335018900089,14441
15456,-22.56200000000000117,9.86042432568388882,14442
15457,-22.88200000000000145,10.06206471020898441,14443
15458,-21.79299999999999926,10.36034139329668058,14444
15459,-20.79400000000000048,10.36343628880838885,14445
15460,-20.17599999999999838,10.26708885164521057,14446
15461,-19.57100000000000151,10.28424524730079348,14447
15462,-19.60800000000000054,10.42258047688230427,14448
15463,-19.64600000000000080,10.48867624924417363,14450
15464,-20.02799999999999869,10.55863633761756226,14451
15465,-19.23000000000000043,10.61524170726283245,14452
15466,-18.18799999999999883,10.80199172783215467,14453
15467,-18.43400000000000105,10.89541913543554763,14454
15468,-15.40799999999999947,10.98291820414429054,14455
15469,-24.71999999999999886,10.88568329507314836,14456
15470,-33.02100000000000080,10.96407333709430176,14457
15471,-40.95700000000000074,10.98496658832720207,14458
15472,-38.92999999999999972,10.87926498981810752,14459
15473,-29.15099999999999980,10.59602437727432722,14460
15474,-18.50900000000000034,10.46551542806642665,14461
15475,-14.39199999999999946,10.46050303145355187,14462
15476,-15.92999999999999972,10.46584433281238802,14463
15477,-20.17800000000000082,10.44177638969731703,14464
15478,-21.47599999999999909,10.43565484677156974,14465
15479,-24.95599999999999952,10.40192685952918161,14466
15480,-30.46999999999999886,10.43289066305756485,14467
15481,-23.47700000000000031,10.47164184952222676,14468
15482,-20.24500000000000099,10.48088385969982461,14469
15483,-21.09100000000000108,10.45218581949998260,14470
15484,-21.60399999999999920,10.44349983125895598,14471
15485,-15.52999999999999936,10.43449733681231351,14472
15486,-17.76300000000000168,10.40607134014481971,14473
15487,-18.68700000000000117,10.39349279737472465,14474
15488,-18.82900000000000063,10.45699482975591366,14475
15489,-17.96699999999999875,10.78420846412464762,14476
15490,-18.88599999999999923,10.96762809469553801,14477
15491,-20.96099999999999852,10.96358271498441894,14478
15492,-20.50000000000000000,10.94872030970748433,14479
15493,-19.39999999999999858,10.96188621263105389,14480
15494,-17.51599999999999824,10.96992229849027289,14481
15495,-19.02700000000000102,11.03420947219955295,14482
15496,-17.47700000000000031,11.09093579024952980,14483
15497,-14.39600000000000080,11.14490654912511580,14484
15498,-10.24600000000000044,11.02583378761609012,14485
15499,-11.90099999999999980,11.01143251193057537,14486
15500,-9.38390000000000057,11.18734420137524666,14487
15501,-10.96100000000000030,11.29194105065538523,14488
15502,-10.08399999999999963,11.31385048741146981,14489
15503,-8.62839999999999918,11.37640233162388981,14490
15504,-10.44699999999999918,11.44153796875166229,14491
15505,-8.91009999999999991,11.49814843719136981,14492
15506,-12.55799999999999983,11.54360543134097128,14493
15507,-20.34499999999999886,11.56424780688042908,14494
15508,-22.65500000000000114,11.52853091522036877,14495
15509,-27.55499999999999972,11.50883188482224817,14496
15510,-28.14699999999999847,11.46556435057373413,14497
15511,-28.96099999999999852,11.51188474439745413,14498
15512,-20.13100000000000023,11.53853814190864746,14499
15513,-18.84400000000000119,11.55658405395595878,14500
15514,-20.19099999999999895,11.58090036986600779,14501
15515,-21.83200000000000074,11.61432897188170088,14502
15516,-24.48400000000000176,11.65978651171197811,14503
15517,-24.77299999999999969,11.71554958593011797,14504
15518,-19.10600000000000165,11.81959302037251192,14505
15519,-19.29200000000000159,11.89141005795216088,14506
15520,-16.60099999999999909,12.02746074260752707,14507
15521,-15.29599999999999937,12.15908827852944363,14508
15522,-13.05400000000000027,12.24864257624202679,14509
15523,-14.65499999999999936,12.27552233000134407,14510
15524,-12.22799999999999976,12.28077359114405098,14511
15525,-12.24799999999999933,12.42693688158305854,14512
15526,-14.04800000000000004,12.64841404223163046,14513
15527,-15.67900000000000027,12.68842360723178686,14514
15528,-14.15700000000000003,12.69941861466255340,14515
15529,-15.44699999999999918,12.68461877945040683,14516
15530,-14.22899999999999920,12.68054380718326080,14517
15531,-15.23900000000000077,12.71302093209641804,14518
15532,-14.93500000000000050,12.71644982017562953,14519
15533,-13.58399999999999963,12.69314198433618657,14520
15534,-13.75200000000000067,12.65669935213130337,14521
15535,-11.75300000000000011,12.63808837582609890,14522
15536,-11.55400000000000027,12.65075247669082792,14523
15537,-12.47700000000000031,12.65855651034572560,14524
15538,-10.33900000000000041,12.66739192520522117,14525
15539,-9.86730000000000018,12.70747672052043065,14526
15540,-9.03240000000000087,12.75842193028788074,14527
15541,-9.64819999999999922,12.82349245575656127,14528
15542,-9.09999999999999964,12.88060794718240132,14529
15543,-8.86710000000000065,12.94177577807473511,14530
15544,-9.96080000000000076,12.99919414502086568,14531
15545,-17.05399999999999849,13.00769181811159747,14532
15546,-15.15399999999999991,13.01751059650374565,14533
15547,-13.18399999999999928,13.03125228725215834,14534
15548,-11.74000000000000021,13.05833607324085932,14535
15549,-11.93500000000000050,13.09485807456445094,14536
15550,-12.44800000000000040,13.13567904608972547,14537
15551,-11.33600000000000030,13.17507847538386478,14538
15552,-9.44410000000000061,13.22670882348163879,14539
15553,-9.50890000000000057,13.30512911099013529,14540
15554,-12.21100000000000030,13.39135038688059431,14541
15555,-36.13199999999999790,13.39630794506382117,14542
15556,-44.13100000000000023,13.56874071656852720,14542
15557,-42.68200000000000216,13.84916566654446513,14543
15558,-41.18399999999999750,14.08395628318997517,14545
15559,-30.95299999999999940,14.18762606474453492,14546
15560,-21.04599999999999937,14.02315616859543645,14547
15561,-17.89699999999999847,13.99940348940306656,14548
15562,-17.68400000000000105,13.96902708970295670,14549
15563,-20.73300000000000054,13.88653894663082689,14550
15564,-13.06099999999999994,13.82264111399723738,14551
15565,-12.60500000000000043,13.87044214319795543,14552
15566,-9.77989999999999959,13.96043808633873873,14553
15567,-13.12299999999999933,13.98436131309069630,14554
15568,-14.79700000000000060,14.02090563363256237,14555
15569,-13.50900000000000034,14.02435596401041629,14556
15570,-13.89700000000000024,14.03102649104496180,14557
15571,-16.24399999999999977,14.00338020349640722,14558
15572,-23.76899999999999835,13.92622340049199714,14559
15573,-23.10000000000000142,13.85995252645065179,14560
15574,-29.64199999999999946,13.78467207823906016,14561
15575,-31.16000000000000014,13.80961468909703704,14562
15576,-23.96999999999999886,13.82152702421129398,14563
15577,-23.79899999999999949,13.76387091335211466,14564
15578,-20.87500000000000000,13.67102225007150551,14565
15579,-18.04599999999999937,13.60691821467257689,14566
15580,-18.20100000000000051,13.53565007911020679,14567
15581,-17.42899999999999849,13.46092164666917768,14568
15582,-17.12500000000000000,13.37468608844012863,14569
15583,-17.05300000000000082,13.32634478109551068,14570
15584,-15.73700000000000010,13.31431589175054953,14571
15585,-17.65500000000000114,13.28160477336992251,14572
15586,-16.87199999999999989,13.24304137232775958,14573
15587,-21.10999999999999943,13.22699889280687557,14574
15588,-18.48100000000000165,13.19387234213194482,14575
15589,-18.11199999999999832,13.18022712429447196,14576
15590,-16.50900000000000034,13.15604925673098258,14577
15591,-16.59199999999999875,13.14383925859595514,14578
15592,-14.95599999999999952,13.14200135959770499,14579
15593,-15.92999999999999972,13.16216955891461282,14580
15594,-15.26999999999999957,13.18012701863191438,14581
15595,-13.19899999999999984,13.22147015297822215,14582
15596,-12.42600000000000016,13.22505401478675680,14583
15597,-13.72300000000000075,13.24966340160792377,14584
15598,-14.47799999999999976,13.25915909756408162,14585
15599,-11.08900000000000041,13.27379907088569411,14586
15600,-10.99099999999999966,13.31983678949341687,14587
15601,-15.13400000000000034,13.35756312276947888,14588
15602,-32.68999999999999773,13.26447855879489879,14589
15603,-37.97599999999999909,13.46044347065262947,19024
15604,-42.11299999999999955,13.56733488115763997,19025
15605,-29.30600000000000094,13.63209329384113389,11681
15606,-27.36100000000000065,13.64762398231545681,11682
15607,-22.78999999999999915,13.65597530826499373,9025
15608,-15.67099999999999937,13.65237930304004976,9026
15609,-21.10999999999999943,13.64970886195164645,9027
15610,-17.87399999999999878,13.65575038572461253,9028
15611,-14.42399999999999949,13.69431389769576590,9029
15612,-12.78899999999999970,13.69493712388951323,9030
15613,-15.07499999999999929,13.69017807745917814,9031
15614,-14.34900000000000020,13.67714022251944961,9032
15615,-19.77100000000000080,13.65462037272374651,9033
15616,-21.27799999999999869,13.65618183859991319,9034
15617,-23.84400000000000119,13.66307632894531388,11693
15618,-23.97800000000000153,13.71607704525679949,11694
15619,-24.28800000000000026,13.80676799900287399,14606
15620,-25.09799999999999898,13.73466043925772873,14607
15621,-26.09400000000000119,13.74236716258086766,14608
15622,-27.52700000000000102,13.78619722379848689,14609
15623,-28.28800000000000026,13.80717809841635280,9041
15624,-27.21499999999999986,13.61208403140651590,9042
15625,-27.62800000000000011,13.47499261254436398,9043
15626,-28.63299999999999912,13.20650301291843576,9044
15627,-25.58599999999999852,13.17381710439710041,9045
15628,-20.99899999999999878,13.08043026903222028,9046
15629,-18.74599999999999866,12.90190170246731860,9047
15630,-17.24099999999999966,12.87302703423152117,9048
15631,-22.17099999999999937,12.87290996170476554,9049
15632,-24.36199999999999832,12.84180644942557237,9050
15633,-26.98900000000000077,12.84535486116952008,9051
15634,-27.60300000000000153,12.84620014026275214,9052
15635,-26.23900000000000077,12.89828568327746083,9053
15636,-25.67399999999999949,12.98371843469898046,9054
15637,-23.23900000000000077,13.02203328306325680,9055
15638,-22.28000000000000114,13.04936234751092172,9056
15639,-20.39699999999999847,13.05296946035273820,9057
15640,-17.84600000000000009,13.05118199763966125,9058
15641,-18.14799999999999969,13.05045019300631814,9059
15642,-15.22799999999999976,13.05285530208284861,9060
15643,-16.83099999999999952,13.05426148603721437,9061
15644,-14.56600000000000072,13.05927132123962053,9062
15645,-17.12300000000000111,13.06676853927829995,9063
15646,-18.16799999999999926,13.06622199952040653,9064
15647,-18.34799999999999898,13.06759086332670705,9065
15648,-19.14399999999999835,13.06768278669522765,9066
15649,-16.94200000000000017,13.06965726454681587,9067
15650,-15.08099999999999952,13.06592975559873437,9068
15651,-12.85299999999999976,13.06081821642290564,9069
15652,-11.17600000000000016,13.06451587947363713,9070
15653,-7.45429999999999993,13.07003853679787753,9071
15654,-7.72180000000000000,13.08079467786904360,9072
15655,-12.15499999999999936,13.08746713112778437,9073
15656,-22.54799999999999827,13.05329317903013830,9074
15657,-29.90099999999999980,13.05282181407784137,9075
15658,-31.46600000000000108,13.09033521221395091,9076
15659,-31.86899999999999977,13.14564568539821465,9077
15660,-25.14999999999999858,12.94651019704101103,9329
15661,-16.22299999999999898,12.88195611755838499,9330
15662,-14.19200000000000017,12.85446247824996924,9331
15663,-13.91600000000000037,12.68757019297073185,9332
15664,-15.13299999999999912,12.60668301317837248,9333
15665,-8.44209999999999994,12.64123288280567969,9334
15666,-9.87059999999999960,12.69743184177491457,9335
15667,-11.77599999999999980,12.38868645691247217,9336
15668,-14.76200000000000045,12.22980524719237572,9337
15669,-15.56099999999999994,12.21274119261095947,9338
15670,-28.48799999999999955,12.20545593839510978,9339
15671,-20.95200000000000173,12.14496550661364260,9340
15672,-21.79100000000000037,12.15170390643040754,9341
15673,-19.76899999999999835,12.16838585747202295,9342
15674,-20.29799999999999827,12.16275382911276459,9343
15675,-18.22200000000000131,12.16684398249052457,9344
15676,-15.86400000000000077,12.16086157115698541,9345
15677,-17.26399999999999935,12.13806566641160067,9346
15678,-16.03999999999999915,12.12093996086686687,9347
15679,-17.94200000000000017,12.09863951637577273,9348
15680,-15.57600000000000051,12.08402014477857911,9349
15681,-14.64799999999999969,12.06415425877757563,9350
15682,-15.83900000000000041,12.06533380606215999,9351
15683,-14.65499999999999936,12.08282496444283183,9352
15684,-13.80599999999999916,12.14705578633356531,9353
15685,-13.63400000000000034,12.21509018632299792,9354
15686,-13.88899999999999935,12.27243782230387481,9355
15687,-19.60200000000000031,12.39952938656508863,9356
15688,-34.56099999999999994,12.37576361184933837,9357
15689,-31.20499999999999829,12.21551538533123527,10373
15690,-16.60300000000000153,11.83709640883210668,10374
15691,-14.31300000000000061,11.82697194463449009,10375
15692,-13.38499999999999979,11.82762439622877260,10376
15693,-15.07300000000000040,11.84116330541010420,10377
15694,-13.00799999999999912,11.84283704825628014,10378
15695,-14.07799999999999940,11.65850678397523410,5063
15696,-16.43900000000000006,11.62102766436559698,10380
15697,-32.42900000000000205,11.37232154937649220,10381
15698,-27.87900000000000134,11.26859933780668399,10382
15699,-18.18199999999999861,11.23772633247436303,10383
15700,-16.31400000000000006,11.24212330051849840,10384
15701,-14.36500000000000021,11.25432801673267136,10385
15702,-17.54400000000000048,11.23912641329338946,10386
15703,-20.08099999999999952,11.28873237449944966,10387
15704,-20.01099999999999923,11.34289669038892434,10388
15705,-18.04599999999999937,11.38313550466569879,10389
15706,-14.11500000000000021,11.43457578372900585,10390
15707,-14.36999999999999922,11.43565486079005034,5075
15708,-11.68900000000000006,11.45147293212163397,5076
15709,-12.08900000000000041,11.47024991655884740,5077
15710,-12.32099999999999973,11.46819551946929572,5078
15711,-12.64499999999999957,11.45771502497845518,5079
15712,-13.64199999999999946,11.42385521230762357,5080
15713,-12.43999999999999950,11.41581330034602715,10397
15714,-15.51699999999999946,11.32852820253320481,10398
15715,-16.07900000000000063,11.30227193486488169,10399
15716,-15.99300000000000033,11.29049077200404483,10400
15717,-13.78100000000000058,11.29223773836699962,10401
15718,-11.54800000000000004,11.23688224013685577,10402
15719,-8.42820000000000036,11.24182060431866681,10403
15720,-8.31690000000000040,11.33628276085000230,10404
15721,-11.24699999999999989,11.33190567689991823,10405
15722,-17.46699999999999875,11.50477666559802259,10406
15723,-37.27499999999999858,11.52040209051056330,10407
15724,-42.78099999999999881,11.85536577816827197,5091
15725,-32.82500000000000284,11.93657245801573730,5091
15726,-19.12500000000000000,12.14373850413421785,5092
15727,-14.97400000000000020,12.03551004702089422,5093
15728,-12.35699999999999932,11.84057085410693588,2052
15729,-14.85399999999999920,11.13125639100048936,2053
15730,-19.60900000000000176,10.72188290178623760,2054
15731,-20.06700000000000017,10.72591284992086003,2055
15732,-25.82100000000000151,10.73694172118063150,2056
15733,-30.15399999999999991,10.74777886083344036,2057
15734,-27.42200000000000060,10.90363943014141412,2058
15735,-24.19099999999999895,11.05397876305489291,17762
15736,-25.37199999999999989,11.06463773778774140,17763
15737,-24.98999999999999844,11.15043043763327546,17764
15738,-22.57400000000000162,11.22405042582721357,17765
15739,-21.80399999999999849,11.28239340166276783,17766
15740,-20.31800000000000139,11.32582563838239764,17767
15741,-21.50799999999999912,11.33137463542996848,17768
15742,-22.44200000000000017,11.37488190234555141,17769
15743,-20.95200000000000173,11.45602710011728576,17770
15744,-20.38800000000000168,11.52456861760306772,17771
15745,-17.60099999999999909,11.48978939315133907,17772
15746,-19.71799999999999997,11.46000010494852184,17773
15747,-19.54500000000000171,11.49239008138319740,17774
15748,-17.20299999999999940,11.50393038531492351,17775
15749,-19.36799999999999855,11.50436608710480790,17776
15750,-18.64099999999999824,11.51582412200289873,17777
15751,-20.03999999999999915,11.52205015297004209,17778
15752,-18.69800000000000040,11.53712768550514589,17779
15753,-21.07900000000000063,11.55494403827337280,17780
15754,-20.36599999999999966,11.59617924936003597,17781
15755,-20.95700000000000074,11.67649485271421028,17782
15756,-21.35099999999999909,11.75496281363964179,17783
15757,-22.23000000000000043,11.80437178989956770,17784
15758,-22.79799999999999827,11.86666092238176340,17785
15759,-22.37999999999999901,12.01872201162782616,17786
15760,-18.49800000000000111,12.18339145876913143,17787
15761,-11.94599999999999973,12.14461768141385711,17788
15762,-9.58610000000000007,12.18614699970624216,17789
15763,-11.70400000000000063,12.22151908760034544,17790
15764,-18.44300000000000139,12.27980995974552059,17791
15765,-18.58500000000000085,12.33006575140723626,17792
15766,-9.13760000000000083,12.30028889085173027,2090
15767,-11.02299999999999969,12.18215090122011901,2084
15768,-13.15300000000000047,12.06891662372106033,2085
15769,-11.98900000000000077,12.14107077913881128,2086
15770,-11.35399999999999920,12.17499221322642455,2087
15771,-10.26900000000000013,12.20746338758612382,2088
15772,-9.17689999999999984,12.25263255571111998,2089
15773,-10.74600000000000044,12.34658943265714193,17800
15774,-7.18820000000000014,12.26059119646746076,17801
15775,-7.94050000000000011,12.06154103382915110,17802
15776,-8.45870000000000033,11.66179797356027059,17803
15777,-7.70880000000000010,11.43662973256497395,17804
15778,-9.36040000000000028,11.28090554877709550,17805
15779,-9.09420000000000073,11.13409609489923113,17806
15780,-8.90320000000000000,10.97996126055307364,17807
15781,-8.30550000000000033,10.66875753133746940,17808
15782,-10.89700000000000024,10.28604167467416097,17809
15783,-14.42500000000000071,10.04589154921039018,17810
15784,-11.00900000000000034,9.86239732869042740,17811
15785,-11.65199999999999925,9.67608891339607702,17812
15786,-9.91760000000000019,9.54350297714711360,17813
15787,-12.84900000000000020,9.39828420432307254,17814
15788,-14.81400000000000006,9.30998180214962190,17815
15789,-13.32099999999999973,9.24728995156784350,17816
15790,-14.62199999999999989,9.27195746657108977,17817
15791,-15.30499999999999972,9.30666943227067378,17818
15792,-17.36100000000000065,9.32432650667946916,17819
15793,-17.88299999999999912,9.34789815628201559,17820
15794,-18.76999999999999957,9.34292722480641658,17821
15795,-13.82300000000000040,9.62246644976341514,17822
15796,-13.45899999999999963,9.89986198152842967,17823
15797,-12.66200000000000081,10.16889204406231073,17824
15798,-14.29100000000000037,10.36041323810341375,17825
15799,-14.41000000000000014,10.48796781507850895,17826
15800,-14.77500000000000036,10.34377508176333826,17827
15801,-16.58800000000000097,10.32680336385009667,17828
15802,-14.98000000000000043,10.33203380158562190,17829
15803,-18.16799999999999926,10.33011394589072118,17830
15804,-17.79299999999999926,10.39046955576110420,17831
15805,-16.93299999999999983,10.40930646230552448,17832
15806,-19.63100000000000023,10.42235994193890214,17833
15807,-22.35000000000000142,10.42642336991634977,17834
15808,-21.75300000000000011,10.36279942435362500,17835
15809,-20.69399999999999906,10.24110069185089067,17836
15810,-18.42200000000000060,10.27078834555662290,17837
15811,-19.41499999999999915,10.24731428392121124,17838
15812,-19.01200000000000045,10.17026471720172331,17839
15813,-19.55799999999999983,10.17450019901994196,17840
15814,-19.91000000000000014,10.17154782634998256,17841
15815,-19.34400000000000119,10.16703753701135682,17842
15816,-31.03500000000000014,10.38799841879070662,17843
15817,-22.70299999999999940,10.63084036741534000,17844
15818,-13.24900000000000055,10.71839277453284112,17845
15819,-18.01999999999999957,10.71689851308311603,17846
15820,-18.60300000000000153,10.71029988810351874,17847
15821,-21.81500000000000128,10.77847887599839005,17848
15822,-21.19099999999999895,10.82946385919809273,17849
15823,-24.27299999999999969,10.96784920914134709,17850
15824,-23.66600000000000037,11.01357036088157493,17851
15825,-27.39099999999999824,11.08436512497175030,17852
15826,-14.10899999999999999,11.14674248065890794,17853
15827,-18.82900000000000063,11.04118455318096181,17854
15828,-28.66199999999999903,11.02876221481632513,17855
15829,-21.27599999999999980,11.10732479643597337,17856
15830,-21.35500000000000043,11.04492283588473889,17857
15831,-20.89300000000000068,11.00816221351090896,17858
15832,-24.06599999999999895,11.01914769610971945,17859
15833,-20.96199999999999974,11.01829282415502043,17860
15834,-19.69900000000000162,10.99905710654162405,17861
15835,-17.05300000000000082,10.97091843541009126,17862
15836,-16.11100000000000065,10.90628944418966562,17863
15837,-17.25000000000000000,10.84877157244501333,17864
15838,-18.35399999999999920,10.82114702435724674,17865
15839,-21.13400000000000034,10.76787118297826495,17866
15840,-18.43799999999999883,10.65853292903236493,17867
15841,-18.28600000000000136,10.58993928943666241,17868
15842,-15.84999999999999964,10.53224548967489760,17869
15843,-16.66000000000000014,10.48167229805794243,17870
15844,-14.76800000000000068,10.42885382067071554,17871
15845,-16.31099999999999994,10.39420182265617321,17872
15846,-17.48600000000000065,10.35870195015958295,17873
15847,-17.20899999999999963,10.38224769577897177,17874
15848,-16.84199999999999875,10.37060927820638767,17875
15849,-14.93900000000000006,10.36825458322669746,17876
15850,-15.70800000000000018,10.39723564805912481,17877
15851,-15.98199999999999932,10.42650226979226957,17878
15852,-16.15299999999999869,10.42772811340113570,17879
15853,-14.94400000000000084,10.35480520550121675,17880
15854,-13.63400000000000034,10.40737136590464473,17881
15855,-11.98700000000000010,10.71223808185051674,17882
15856,-10.64899999999999913,10.90151150238738254,17883
15857,-12.69899999999999984,11.12285976943043586,17884
15858,-13.60299999999999976,11.43368989792609902,17885
15859,-15.59600000000000009,11.65265158593835615,17886
15860,-13.24900000000000055,11.84526004607617367,17887
15861,-15.01299999999999990,11.76329609833093848,3200
15862,-17.47400000000000020,11.61842043778140088,3201
15863,-19.60300000000000153,11.54357499602187609,3201
15864,-19.07400000000000162,12.11649333261416572,17891
15865,-18.12199999999999989,12.06535342696921376,17892
15866,-14.84999999999999964,12.04596060317444106,17893
15867,-13.04899999999999949,12.03820682686261989,17894
15868,-14.49600000000000044,12.04208134608679437,17895
15869,-15.83600000000000030,12.06668370093789733,17896
15870,-12.38700000000000045,12.07059562726060342,17897
15871,-14.74000000000000021,12.07621965881429027,17898
15872,-16.01200000000000045,12.05157252601441442,17899
15873,-14.01500000000000057,12.04480687993839005,17900
15874,-14.69699999999999918,12.04371452462519620,17901
15875,-15.06499999999999950,12.06048210779276886,17902
15876,-14.60299999999999976,12.06655372508364898,17903
15877,-13.79700000000000060,12.08834354132987876,17904
15878,-12.62199999999999989,12.07982172620728001,17905
15879,-13.68200000000000038,12.02223035529307538,17906
15880,-13.05499999999999972,12.04610587831489177,17907
15881,-14.99300000000000033,12.04733135749540196,17908
15882,-16.26200000000000045,12.05353646699584935,17909
15883,-18.92299999999999827,12.04156636192271002,17910
15884,-19.43100000000000094,12.05110409520463577,17911
15885,-19.25300000000000011,12.06519153890314833,17912
15886,-21.51899999999999835,12.07091389387502289,17913
15887,-18.12500000000000000,12.05205213400516229,17914
15888,-14.81700000000000017,12.05360377123677651,17915
15889,-18.25400000000000134,12.06800707402017636,17916
15890,-19.79500000000000171,12.06885836578841520,17917
15891,-24.90800000000000125,12.06321637061917151,17918
15892,-24.52599999999999980,12.01713348173808171,17919
15893,-19.30600000000000094,12.04720998791769304,17920
15894,-20.82000000000000028,12.06777434396702908,17921
15895,-20.43900000000000006,12.08906507005258923,17922
15896,-20.89799999999999969,12.15967603605626479,17923
15897,-18.42099999999999937,12.21426050932698359,17924
15898,-16.58800000000000097,12.25089697176893466,17925
15899,-17.97500000000000142,12.27043349597179400,17926
15900,-15.34699999999999953,12.25877528524585180,17927
15901,-19.98900000000000077,12.31319501443318387,17928
15902,-14.66799999999999926,12.38299774897900996,17929
15903,-14.98900000000000077,12.23192088789632415,17930
15904,-15.33900000000000041,12.09080753396063557,17931
15905,-15.75799999999999912,12.04270634973737408,17932
15906,-17.52899999999999991,12.11547169471020524,17933
15907,-17.51300000000000168,12.08611707360646470,17934
15908,-15.54199999999999982,12.06424576457539466,17935
15909,-18.22400000000000020,11.94006480475628074,17936
15910,-17.99599999999999866,11.85465618649915953,17937
15911,-20.46600000000000108,11.88086333206517153,17938
15912,-19.32999999999999829,11.88722961349973239,17939
15913,-21.02299999999999969,11.88960287516628433,17940
15914,-20.17000000000000171,11.87114314718682984,17941
15915,-20.11700000000000088,11.87263295185810463,17942
15916,-16.79299999999999926,11.87167660545490655,17943
15917,-11.30599999999999916,11.88020398475563333,17944
15918,-11.44200000000000017,11.88003752227419341,17945
15919,-8.08910000000000018,11.95441541216208137,17946
15920,-22.07900000000000063,12.06178845387705678,17947
15921,-25.99200000000000088,12.12146644804990814,17948
15922,-20.84499999999999886,12.33528712081096401,17949
15923,-14.70400000000000063,12.55096771903236785,17950
15924,-14.31199999999999939,12.67972206026821880,17951
15925,-16.15099999999999980,12.73025871267857667,17952
15926,-18.86299999999999955,12.75629661115606517,17953
15927,-17.74599999999999866,12.75419944948242268,17954
15928,-20.65899999999999892,12.75298444659881802,17955
15929,-21.09199999999999875,12.73615956680725247,17956
15930,-21.47700000000000031,12.73258850303922429,17957
15931,-21.64799999999999969,12.74084571207495031,17958
15932,-20.73999999999999844,12.73430893236696448,17959
15933,-19.11499999999999844,12.78735783981002605,17960
15934,-18.50700000000000145,12.96172678490672325,17961
15935,-17.30399999999999849,13.04782665432453648,17962
15936,-15.87400000000000055,13.13383754960858063,17963
15937,-15.82399999999999984,13.09874717897837471,17964
15938,-13.99699999999999989,13.07280843669884085,17965
15939,-15.38000000000000078,13.05033138711986140,17966
15940,-14.90600000000000058,13.17599915884235351,8692
15941,-14.51200000000000045,13.13323656973806486,8693
15942,-14.54299999999999926,13.16310151895675240,8694
15943,-22.28500000000000014,13.18013156801547048,8695
15944,-25.70400000000000063,13.12462419711841655,8696
15945,-16.59100000000000108,13.04659887209803948,8697
15946,-18.62300000000000111,13.07322158631989950,8698
15947,-16.58800000000000097,13.06983580550694413,8699
15948,-18.96999999999999886,13.09699665344880160,8700
15949,-16.57400000000000162,13.07827525114342393,16459
15950,-16.21099999999999852,12.80315026576163362,16460
15951,-18.24599999999999866,12.56235379643662853,16461
15952,-18.80099999999999838,12.44574841684846511,16462
15953,-18.84799999999999898,12.41203063199056800,16463
15954,-20.08999999999999986,12.36635636830901497,16464
15955,-19.42099999999999937,12.32449742130603454,16465
15956,-18.33299999999999841,12.29420240646027374,16466
15957,-16.71300000000000097,12.27006805872462358,16467
15958,-22.48100000000000165,12.39597112772683296,16468
15959,-23.92699999999999960,12.64207366759928775,16469
15960,-19.53800000000000026,12.85130196628767152,16470
15961,-17.66000000000000014,12.99953704908303109,16471
15962,-17.96799999999999997,13.06955266783992542,16472
15963,-16.95700000000000074,13.07218452401314934,16473
15964,-15.27899999999999991,13.09536612395062072,16474
15965,-14.57300000000000040,13.12274256839405950,16475
15966,-13.36999999999999922,13.14895128230175203,16476
15967,-11.41999999999999993,13.19274641531677617,16477
15968,-12.40799999999999947,13.24461791829022417,16478
15969,-14.27399999999999913,13.23840711962294137,8721
15970,-17.59799999999999898,13.16439013800005498,8722
15971,-19.28500000000000014,13.17894690539087676,8723
15972,-21.50600000000000023,13.19573055291306929,16482
15973,-24.00300000000000011,13.13423705581658396,16483
15974,-27.55000000000000071,13.06608216695253866,16484
15975,-31.62300000000000111,13.04894803625767175,16485
15976,-30.26000000000000156,12.82865072011781749,16486
15977,-28.42800000000000082,12.62900294609782215,16487
15978,-27.67500000000000071,12.45614908988738279,16488
15979,-30.42699999999999960,12.29816248323003869,16489
15980,-33.02600000000000335,12.15842516093767145,16490
15981,-34.41400000000000148,11.98618341793085307,16491
15982,-33.43099999999999739,11.78930769213385865,16492
15983,-32.44100000000000250,11.64515318630131802,16493
15984,-30.79200000000000159,11.69991076328342317,16494
15985,-29.06700000000000017,11.74115385339434781,16495
15986,-31.04799999999999827,11.69671181122870252,16496
15987,-30.94600000000000151,11.69992407377934640,16497
15988,-29.23300000000000054,11.70179968751249611,16498
15989,-20.18700000000000117,11.74813476457712191,16499
15990,-20.42299999999999827,11.89732283692002923,16500
15991,-18.78500000000000014,11.95307680694715380,16501
15992,-22.25100000000000122,11.94364256831008397,16502
15993,-21.96900000000000119,11.94727152144406901,16503
15994,-19.05699999999999861,12.01142945272952112,16504
15995,-20.24599999999999866,11.94011086058073445,16505
15996,-20.66499999999999915,11.66732628410830053,16506
15997,-21.22899999999999920,11.53908900779173230,16507
15998,-20.29299999999999926,11.51520224089606792,16507
15999,-32.35199999999999676,11.53999962661922218,16508
16000,-27.28099999999999881,11.46327469145570177,16509
16001,-17.09100000000000108,11.43442996653993582,16510
16002,-19.94600000000000151,11.45972797280017907,16511
16003,-21.43400000000000105,11.46784634071751263,16512
16004,-20.08399999999999963,11.46074418186222843,16513
16005,-19.11100000000000065,11.45690662641824886,16514
16006,-14.41200000000000081,11.41337153963030815,16515
16007,-19.39399999999999835,11.46565493915399259,16516
16008,-27.87800000000000011,11.46714297882906664,16517
16009,-17.17299999999999827,11.40279134689032858,16518
16010,-17.39499999999999957,11.41581837727272131,16519
16011,-24.44800000000000040,11.41734366445598248,16520
16012,-23.34799999999999898,11.30011055726710012,16521
16013,-21.50799999999999912,11.25202286090718040,16522
16014,-23.77499999999999858,11.24158965930181431,16523
16015,-28.94000000000000128,11.23919712624405598,16524
16016,-25.60600000000000165,11.22190247600853219,16525
16017,-23.36899999999999977,11.22614014337686328,16526
16018,-22.67000000000000171,11.23099438314998721,16527
16019,-17.59199999999999875,11.20932114122154033,16528
16020,-21.22800000000000153,11.13605850261735597,16529
16021,-20.77700000000000102,11.11553192897188147,16530
16022,-22.09199999999999875,11.09884497171055884,16531
16023,-19.88500000000000156,11.12248297483925441,16532
16024,-20.46000000000000085,11.12281296760524363,16533
16025,-14.30799999999999983,11.11441746177826317,16534
16026,-12.80599999999999916,11.10069580954506741,16535
16027,-15.31400000000000006,11.09141070605915225,16536
16028,-15.68599999999999994,11.08905708345148611,16537
16029,-12.30899999999999928,11.06957280593330140,16538
16030,-14.53299999999999947,11.04217714683103502,16539
16031,-15.27999999999999936,11.01080665280317739,16540
16032,-13.23799999999999955,10.97407861193427081,16541
16033,-13.96199999999999974,10.95216941302649616,16542
16034,-13.97899999999999920,10.92663346084087372,16543
16035,-12.06199999999999939,10.90477790785125300,16544
16036,-12.19599999999999973,10.89702225789344681,16545
16037,-13.75999999999999979,10.89200734109030400,16546
16038,-12.48300000000000054,10.92074665096641262,16547
16039,-10.32300000000000040,11.21324010855044229,16548
16040,-9.49460000000000015,11.29459034957194064,16549
16041,-9.16670000000000051,11.34115476310334003,16550
16042,-5.80790000000000006,11.37362744050592944,16551
16043,-6.39100000000000001,11.41419751065563126,16552
16044,-8.79160000000000075,11.45144476232439423,16553
16045,-12.09699999999999953,11.50558739649109619,16554
16046,-17.98000000000000043,11.56901105450303646,16555
16047,-14.99600000000000044,11.57688821324878425,16556
16048,-16.22100000000000009,11.57737348903266650,16557
16049,-14.79299999999999926,11.58018098281086417,16558
16050,-16.75499999999999901,11.59531612756021879,16559
16051,-21.22599999999999909,11.58770782585755832,16560
16052,-31.47299999999999898,11.60067882169120423,16561
16053,-24.11700000000000088,11.51312955112948977,16562
16054,-14.70299999999999940,11.50395457856875581,16563
16055,-15.28899999999999970,11.52469905177745879,16564
16056,-12.85699999999999932,11.54631947599946962,16565
16057,-10.21100000000000030,11.58715592696959007,16566
16058,-9.03810000000000002,11.63823010992928708,16567
16059,-10.58900000000000041,11.74171344064570555,16568
16060,-31.58899999999999864,11.81542787948501960,16569
16061,-41.00999999999999801,11.81906303706041150,16570
16062,-41.34400000000000119,12.02506941469227009,16571
16063,-40.53900000000000148,12.26359235843325202,16572
16064,-30.29200000000000159,12.44617167887102127,16573
16065,-24.04500000000000171,12.46813920285086574,16575
16066,-24.33399999999999963,12.54859315775889428,16575
16067,-19.18199999999999861,12.74867042663975347,16576
16068,-15.08300000000000018,13.02818462472684580,16578
16069,-22.10399999999999920,12.86094560458603375,7707
16070,-23.64399999999999835,12.71137077228725687,7708
16071,-12.75900000000000034,12.54264512537604759,7709
16072,-15.00399999999999956,12.39649898189546562,7710
16073,-15.75000000000000000,12.41496386744636737,7711
16074,-18.09199999999999875,12.40128117552197651,7712
16075,-17.19699999999999918,12.39555747559796295,7713
16076,-20.13599999999999923,12.35030834487412754,7714
16077,-26.00000000000000000,12.32829306488170040,7715
16078,-21.95100000000000051,12.34224904364246989,7716
16079,-25.48499999999999943,12.35316695994419867,7717
16080,-21.35300000000000153,12.35244538279366999,7718
16081,-21.39099999999999824,12.36534666142985728,7719
16082,-24.03999999999999915,12.35483672307713832,7720
16083,-16.52700000000000102,12.37288220057755694,7721
16084,-17.08200000000000074,12.35916285420173466,7722
16085,-18.58200000000000074,12.34499600448269163,7723
16086,-19.01800000000000068,12.31262169964050912,12668
16087,-19.50900000000000034,12.23758196825404099,12669
16088,-20.17299999999999827,12.13991876797159719,12670
16089,-20.75000000000000000,12.07803728994085368,12671
16090,-23.39900000000000091,12.02176765779831769,12672
16091,-22.90700000000000003,11.98898436490400954,12673
16092,-22.63400000000000034,11.93516299279995785,12674
16093,-22.78300000000000125,11.86434543942603348,12675
16094,-22.83699999999999974,11.81182451340787587,12676
16095,-23.41199999999999903,11.75328035018396555,12677
16096,-24.57799999999999940,11.65401596125351524,12679
16097,-22.91600000000000037,11.54064323001017556,12680
16098,-22.11199999999999832,11.38311717796324452,12681
16099,-24.08599999999999852,11.23311762931661484,12682
16100,-26.41700000000000159,11.05033072661669280,12683
16101,-26.01000000000000156,10.99547981027410160,12684
16102,-32.06900000000000261,10.93268609955496018,12685
16103,-30.69900000000000162,10.85038234752653175,12686
16104,-29.07600000000000051,10.79076210694008253,12687
16105,-26.19099999999999895,10.75151377428541721,12688
16106,-28.24699999999999989,10.75026218135060496,12689
16107,-27.60600000000000165,10.72757169336392558,12690
16108,-31.16499999999999915,10.70378705563512511,12691
16109,-29.80099999999999838,10.64853316410952289,12692
16110,-20.82000000000000028,10.61264058892577822,12693
16111,-19.85300000000000153,10.63565372109823315,12694
16112,-20.23799999999999955,10.67160145228100987,7750
16113,-25.10699999999999932,10.66047874461257017,7751
16114,-19.50799999999999912,10.67081058673443295,7752
16115,-18.50000000000000000,10.66629548559929930,12698
16116,-19.62300000000000111,10.66887831345315085,7754
16117,-14.62599999999999945,10.64052302506664205,7755
16118,-9.66680000000000028,10.67044112120381349,7756
16119,-10.87800000000000011,10.68915935567897968,7757
16120,-11.47000000000000064,10.68648103328631116,7758
16121,-10.42200000000000060,10.74017520028745132,7759
16122,-11.10299999999999976,10.78315139706685954,7760
16123,-11.82499999999999929,10.77278026578480485,7761
16124,-13.68399999999999928,10.77152550555254429,7762
16125,-15.63700000000000045,10.86814285590326357,7763
16126,-16.08299999999999841,11.43662463011550656,7764
16127,-17.28600000000000136,11.69678521593634635,16257
16128,-15.50200000000000067,11.74520767203789262,16258
16129,-13.59099999999999930,11.74987807169797804,16258
16130,-13.51099999999999923,11.75710885287943874,16258
16131,-20.24500000000000099,11.80209126134178099,16259
16132,-29.54400000000000048,11.81746609688129901,16259
16133,-36.49000000000000199,11.71355131377831249,16260
16134,-34.68800000000000239,11.57475379912485991,16261
16135,-35.39800000000000324,11.49499949322120607,16262
16136,-36.83100000000000307,11.45455851213113263,16263
16137,-33.70400000000000063,11.38476492128504880,16264
16138,-32.43500000000000227,11.36820121252421600,16265
16139,-33.49099999999999966,11.38368171904471104,16266
16140,-32.19800000000000040,11.44667143670177722,16267
16141,-23.11799999999999855,11.51181484436417080,16268
16142,-26.94099999999999895,11.43103445353654024,16269
16143,-29.33599999999999852,11.41614885621205566,16270
16144,-31.37500000000000000,11.43573621288679298,16271
16145,-30.85699999999999932,11.49009210323582053,16272
16146,-25.78900000000000148,11.47150142109413729,16273
16147,-28.73100000000000165,11.47193955803151333,16274
16148,-30.53000000000000114,11.47454950866353052,16275
16149,-28.78699999999999903,11.49144423975525520,16276
16150,-27.55900000000000105,11.49325797254995329,16277
16151,-29.83699999999999974,11.51729521941045675,16278
16152,-28.34700000000000131,11.50835575403536026,16279
16153,-26.86299999999999955,11.51175596188131500,16280
16154,-26.83299999999999841,11.48118108835456574,16281
16155,-26.29599999999999937,11.47000289718919852,16282
16156,-26.05300000000000082,11.45262697524025519,16283
16157,-14.13199999999999967,11.42235427854985375,16284
16158,-11.16499999999999915,11.38144310123510650,16285
16159,-9.46219999999999928,11.28524383640427686,16286
16160,-10.43500000000000050,11.20214929913713320,16287
16161,-9.83750000000000036,11.14024382244022426,16288
16162,-10.85599999999999987,11.13960596889087817,16289
16163,-12.83300000000000018,11.16434655519299746,16290
16164,-13.62500000000000000,11.17529844346707435,16291
16165,-15.25799999999999912,11.18246992241391524,16292
16166,-12.94699999999999918,11.18905364406760050,16293
16167,-12.99099999999999966,11.23292413547682855,16294
16168,-11.46799999999999997,11.22860757621742067,16295
16169,-9.79800000000000004,11.25983463418610064,16296
16170,-11.29100000000000037,11.28884542182833428,16297
16171,-11.77299999999999969,11.33842228964394749,16298
16172,-11.20100000000000051,11.38643108412150440,16299
16173,-10.91300000000000026,11.42209835543895302,16300
16174,-12.03700000000000081,11.45693237387094143,16301
16175,-10.97100000000000009,11.48895226215035770,16302
16176,-13.24799999999999933,11.52692523778973666,16303
16177,-28.47500000000000142,11.53334180822117894,16304
16178,-20.38100000000000023,11.47818652875431056,16305
16179,-19.05199999999999960,11.49026607154775981,16306
16180,-17.24200000000000088,11.49756447149740524,16307
16181,-22.04400000000000048,11.50468302742463145,16308
16182,-21.30300000000000082,11.49153411088612664,16309
16183,-21.15800000000000125,11.48319021481934854,16310
16184,-24.12500000000000000,11.45974288657989604,16311
16185,-23.99599999999999866,11.46560416367750079,16312
16186,-25.60699999999999932,11.50496891904435515,16313
16187,-28.37699999999999889,11.49310820535224131,16314
16188,-35.19299999999999784,11.46131905337317924,16315
16189,-31.56200000000000117,11.44838196756487214,16316
16190,-25.64099999999999824,11.46473139610834835,16317
16191,-16.62800000000000011,11.48503841938867254,16318
16192,-18.74299999999999855,11.38402783800763807,16319
16193,-17.62300000000000111,11.32658069247584720,16320
16194,-31.85300000000000153,11.28235218314054933,16321
16195,-45.52499999999999858,11.51054548090299789,16322
16196,-42.60900000000000176,11.61390390045923837,16323
16197,-38.34199999999999875,11.64574413084137561,16324
16198,-30.20499999999999829,11.65480810269282941,16325
16199,-25.20799999999999841,11.71725196666375624,16326
16200,-23.30499999999999972,11.62473322300159140,16327
16201,-21.99200000000000088,11.55176595103195680,16328
16202,-23.80699999999999861,11.51618880070508766,16329
16203,-24.63500000000000156,11.44561146489827941,16330
16204,-25.18599999999999994,11.38192165691838476,16331
16205,-33.08899999999999864,11.42798377386565889,16332
16206,-33.73799999999999955,11.59776482332064340,16333
16207,-22.62000000000000099,11.82758965714549504,16334
16208,-21.84799999999999898,11.88458640716584824,16335
16209,-21.64999999999999858,11.96497226617377940,16336
16210,-21.92299999999999827,12.05555442694677559,16337
16211,-22.03699999999999903,12.13928491675672205,16338
16212,-21.11899999999999977,12.20739896436219496,16339
16213,-19.00400000000000134,12.26846599387145176,16340
16214,-16.03399999999999892,12.34614354521246504,6779
16215,-17.27599999999999980,12.37020604015612513,6780
16216,-17.44200000000000017,12.39293692871445351,6781
16217,-13.99000000000000021,12.40020100645583945,6782
16218,-13.90099999999999980,12.38244235325060494,6783
16219,-15.14300000000000068,12.38964828574458643,6784
16220,-11.66699999999999982,12.38082594823058535,6785
16221,-11.64400000000000013,12.39447163366621929,6786
16222,-10.70800000000000018,12.39408678932521468,6787
16223,-10.94500000000000028,12.39856116244233064,6788
16224,-9.47429999999999950,12.39198900067148301,6789
16225,-7.45509999999999984,12.35887778756279154,6790
16226,-8.05000000000000071,12.31787716411639266,6791
16227,-8.36270000000000024,12.40141703921996807,16354
16228,-6.69010000000000016,12.39488675775848847,16355
16229,-6.11460000000000026,12.39829291191195537,6794
16230,-7.79549999999999965,12.40870924066250147,16357
16231,-6.25309999999999988,12.45715738402027384,6796
16232,-9.26360000000000028,12.50949144514715528,6797
16233,-10.31799999999999962,12.49269537604202718,16103
16234,-9.11079999999999934,12.33154251983792449,16104
16235,-9.66970000000000063,12.17213326436471377,16105
16236,-11.29100000000000037,12.05977589365002167,16106
16237,-9.93730000000000047,11.93814062362744188,16107
16238,-10.34200000000000053,11.79792661229636153,16108
16239,-15.59900000000000020,11.59417795932247941,16109
16240,-30.71499999999999986,11.50447730973250771,16110
16241,-25.99899999999999878,11.48594150369296152,16111
16242,-23.85999999999999943,11.54661519528111846,16112
16243,-25.26699999999999946,11.58263736041517866,16113
16244,-24.20100000000000051,11.61416178825372292,16114
16245,-20.41900000000000048,11.60964116239246557,16115
16246,-21.22100000000000009,11.60580999203125963,16116
16247,-23.29899999999999949,11.59686321472167769,16117
16248,-21.70100000000000051,11.55964518760638171,16118
16249,-21.44099999999999895,11.59556503784089720,16119
16250,-21.16499999999999915,11.64007968448212083,16120
16251,-22.18299999999999983,11.71183697927632927,16121
16252,-25.37999999999999901,11.58694347571199934,16122
16253,-23.27499999999999858,11.52438251884378495,16123
16254,-22.71099999999999852,11.60344510194427592,16124
16255,-21.08999999999999986,11.58359614862460063,16125
16256,-19.67299999999999827,11.55171959324944986,16125
16257,-19.37199999999999989,11.64361346949958786,16126
16258,-16.16199999999999903,11.74520767203789262,16128
16259,-16.80999999999999872,11.75422370617000922,16129
16260,-20.51300000000000168,11.71355131377831249,16133
16261,-20.02499999999999858,11.57475379912485991,16134
16262,-20.81800000000000139,11.49499949322120607,16135
16263,-20.67899999999999849,11.45455851213113263,16136
16264,-22.35500000000000043,11.38476492128504880,16137
16265,-25.25900000000000034,11.36820121252421600,16138
16266,-32.71000000000000085,11.38368171904471104,16139
16267,-36.40200000000000102,11.44667143670177722,16140
16268,-39.56300000000000239,11.51181484436417080,16141
16269,-38.29500000000000171,11.43103445353654024,16142
16270,-39.27700000000000102,11.41614885621205566,16143
16271,-34.34199999999999875,11.43573621288679298,16144
16272,-21.62900000000000134,11.49009210323582053,16145
16273,-23.02799999999999869,11.47150142109413729,16146
16274,-26.15899999999999892,11.47193955803151333,16147
16275,-27.08999999999999986,11.47454950866353052,16148
16276,-26.57700000000000173,11.49144423975525520,16149
16277,-26.28300000000000125,11.49325797254995329,16150
16278,-25.38200000000000145,11.51729521941045675,16151
16279,-24.16900000000000048,11.50835575403536026,16152
16280,-23.38800000000000168,11.51175596188131500,16153
16281,-23.91400000000000148,11.48118108835456574,16154
16282,-22.08899999999999864,11.47000289718919852,16155
16283,-21.91100000000000136,11.45262697524025519,16156
16284,-19.30099999999999838,11.42235427854985375,16157
16285,-20.82199999999999918,11.38144310123510650,16158
16286,-18.21499999999999986,11.28524383640427686,16159
16287,-16.10300000000000153,11.20214929913713320,16160
16288,-7.75609999999999999,11.14024382244022426,16161
16289,-7.15000000000000036,11.13960596889087817,16162
16290,-6.96309999999999985,11.16434655519299746,16163
16291,-10.44500000000000028,11.17529844346707435,16164
16292,-9.70850000000000080,11.18246992241391524,16165
16293,-11.13599999999999923,11.18905364406760050,16166
16294,-11.92200000000000060,11.23292413547682855,16167
16295,-12.59099999999999930,11.22860757621742067,16168
16296,-10.95199999999999996,11.25983463418610064,16169
16297,-7.59729999999999972,11.28884542182833428,16170
16298,-5.23080000000000034,11.33842228964394749,16171
16299,-6.56660000000000021,11.38643108412150440,16172
16300,-7.04399999999999959,11.42209835543895302,16173
16301,-5.58260000000000023,11.45693237387094143,16174
16302,-10.70199999999999996,11.48895226215035770,16175
16303,-15.84299999999999997,11.52692523778973666,16176
16304,-17.32499999999999929,11.53334180822117894,16177
16305,-17.75900000000000034,11.47818652875431056,16178
16306,-19.01000000000000156,11.49026607154775981,16179
16307,-17.53800000000000026,11.49756447149740524,16180
16308,-17.10699999999999932,11.50468302742463145,16181
16309,-13.65300000000000047,11.49153411088612664,16182
16310,-12.40600000000000058,11.48319021481934854,16183
16311,-10.15199999999999925,11.45974288657989604,16184
16312,-15.43800000000000061,11.46560416367750079,16185
16313,-18.16100000000000136,11.50496891904435515,16186
16314,-18.61799999999999855,11.49310820535224131,16187
16315,-21.86499999999999844,11.46131905337317924,16188
16316,-24.74500000000000099,11.44838196756487214,16189
16317,-28.20400000000000063,11.46473139610834835,16190
16318,-30.92000000000000171,11.48503841938867254,16191
16319,-32.75800000000000267,11.38402783800763807,16192
16320,-36.22200000000000131,11.32658069247584720,16193
16321,-36.03999999999999915,11.28235218314054933,16194
16322,-28.98699999999999832,11.51054548090299789,16195
16323,-25.75600000000000023,11.61390390045923837,16196
16324,-25.33899999999999864,11.64574413084137561,16197
16325,-40.33500000000000085,11.65480810269282941,16198
16326,-42.95199999999999818,11.71725196666375624,16199
16327,-35.93299999999999983,11.62473322300159140,16200
16328,-21.57000000000000028,11.55176595103195680,16201
16329,-15.50500000000000078,11.51618880070508766,16202
16330,-15.44100000000000072,11.44561146489827941,16203
16331,-23.87000000000000099,11.38192165691838476,16204
16332,-31.39499999999999957,11.42798377386565889,16205
16333,-35.03699999999999903,11.59776482332064340,16206
16334,-32.25200000000000244,11.82758965714549504,16207
16335,-24.95799999999999841,11.88458640716584824,16208
16336,-18.14399999999999835,11.96497226617377940,16209
16337,-18.74899999999999878,12.05555442694677559,16210
16338,-17.75100000000000122,12.13928491675672205,16211
16339,-18.11799999999999855,12.20739896436219496,16212
16340,-18.20400000000000063,12.26846599387145176,16213
16341,-18.04899999999999949,12.34992028678502329,16214
16342,-22.11100000000000065,12.44131537736044102,16215
16343,-18.91199999999999903,12.47079950365567669,16216
16344,-17.79200000000000159,12.50365142968061072,16217
16345,-16.83299999999999841,12.48531324628466699,16218
16346,-16.50799999999999912,12.46813150872213072,16219
16347,-13.30300000000000082,12.45444751274343531,16220
16348,-14.58099999999999952,12.45042231880806405,16221
16349,-13.00600000000000023,12.44117719297175562,16222
16350,-15.12899999999999956,12.44299628213029862,16223
16351,-12.02500000000000036,12.42062948836038494,16224
16352,-14.31499999999999950,12.42009934144031291,16225
16353,-9.96170000000000044,12.39555511640548424,16226
16354,-11.42399999999999949,12.40141703921996807,16227
16355,-8.92530000000000001,12.39488675775848847,16228
16356,-9.34580000000000055,12.41082549677516411,16229
16357,-11.48600000000000065,12.40870924066250147,16230
16358,-7.58359999999999967,12.51366538342132273,16231
16359,-8.53270000000000017,12.53342540499101965,16101
16360,-6.50999999999999979,12.45742888784852553,16613
16361,-7.69810000000000016,12.28775446381551539,16614
16362,-8.32690000000000019,12.12776517419078282,16615
16363,-11.83099999999999952,11.93193547849054958,16616
16364,-11.48199999999999932,11.82893562854658676,16617
16365,-11.73499999999999943,11.72332612345460490,16618
16366,-20.38800000000000168,11.58404701911193158,16619
16367,-26.00499999999999901,11.54470788503283707,16620
16368,-13.94800000000000040,11.56478765969796463,16621
16369,-20.89099999999999824,11.55798348373486739,16622
16370,-18.56500000000000128,11.58781064148225148,16623
16371,-16.98300000000000054,11.75991807170164627,16624
16372,-16.75100000000000122,11.80040237344941012,16625
16373,-16.06200000000000117,11.68518091375963763,16626
16374,-14.26500000000000057,11.61457654327838185,16627
16375,-16.67500000000000071,11.65771822188092344,16628
16376,-17.64900000000000091,11.63389070915078349,16629
16377,-14.02699999999999925,11.59840873659331351,16630
16378,-11.15799999999999947,11.63614710465861535,16631
16379,-12.64300000000000068,11.63732538621944990,16632
16380,-12.47000000000000064,11.60027285077657844,16633
16381,-13.12899999999999956,11.60399945594566340,16634
16382,-8.19069999999999965,11.61883911769003319,16635
16383,-8.24540000000000006,11.65222241203878717,16636
16384,-5.71140000000000025,11.68046447576414870,16637
16385,-5.55379999999999985,11.73347014826047641,16638
16386,-4.63410000000000011,11.80999147656192783,16639
16387,-7.01269999999999971,11.83345852578541724,16640
16388,-8.21000000000000085,11.98937882280726086,16641
16389,-10.21899999999999942,12.15112073000616100,16642
16390,-10.08300000000000018,12.12634920763119517,16643
16391,-10.28500000000000014,12.14612244175972577,16644
16392,-17.93199999999999861,12.21717548068400383,16645
16393,-23.15399999999999991,12.24554314271819244,16646
16394,-29.89499999999999957,12.24938699976629231,16647
16395,-28.75300000000000011,12.29377812328107389,16648
16396,-29.98999999999999844,12.35791783845539804,16649
16397,-29.65099999999999980,12.43961177045203748,16650
16398,-31.78500000000000014,12.52454063540648299,16651
16399,-26.87300000000000111,12.66531006460782827,16652
16400,-25.76699999999999946,12.75309818648748994,16653
16401,-30.41100000000000136,12.80373696477056811,16654
16402,-30.46000000000000085,12.89655803983552751,16655
16403,-30.63800000000000168,13.01997462863045563,16656
16404,-30.83599999999999852,13.15922549710590417,16657
16405,-30.68400000000000105,13.32632609046680194,16658
16406,-30.66000000000000014,13.47723457187419349,16659
16407,-30.07499999999999929,13.64550363074594408,16660
16408,-28.74299999999999855,13.74796735961254690,18305
16409,-28.72599999999999909,13.68149159275128035,18306
16410,-28.47299999999999898,13.58175956915971661,18307
16411,-26.68199999999999861,13.53728260141559403,18308
16412,-26.05000000000000071,13.50596309223200819,18309
16413,-26.82999999999999829,13.51859056515113799,18310
16414,-25.91300000000000026,13.57563731179857847,18311
16415,-23.66300000000000026,13.57442280595445361,18312
16416,-21.89399999999999835,13.59478795742634283,18313
16417,-14.58200000000000074,13.61245981854316156,18314
16418,-13.59800000000000075,13.65305652837655437,12815
16419,-13.75799999999999912,13.60855733016454217,12816
16420,-13.03100000000000058,13.52202510447457406,12817
16421,-13.31099999999999994,13.42432270903965907,12818
16422,-13.97799999999999976,13.57383357213491060,12819
16423,-12.16399999999999970,13.66235372987406826,12821
16424,-11.98399999999999999,13.74077499368505784,12822
16425,-11.03899999999999970,13.80954214319804052,12823
16426,-7.96359999999999957,13.86475524966907713,12824
16427,-8.17549999999999955,13.92396162752966227,12825
16428,-7.31540000000000035,14.01022641364637167,12826
16429,-9.56400000000000006,13.89587176934519164,5359
16430,-20.77199999999999847,13.56387558920798853,5360
16431,-19.64699999999999847,13.49128628167666122,5361
16432,-18.16400000000000148,13.39768623334401632,5362
16433,-18.14300000000000068,13.26993125516509764,5363
16434,-19.28399999999999892,13.17620299877677859,5364
16435,-18.10600000000000165,13.10641301388350577,5365
16436,-19.46099999999999852,12.95522438841840795,5366
16437,-16.77899999999999991,12.87769696224514249,5367
16438,-14.78100000000000058,12.84813877814998229,5368
16439,-16.87800000000000011,12.79592598507021783,5369
16440,-19.47400000000000020,12.70474739508553164,5370
16441,-22.53600000000000136,12.65184898312046791,5371
16442,-24.08699999999999974,12.64327208352227672,5372
16443,-23.89199999999999946,12.67387450614924127,5373
16444,-21.92999999999999972,12.69583367807534735,5374
16445,-24.05399999999999849,12.68003731646071408,5375
16446,-23.00000000000000000,12.68550724772740601,5376
16447,-21.69500000000000028,12.71354895848524080,5377
16448,-15.13199999999999967,12.75139155812725100,5378
16449,-16.75499999999999901,12.75223480101953299,5379
16450,-17.97200000000000131,12.94788967560789850,5380
16451,-29.00900000000000034,13.28494818303886760,5381
16452,-46.25900000000000034,13.64486244831860695,14424
16453,-47.88900000000000290,13.66584906620689921,164
16454,-36.81799999999999784,13.45294418184666085,165
16455,-26.48199999999999932,13.41037404038775271,166
16456,-21.60200000000000031,13.28321373963834873,15946
16457,-21.30600000000000094,13.24492292842683838,15947
16458,-23.75799999999999912,13.16103653337767376,15948
16459,-34.84899999999999665,13.07827525114342393,15949
16460,-32.94400000000000261,12.80315026576163362,15950
16461,-25.97500000000000142,12.56235379643662853,15951
16462,-17.12399999999999878,12.44574841684846511,15952
16463,-21.80000000000000071,12.41203063199056800,15953
16464,-23.07900000000000063,12.36635636830901497,15954
16465,-21.02700000000000102,12.32449742130603454,15955
16466,-19.66499999999999915,12.29420240646027374,15956
16467,-19.48699999999999832,12.27006805872462358,15957
16468,-22.48699999999999832,12.39597112772683296,15958
16469,-22.23199999999999932,12.64207366759928775,15959
16470,-19.43299999999999983,12.85130196628767152,15960
16471,-16.39600000000000080,12.99953704908303109,15961
16472,-17.08899999999999864,13.06955266783992542,15962
16473,-13.85599999999999987,13.07218452401314934,15963
16474,-11.68900000000000006,13.09536612395062072,15964
16475,-9.51290000000000013,13.12274256839405950,15965
16476,-8.14010000000000034,13.14895128230175203,15966
16477,-6.00079999999999991,13.19274641531677617,15967
16478,-7.56599999999999984,13.24461791829022417,15968
16479,-7.42900000000000027,13.27425155279812685,15969
16480,-7.67870000000000008,13.28075815310151064,15970
16481,-10.83000000000000007,13.23987049349495848,15971
16482,-11.63599999999999923,13.19573055291306929,15972
16483,-9.37659999999999982,13.13423705581658396,15973
16484,-10.63700000000000045,13.06608216695253866,15974
16485,-8.59450000000000003,13.04894803625767175,15975
16486,-7.62469999999999981,12.82865072011781749,15976
16487,-7.43499999999999961,12.62900294609782215,15977
16488,-8.98160000000000025,12.45614908988738279,15978
16489,-12.98900000000000077,12.29816248323003869,15979
16490,-14.09399999999999942,12.15842516093767145,15980
16491,-13.95899999999999963,11.98618341793085307,15981
16492,-15.62400000000000055,11.78930769213385865,15982
16493,-28.07999999999999829,11.64515318630131802,15983
16494,-27.71499999999999986,11.69991076328342317,15984
16495,-18.97899999999999920,11.74115385339434781,15985
16496,-23.76300000000000168,11.69671181122870252,15986
16497,-24.07100000000000151,11.69992407377934640,15987
16498,-22.70700000000000074,11.70179968751249611,15988
16499,-18.49399999999999977,11.74813476457712191,15989
16500,-17.11100000000000065,11.89732283692002923,15990
16501,-18.03099999999999881,11.95307680694715380,15991
16502,-20.39600000000000080,11.94364256831008397,15992
16503,-19.30000000000000071,11.94727152144406901,15993
16504,-15.84699999999999953,12.01142945272952112,15994
16505,-17.52100000000000080,11.87271971107870883,15996
16506,-17.50300000000000011,11.63436530967747196,15997
16507,-17.24200000000000088,11.51520224089606792,15998
16508,-15.99799999999999933,11.53999962661922218,15999
16509,-16.35000000000000142,11.46327469145570177,16000
16510,-15.82900000000000063,11.43442996653993582,16001
16511,-20.69300000000000139,11.45972797280017907,16002
16512,-19.28500000000000014,11.46784634071751263,16003
16513,-14.67099999999999937,11.46074418186222843,16004
16514,-15.28400000000000070,11.45690662641824886,16005
16515,-18.56899999999999906,11.41337153963030815,16006
16516,-16.58200000000000074,11.46565493915399259,16007
16517,-15.49699999999999989,11.46714297882906664,16008
16518,-14.37500000000000000,11.40279134689032858,16009
16519,-10.38599999999999923,11.41581837727272131,16010
16520,-8.33350000000000080,11.41734366445598248,16011
16521,-12.58000000000000007,11.30011055726710012,16012
16522,-15.46299999999999919,11.25202286090718040,16013
16523,-17.69300000000000139,11.24158965930181431,16014
16524,-21.20200000000000173,11.23919712624405598,16015
16525,-23.12699999999999889,11.22190247600853219,16016
16526,-22.72100000000000009,11.22614014337686328,16017
16527,-26.48499999999999943,11.23099438314998721,16018
16528,-26.42399999999999949,11.20932114122154033,16019
16529,-25.95700000000000074,11.13605850261735597,16020
16530,-24.45100000000000051,11.11553192897188147,16021
16531,-20.29599999999999937,11.09884497171055884,16022
16532,-16.62900000000000134,11.12248297483925441,16023
16533,-14.63199999999999967,11.12281296760524363,16024
16534,-15.86299999999999955,11.11441746177826317,16025
16535,-15.22700000000000031,11.10069580954506741,16026
16536,-14.16399999999999970,11.09141070605915225,16027
16537,-14.38700000000000045,11.08905708345148611,16028
16538,-13.72300000000000075,11.06957280593330140,16029
16539,-13.90300000000000047,11.04217714683103502,16030
16540,-13.00900000000000034,11.01080665280317739,16031
16541,-11.17200000000000060,10.97407861193427081,16032
16542,-12.89600000000000080,10.95216941302649616,16033
16543,-12.26299999999999990,10.92663346084087372,16034
16544,-10.95800000000000018,10.90477790785125300,16035
16545,-11.93800000000000061,10.89702225789344681,16036
16546,-11.45700000000000074,10.89200734109030400,16037
16547,-11.16799999999999926,10.92074665096641262,16038
16548,-11.81400000000000006,11.21324010855044229,16039
16549,-11.03800000000000026,11.29459034957194064,16040
16550,-10.14400000000000013,11.34115476310334003,16041
16551,-10.81300000000000061,11.37362744050592944,16042
16552,-11.60699999999999932,11.41419751065563126,16043
16553,-10.78200000000000003,11.45144476232439423,16044
16554,-10.57799999999999940,11.50558739649109619,16045
16555,-10.77999999999999936,11.56901105450303646,16046
16556,-5.46520000000000028,11.57688821324878425,16047
16557,-6.21919999999999984,11.57737348903266650,16048
16558,-16.62300000000000111,11.58018098281086417,16049
16559,-21.12500000000000000,11.59531612756021879,16050
16560,-18.10900000000000176,11.58770782585755832,16051
16561,-18.15700000000000003,11.60067882169120423,16052
16562,-19.46600000000000108,11.51312955112948977,16053
16563,-12.24499999999999922,11.50395457856875581,16054
16564,-11.92600000000000016,11.52469905177745879,16055
16565,-11.31600000000000072,11.54631947599946962,16056
16566,-11.33000000000000007,11.58715592696959007,16057
16567,-10.17600000000000016,11.63823010992928708,16058
16568,-10.57000000000000028,11.74171344064570555,16059
16569,-24.33899999999999864,11.81542787948501960,16060
16570,-40.38499999999999801,11.81906303706041150,16061
16571,-41.99900000000000233,11.99487972383038681,16061
16572,-37.01299999999999812,12.22934409967816372,16062
16573,-29.46699999999999875,12.41384773869991776,16063
16574,-20.06099999999999994,12.48051346914935600,16064
16575,-23.90800000000000125,12.46813920285086574,16065
16576,-23.11499999999999844,12.54859981871319263,16066
16577,-15.38000000000000078,12.77712820567302110,16067
16578,-6.90010000000000012,13.02818462472684580,16068
16579,-7.86739999999999995,13.12979240621757882,16069
16580,-10.20700000000000074,13.12605234349194028,16327
16581,-8.60960000000000036,12.83213880037202159,16328
16582,-11.69400000000000084,12.80293515721998077,16329
16583,-11.13100000000000023,13.00221829993235012,16330
16584,-10.68399999999999928,13.11816886682557914,16331
16585,-14.99799999999999933,13.05024892810286019,16332
16586,-28.96099999999999852,12.88042180540970882,16333
16587,-32.76599999999999824,12.93513550100928100,16334
16588,-32.36399999999999721,13.04085821956864955,16335
16589,-26.26000000000000156,13.07446870142710971,16336
16590,-21.19900000000000162,13.05241628590197500,16337
16591,-13.54700000000000060,13.04508815422542334,16338
16592,-13.16399999999999970,13.01746986280050145,16339
16593,-18.15099999999999980,12.98320593264264922,16340
16594,-19.76099999999999923,12.97253241359806353,16341
16595,-17.97100000000000009,12.95594799088556215,16342
16596,-16.98799999999999955,12.92595250406727558,16343
16597,-18.90899999999999892,12.90497744269872626,16344
16598,-19.95200000000000173,12.89758802266073978,16345
16599,-20.42099999999999937,12.90336488812580562,16346
16600,-21.27100000000000080,12.88707654276008618,16347
16601,-20.60000000000000142,12.86784881692965321,16348
16602,-20.66799999999999926,12.87399034809152809,16349
16603,-21.56200000000000117,12.87377529084946204,16350
16604,-22.69900000000000162,12.86460183168279059,16351
16605,-22.73600000000000065,12.83651387596547266,16352
16606,-23.63100000000000023,12.83240724729905935,16353
16607,-23.71300000000000097,12.78948064318275257,16354
16608,-23.48199999999999932,12.77260712710187640,16355
16609,-23.99200000000000088,12.72189811176270702,16356
16610,-23.23100000000000165,12.69556527701474380,16357
16611,-23.22700000000000031,12.68847897143504433,16358
16612,-25.87999999999999901,12.59497268695982264,16359
16613,-25.62099999999999866,12.45742888784852553,16360
16614,-25.98600000000000065,12.28775446381551539,16361
16615,-27.63400000000000034,12.12776517419078282,16362
16616,-27.43400000000000105,11.93193547849054958,16363
16617,-27.46999999999999886,11.82893562854658676,16364
16618,-28.03999999999999915,11.72332612345460490,16365
16619,-30.03399999999999892,11.58404701911193158,16366
16620,-31.61899999999999977,11.54470788503283707,16367
16621,-16.67599999999999838,11.56478765969796463,16368
16622,-17.35699999999999932,11.55798348373486739,16369
16623,-18.16700000000000159,11.58781064148225148,16370
16624,-18.98199999999999932,11.75991807170164627,16371
16625,-17.63599999999999923,11.80040237344941012,16372
16626,-17.06899999999999906,11.68518091375963763,16373
16627,-16.66900000000000048,11.61457654327838185,16374
16628,-13.90000000000000036,11.65771822188092344,16375
16629,-12.82099999999999973,11.63389070915078349,16376
16630,-9.73409999999999975,11.59840873659331351,16377
16631,-9.58610000000000007,11.63614710465861535,16378
16632,-8.18539999999999957,11.63732538621944990,16379
16633,-7.79009999999999980,11.60027285077657844,16380
16634,-7.37410000000000032,11.60399945594566340,16381
16635,-7.99789999999999957,11.61883911769003319,16382
16636,-6.66830000000000034,11.65222241203878717,16383
16637,-6.74570000000000025,11.68046447576414870,16384
16638,-8.15349999999999930,11.73347014826047641,16385
16639,-13.72499999999999964,11.80999147656192783,16386
16640,-14.54400000000000048,11.83345852578541724,16387
16641,-14.68200000000000038,11.98937882280726086,16388
16642,-17.37699999999999889,12.15112073000616100,16389
16643,-16.33399999999999963,12.12634920763119517,16390
16644,-13.23900000000000077,12.14612244175972577,16391
16645,-17.29700000000000060,12.21717548068400383,16392
16646,-22.37600000000000122,12.24554314271819244,16393
16647,-27.53000000000000114,12.24938699976629231,16394
16648,-36.05299999999999727,12.29377812328107389,16395
16649,-38.43399999999999750,12.35791783845539804,16396
16650,-39.20499999999999829,12.43961177045203748,16397
16651,-37.42999999999999972,12.52454063540648299,16398
16652,-28.10999999999999943,12.66531006460782827,16399
16653,-21.87600000000000122,12.75309818648748994,16400
16654,-27.36799999999999855,12.80373696477056811,16401
16655,-28.63100000000000023,12.89655803983552751,16402
16656,-28.68400000000000105,13.01997462863045563,16403
16657,-31.07799999999999940,13.15922549710590417,16404
16658,-27.27899999999999991,13.32632609046680194,16405
16659,-29.72200000000000131,13.47723457187419349,16406
16660,-25.97800000000000153,13.64550363074594408,16407
16661,-28.25400000000000134,13.64616130680363071,16101
16662,-27.00900000000000034,13.61750039497923659,16102
16663,-27.64099999999999824,13.64041461783453002,16103
16664,-29.05900000000000105,13.68487061618895240,16104
16665,-27.99599999999999866,13.73435853779911042,16105
16666,-28.76800000000000068,13.75824436897845260,16106
16667,-26.64699999999999847,13.81844704475066443,16107
16668,-28.79400000000000048,13.86007245558378109,16108
16669,-25.64000000000000057,13.93524782110260851,16109
16670,-24.36899999999999977,13.88240343509339070,8311
16671,-19.23199999999999932,13.70363382739180302,8312
16672,-15.08099999999999952,13.57814626641066269,8313
16673,-16.83800000000000097,13.57553559471445404,8314
16674,-16.43499999999999872,13.53720122749557753,8315
16675,-15.42300000000000004,13.47217942878047126,8316
16676,-15.63899999999999935,13.43804130225251292,8317
16677,-13.80000000000000071,13.40859140242178071,8318
16678,-12.81700000000000017,13.40381916362667170,8319
16679,-12.07600000000000051,13.43059290044360665,8320
16680,-10.42800000000000082,13.46961285615213377,8321
16681,-10.84500000000000064,13.34948968570713213,11363
16682,-10.96599999999999930,13.04330357032832133,11361
16683,-15.48399999999999999,12.24207216402797549,11362
16684,-23.03699999999999903,11.89662725992680770,11363
16685,-16.00799999999999912,11.88183233566337726,11364
16686,-19.12199999999999989,11.83071259662560770,11365
16687,-18.57400000000000162,11.79202212798260696,11366
16688,-16.51599999999999824,11.74427280368199611,11367
16689,-17.35900000000000176,11.67948785946223289,11368
16690,-15.70700000000000074,11.61125684124901092,11369
16691,-16.73000000000000043,11.53670631741504238,11370
16692,-15.83999999999999986,11.48837289580104937,11371
16693,-20.10800000000000054,11.43841136145038995,11372
16694,-22.50300000000000011,11.48225123939853987,11373
16695,-25.05600000000000094,11.47959566605650217,11374
16696,-22.29200000000000159,11.43511485983049525,11375
16697,-23.35099999999999909,11.39321485901765385,11376
16698,-22.21499999999999986,11.37387797204474360,11377
16699,-14.38000000000000078,11.43534049464136615,11378
16700,-14.43999999999999950,11.54732035422191849,11379
16701,-14.04599999999999937,11.61046364676037257,11380
16702,-13.13100000000000023,11.60574591626076213,11381
16703,-26.25100000000000122,11.55057480893584732,11382
16704,-42.67999999999999972,11.58901767333279942,11383
16705,-40.83500000000000085,11.52064970771981045,11384
16706,-33.60199999999999676,11.39661169697602539,11385
16707,-20.31200000000000117,11.47138760625350784,11386
16708,-15.26299999999999990,11.46426669328462822,11387
16709,-15.83000000000000007,11.35950135808815453,11388
16710,-14.26200000000000045,11.31237183180080663,11389
16711,-17.49699999999999989,11.23388858894380249,11390
16712,-26.01999999999999957,11.18730119724449068,11391
16713,-30.33800000000000097,11.22906776761399961,11392
16714,-28.13299999999999912,11.29634137877262212,11393
16715,-19.73199999999999932,11.36504393957666181,11394
16716,-23.08599999999999852,11.35807631840735965,11395
16717,-19.95700000000000074,11.40072583179634158,11396
16718,-23.37800000000000011,11.34870579675558488,11397
16719,-19.99800000000000111,11.37444608212817165,11398
16720,-19.66900000000000048,11.32769640633507358,11399
16721,-19.14699999999999847,11.28696598308625632,11400
16722,-18.80099999999999838,11.26554036034026574,11401
16723,-19.19699999999999918,11.23411095553668027,11402
16724,-16.52799999999999869,11.20908525088466590,11403
16725,-17.19000000000000128,11.11799478733748181,11404
16726,-16.98300000000000054,11.07100349402148609,11405
16727,-14.60500000000000043,11.01778567627310856,11406
16728,-15.26399999999999935,10.95138747914948141,11407
16729,-15.56900000000000084,10.87555807052374668,11408
16730,-15.41200000000000081,10.81788914108156341,11409
16731,-17.35000000000000142,10.76669011450265678,11410
16732,-15.57600000000000051,10.74429497737651928,11411
16733,-15.04700000000000060,10.73356163785107498,11412
16734,-12.65900000000000070,10.73336870263210763,11413
16735,-13.02899999999999991,10.67987211957891880,11414
16736,-13.38799999999999990,10.61506966967415977,11415
16737,-11.63899999999999935,10.84058487770130697,11416
16738,-10.25300000000000011,10.81142896031868084,11417
16739,-10.08500000000000085,10.87567195482188076,11418
16740,-9.65119999999999933,10.96330312173733645,11419
16741,-9.40489999999999959,11.04119941670377614,11420
16742,-8.86090000000000089,11.12790736836885053,11421
16743,-10.26600000000000001,11.22864623289487618,11422
16744,-10.74200000000000088,11.30949917436994134,11423
16745,-11.26299999999999990,11.35548199707834627,12436
16746,-16.09600000000000009,11.09824818413173375,6110
16747,-30.84499999999999886,10.91830294965326686,6111
16748,-24.22800000000000153,10.81082133438830972,6112
16749,-22.07400000000000162,10.77655907364717613,6113
16750,-23.98699999999999832,10.75262217981316404,6114
16751,-26.92299999999999827,10.75077362595848740,6115
16752,-31.32000000000000028,10.76404321392734253,6116
16753,-30.62900000000000134,10.88975451194450450,6117
16754,-27.14499999999999957,11.01539568935392133,6118
16755,-26.21999999999999886,11.15350264320123408,6119
16756,-26.27299999999999969,11.26372068078998012,6120
16757,-27.15399999999999991,11.32191036487268576,12448
16758,-25.06200000000000117,11.36320273592827235,9410
16759,-24.00400000000000134,11.38980919728883912,9411
16760,-27.85000000000000142,11.41481216470240589,9412
16761,-25.19800000000000040,11.45148821741236134,9413
16762,-25.50600000000000023,11.50560659483164549,9414
16763,-25.08399999999999963,11.55668742922906489,9415
16764,-23.67599999999999838,11.58049525773660271,9416
16765,-22.95499999999999829,11.57657608089939139,9417
16766,-22.22700000000000031,11.61463226235530755,9418
16767,-24.67999999999999972,11.77652141419862097,9419
16768,-22.93499999999999872,11.86757198028634619,9420
16769,-22.25900000000000034,11.90254694497375354,9421
16770,-24.10200000000000031,11.90419517816739337,9422
16771,-25.51099999999999923,11.95404960262587934,9423
16772,-23.72100000000000009,12.01604850127081470,9424
16773,-24.38100000000000023,12.04844220126665988,9425
16774,-14.66099999999999959,11.94421640755566472,9426
16775,-13.50799999999999912,12.01356300673344890,9427
16776,-12.14499999999999957,12.06817404517999570,9428
16777,-13.59299999999999997,12.11833726243148135,9429
16778,-21.91300000000000026,12.12664207039270359,9430
16779,-15.84999999999999964,12.17627548609539900,9431
16780,-13.88799999999999990,12.17463324042690864,9432
16781,-15.51099999999999923,12.16433643668431053,9433
16782,-9.06770000000000032,12.11118202243966202,9434
16783,-11.77100000000000080,12.14256654686489156,9435
16784,-11.62700000000000067,12.18308137567958660,9436
16785,-13.17600000000000016,12.23541001317454224,9437
16786,-14.81000000000000050,12.28619096216755935,9438
16787,-14.99600000000000044,12.30278263222827206,9439
16788,-16.38400000000000034,12.32256509547952561,9440
16789,-16.92800000000000082,12.31739639112769247,9441
16790,-16.33800000000000097,12.19279698331926021,9442
16791,-16.04700000000000060,12.15483017579221325,9443
16792,-15.65099999999999980,12.14970159760378010,9444
16793,-16.99200000000000088,12.17430690211605615,9445
16794,-15.60299999999999976,12.11708958305291084,9446
16795,-17.03500000000000014,12.11261954361999749,9447
16796,-16.37600000000000122,11.99517146149429792,9448
16797,-17.07900000000000063,11.98572940444205592,9449
16798,-19.10200000000000031,12.04540976741026803,9450
16799,-15.68999999999999950,11.98064672173721945,9451
16800,-17.62999999999999901,11.77260806981826313,9452
16801,-19.88700000000000045,11.55275516581352768,9453
16802,-19.53000000000000114,11.30754506240241142,9454
16803,-17.70899999999999963,11.13076569399565585,9455
16804,-19.05399999999999849,10.96349738398609830,9456
16805,-20.24500000000000099,10.71755103168799295,9457
16806,-20.81800000000000139,10.53204055987507282,9458
16807,-21.67699999999999960,10.29248903935677717,9459
16808,-21.07100000000000151,10.07569758480350330,9460
16809,-19.83599999999999852,9.76019846268665425,9461
16810,-19.31700000000000017,9.62687715913585507,9462
16811,-20.96300000000000097,9.46811341970124865,9463
16812,-21.57400000000000162,9.33866180929632250,9464
16813,-21.73400000000000176,9.25505123629234383,9465
16814,-22.61100000000000065,9.25644494873253088,9466
16815,-21.98199999999999932,9.29445301524637024,9467
16816,-20.46099999999999852,9.26591889970447191,9468
16817,-20.87399999999999878,9.26290171638539483,9469
16818,-18.00700000000000145,9.23717299631075761,9470
16819,-14.97100000000000009,9.41460849280838197,9471
16820,-13.64000000000000057,9.72177634973453486,9472
16821,-15.41999999999999993,9.81049831903292358,9473
16822,-17.32300000000000040,9.71788051818629128,9474
16823,-21.51599999999999824,9.73694079458947037,4161
16824,-25.99599999999999866,9.67847243955601932,4162
16825,-31.82499999999999929,9.61638300304904625,4163
16826,-32.78199999999999648,9.60379589411176937,4164
16827,-30.51599999999999824,9.43747743496173896,4165
16828,-29.72599999999999909,9.30349399845487568,4166
16829,-28.05999999999999872,9.28222236798193379,4167
16830,-25.09900000000000020,9.36416039162548408,4168
16831,-14.04800000000000004,9.47433965206969653,4169
16832,-12.07399999999999984,9.39877052441003258,4170
16833,-17.50000000000000000,9.26456460486623889,4171
16834,-19.08800000000000097,9.19454260326489070,4172
16835,-13.74000000000000021,9.00997861737609362,4173
16836,-12.92200000000000060,8.88290480176131503,4174
16837,-11.73300000000000054,8.86900426065836456,4175
16838,-14.91300000000000026,8.86800012763858270,4176
16839,-24.39399999999999835,8.89164538937645865,4177
16840,-18.53699999999999903,8.89612519197512341,4178
16841,-17.83800000000000097,8.89066896087029335,4179
16842,-27.03800000000000026,8.82433556524889795,2149
16843,-19.55799999999999983,8.82805393437305241,2150
16844,-23.11199999999999832,8.84071232204854951,4182
16845,-22.32100000000000151,8.83507456323058449,4183
16846,-20.82900000000000063,8.83730787766669401,2153
16847,-20.38100000000000023,8.82037307226432432,2154
16848,-18.08899999999999864,8.81133916052267274,2155
16849,-15.91799999999999926,8.80260473362478102,2156
16850,-16.00900000000000034,8.80701892154848132,2157
16851,-16.35399999999999920,8.79658404117671111,2158
16852,-14.07499999999999929,8.79725385193498077,2159
16853,-14.25399999999999956,8.80380865571324200,2160
16854,-15.09399999999999942,8.81595682436996242,2161
16855,-13.60999999999999943,8.82355313174449662,2162
16856,-13.45899999999999963,8.84607765940328328,2163
16857,-14.25399999999999956,8.87834998281874199,2164
16858,-12.89600000000000080,8.89958185234406507,2165
16859,-14.33300000000000018,8.92997341080127782,2166
16860,-12.96199999999999974,8.95268626829094849,2167
16861,-13.41499999999999915,9.00983986921919922,2168
16862,-13.38000000000000078,9.08899126000895130,2169
16863,-12.96000000000000085,9.17273899530238346,2170
16864,-12.40499999999999936,9.24427946456308725,2171
16865,-12.99699999999999989,9.27406672339943938,2172
16866,-11.84399999999999942,9.30171587558804092,2173
16867,-11.22000000000000064,9.30907191995380323,2174
16868,-11.18099999999999916,9.33946699584798345,2175
16869,-12.95199999999999996,9.37062594100815716,2176
16870,-11.10299999999999976,9.40512917960959882,2177
16871,-9.24729999999999919,9.45988343890867611,2178
16872,-11.81900000000000084,9.44251459615279032,2179
16873,-12.15900000000000070,9.46238534759487315,2180
16874,-11.16699999999999982,9.56158533260850518,2181
16875,-15.02100000000000080,9.66866569291516065,2182
16876,-16.09799999999999898,9.75231192266075375,2183
16877,-14.17699999999999960,9.75533984102727203,2184
16878,-14.00999999999999979,9.75838560339562378,2185
16879,-15.48600000000000065,9.75358544719453313,2186
16880,-14.33500000000000085,9.82954712826029109,2187
16881,-12.93599999999999994,9.83981010478513696,2188
16882,-12.66399999999999970,9.89545893984880820,2189
16883,-12.78400000000000070,9.96111434274230412,2190
16884,-12.54100000000000037,10.28811206761159269,2191
16885,-12.41300000000000026,10.29272326212065991,2192
16886,-12.79299999999999926,10.13289671047384743,2193
16887,-12.34299999999999997,10.05151990502072223,2194
16888,-12.43399999999999928,9.96590705509927943,2195
16889,-13.28400000000000070,9.92931207159603346,2196
16890,-12.52899999999999991,9.90547518457260701,2197
16891,-12.25699999999999967,9.87981404822789067,2198
16892,-13.59500000000000064,10.35068678757391680,2198
16893,-18.31299999999999883,10.88762062264860475,2197
16894,-14.41399999999999970,10.81073061798408830,2198
16895,-12.44599999999999973,11.09059322952562532,2198
16896,-11.94699999999999918,11.09151548810405963,2199
16897,-13.30899999999999928,11.16154364810024013,2200
16898,-17.76099999999999923,11.23440121718909879,2201
16899,-21.62500000000000000,11.25191222493718612,2202
16900,-21.96399999999999864,11.28838015085743329,2203
16901,-22.69800000000000040,11.30281233595210466,2204
16902,-22.38500000000000156,11.28586786979095180,2205
16903,-18.84400000000000119,11.27279006634542213,2206
16904,-21.41600000000000037,11.28033533443303682,2207
16905,-25.81599999999999895,11.20548896993468624,2208
16906,-20.95700000000000074,11.22473238984617261,2209
16907,-18.00600000000000023,11.20933360660960432,2210
16908,-20.78699999999999903,11.20592195691205184,2211
16909,-19.11599999999999966,11.20569150736766950,2212
16910,-17.23300000000000054,11.20252991172584167,2213
16911,-18.77499999999999858,11.23076904417710153,2214
16912,-21.62600000000000122,11.24456682765433158,2215
16913,-20.43199999999999861,11.25207542334134381,2216
16914,-18.11100000000000065,11.21713390657462206,2217
16915,-18.50400000000000134,11.19029733516339142,2218
16916,-17.93199999999999861,11.16192529360714758,2219
16917,-18.28200000000000003,11.13464098029100136,2220
16918,-20.53800000000000026,11.10430017504557121,2221
16919,-20.09199999999999875,11.07995822503944972,2222
16920,-19.97800000000000153,11.05751534232782696,2223
16921,-18.76200000000000045,11.16238664040586137,2224
16922,-19.67800000000000082,11.38896045609993912,2227
16923,-21.30900000000000105,11.06010723472050827,2228
16924,-21.62999999999999901,10.75543281783941119,2229
16925,-21.56500000000000128,10.51566575761520284,2230
16926,-23.23600000000000065,10.31406420815440761,2230
16927,-23.27700000000000102,10.17504837735321388,2231
16928,-25.75000000000000000,10.16444588745713062,2232
16929,-24.80099999999999838,10.16154176679883214,2233
16930,-23.57900000000000063,10.18546529620878793,2234
16931,-22.59499999999999886,10.28394005615199269,2235
16932,-21.01300000000000168,10.35995590683300982,2236
16933,-18.57600000000000051,10.39726989048885031,2237
16934,-8.93900000000000006,10.41210846783342170,2238
16935,-5.44420000000000037,10.34484660723002314,2239
16936,-10.88799999999999990,10.22324171884381450,2240
16937,-26.63400000000000034,10.21275835163259416,2241
16938,-20.22599999999999909,10.11964606890691520,2242
16939,-12.89400000000000013,10.05402206776751939,2243
16940,-16.30999999999999872,10.07045959939634194,2244
16941,-16.94099999999999895,10.02269861401148354,2245
16942,-16.15200000000000102,9.93300753450993668,2246
16943,-18.86299999999999955,9.96984976916156462,2247
16944,-20.46099999999999852,10.00122297995846132,2248
16945,-20.87900000000000134,10.04224424859552656,2249
16946,-22.14900000000000091,10.03698543488921757,2250
16947,-23.33099999999999952,10.05341046551234463,2251
16948,-21.86299999999999955,10.15695729559043237,2252
16949,-23.32000000000000028,10.18618196250315400,2253
16950,-24.99899999999999878,10.19609827982528394,2254
16951,-25.88400000000000034,10.19657485775485384,2255
16952,-21.17200000000000060,10.11938539650323321,2256
16953,-19.60300000000000153,10.03505891280915385,2257
16954,-16.90800000000000125,9.96968303537610723,2258
16955,-15.96899999999999942,9.89482188324232403,2259
16956,-18.21099999999999852,9.82091784134697932,2260
16957,-23.28300000000000125,9.73136480890583222,2261
16958,-22.42599999999999838,9.69883086621554114,2262
16959,-14.66200000000000081,10.09084468416035918,2262
16960,-14.53100000000000058,10.17204944036027747,2263
16961,-14.41900000000000048,10.28538801068963693,2264
16962,-12.81300000000000061,10.31265071860047122,17468
16963,-14.96400000000000041,10.30969504001048698,17469
16964,-17.96600000000000108,10.31952334724778098,17470
16965,-16.45799999999999841,10.31428526028992643,17471
16966,-14.16200000000000081,10.32092931156744520,17472
16967,-13.53999999999999915,10.35636879298531632,17473
16968,-16.94000000000000128,10.35140359189270320,17474
16969,-18.37099999999999866,10.31246328371529764,17475
16970,-15.90300000000000047,10.25055673695922032,17476
16971,-13.58000000000000007,10.22538861163439528,17477
16972,-16.65500000000000114,10.22440404615087850,17478
16973,-18.69600000000000151,10.20569311445379057,17479
16974,-14.50900000000000034,10.22642780564234144,17480
16975,-15.59600000000000009,10.20068611357614330,17481
16976,-15.18399999999999928,10.14528242638739108,17482
16977,-17.16900000000000048,10.39534122211818357,17483
16978,-21.31800000000000139,10.73303271948607929,17483
16979,-19.57600000000000051,10.78196928119711728,17484
16980,-20.26500000000000057,10.61677325047387477,17485
16981,-23.76999999999999957,10.53693247039713121,17486
16982,-19.81500000000000128,10.59250769878678966,17487
16983,-21.06700000000000017,10.60542731123857152,17488
16984,-20.28600000000000136,10.60432323155665912,17489
16985,-19.75499999999999901,10.62671019123524552,17490
16986,-23.84400000000000119,10.61783037862521617,17491
16987,-22.60200000000000031,10.58830842738619893,17492
16988,-23.56700000000000017,10.56629651928266078,17493
16989,-26.98400000000000176,10.55280040748879955,17494
16990,-23.27700000000000102,10.58449788721286922,17495
16991,-19.05199999999999960,10.65576333052761093,17495
16992,-18.69500000000000028,10.69960826613307603,17497
16993,-18.95599999999999952,10.69318630415818205,17498
16994,-18.68100000000000094,10.69209466939049413,17499
16995,-19.32999999999999829,10.69161828092805777,17500
16996,-23.14499999999999957,10.69048623650003194,17501
16997,-29.41499999999999915,10.69516360022866763,17501
16998,-30.55399999999999849,10.68656100643440965,17503
16999,-34.24199999999999733,10.66762569472568423,17504
17000,-36.81900000000000261,10.73827744670681028,17505
17001,-31.78699999999999903,10.79994729711547841,17506
17002,-30.25199999999999889,10.75420563878208036,17507
17003,-31.98699999999999832,10.78643981341000391,17508
17004,-33.57099999999999795,10.77064296151097267,17509
17005,-31.40500000000000114,10.70433577241917966,17510
17006,-33.95199999999999818,10.70433293895284876,17511
17007,-32.40699999999999648,10.69126576518146265,17512
17008,-33.03099999999999881,10.67009506571492850,17513
17009,-29.53000000000000114,10.62723441196123453,17514
17010,-31.75199999999999889,10.61220997011871070,17515
17011,-30.61700000000000088,10.53958438434763067,17516
17012,-28.53300000000000125,10.50923662082423604,17517
17013,-23.74599999999999866,10.47175151868586696,17518
17014,-23.34799999999999898,10.45426929364818491,17519
17015,-24.47400000000000020,10.46165972323912463,17520
17016,-22.19900000000000162,10.44687305601395089,17521
17017,-26.51099999999999923,10.42528600826900664,17522
17018,-38.40400000000000347,10.37636136970275125,17523
17019,-37.82900000000000063,10.17177721302927829,17524
17020,-37.32900000000000063,9.98489020609311240,17525
17021,-32.42900000000000205,9.74229920248526327,17526
17022,-31.12399999999999878,9.59231120347696020,17527
17023,-30.18299999999999983,9.53994841093120272,17528
17024,-28.78800000000000026,9.57132814317952096,17529
17025,-31.30399999999999849,9.63283943798792919,17530
17026,-35.40599999999999881,9.73268004685682619,17531
17027,-37.79999999999999716,9.87262939162323860,17532
17028,-33.77499999999999858,9.99186952649123583,17533
17029,-32.09899999999999665,10.10581019679386472,17534
17030,-34.52199999999999847,10.20431092045660115,17535
17031,-22.94000000000000128,10.33592364280309006,17536
17032,-18.77299999999999969,10.32054574525534818,17537
17033,-19.56599999999999895,10.21704228286338179,17538
17034,-22.13599999999999923,10.06851731595846466,17539
17035,-23.35300000000000153,10.08720938682496815,17540
17036,-25.23999999999999844,10.11202332859495634,17541
17037,-22.60200000000000031,10.11157834767258556,17542
17038,-22.46999999999999886,10.05729833488576475,17543
17039,-19.78600000000000136,10.03826502770646734,17544
17040,-19.09299999999999997,10.03729599721163801,17545
17041,-18.50400000000000134,10.03720365804181291,17546
17042,-20.66000000000000014,10.04408478906787039,17547
17043,-20.61499999999999844,10.03303542957269734,17548
17044,-17.84600000000000009,10.02741054412937416,17549
17045,-18.63500000000000156,10.04527913786465376,17550
17046,-16.81099999999999994,10.04159643466035945,17551
17047,-17.52299999999999969,10.05514206027411639,17552
17048,-21.13400000000000034,10.06346121060518151,17553
17049,-21.08899999999999864,9.86285506041844151,17554
17050,-16.82400000000000162,9.49265367837116258,17555
17051,-15.44999999999999929,9.21258324524028538,17556
17052,-16.03300000000000125,9.14375786241280508,17557
17053,-15.21899999999999942,9.14288085741810974,17558
17054,-16.36400000000000077,9.15763816068271730,17559
17055,-17.30600000000000094,9.10342182480275319,17308
17056,-16.54299999999999926,8.89416226727484194,17309
17057,-18.41199999999999903,8.88972927823978942,17310
17058,-18.85000000000000142,8.84977012535425089,17311
17059,-19.17699999999999960,8.79693858649580385,17312
17060,-18.44600000000000151,8.78961524368201985,17313
17061,-18.73400000000000176,8.69359993359109851,17314
17062,-19.41100000000000136,8.59270167119202988,17315
17063,-19.46999999999999886,8.48917344512363137,17316
17064,-20.47400000000000020,8.45761355598204467,17317
17065,-22.64300000000000068,8.37244935273150048,17318
17066,-23.89199999999999946,8.26938820478941317,17319
17067,-24.44200000000000017,8.23850545818145186,17320
17068,-23.01699999999999946,8.23039037736750778,17321
17069,-19.97299999999999898,8.21648990171371452,17322
17070,-21.53500000000000014,8.21681145837643179,17323
17071,-18.01300000000000168,8.22514222910127124,17324
17072,-17.08800000000000097,8.23478440307977522,17325
17073,-14.37299999999999933,8.23418658167344120,17326
17074,-14.36700000000000088,8.23811240759846797,17327
17075,-13.90300000000000047,8.23710272979155000,17328
17076,-14.21000000000000085,8.27121263254380246,17329
17077,-13.57099999999999973,8.43390200624596531,17330
17078,-13.99000000000000021,8.55180155378089601,17583
17079,-12.45299999999999940,8.55511887670460069,17584
17080,-13.81700000000000017,8.53075689859675457,17585
17081,-14.41699999999999982,8.48962803526968202,17586
17082,-15.04100000000000037,8.46544841206699772,17587
17083,-20.91300000000000026,8.40559690369901169,17588
17084,-14.43800000000000061,8.42633851705843995,17589
17085,-5.20730000000000004,8.42504808980669750,17590
17086,-7.81270000000000042,8.36617058792047530,17591
17087,-7.64160000000000039,8.43691893357094003,17592
17088,-9.80680000000000085,8.60583320271018337,17593
17089,-10.14400000000000013,8.60058178461495615,17594
17090,-10.68099999999999916,8.60409575613276623,17595
17091,-9.59650000000000070,8.61583717793893911,17596
17092,-10.45199999999999996,8.62192353649603760,17597
17093,-9.39109999999999978,8.63036166475546018,17598
17094,-11.28599999999999959,8.63749915398250678,17599
17095,-28.50600000000000023,8.63664612414780564,17600
17096,-21.35900000000000176,8.47502168343959106,17601
17097,-19.60999999999999943,8.45460541163419244,17602
17098,-20.99399999999999977,8.42453134789796820,17603
17099,-22.06700000000000017,8.41392106289025499,17604
17100,-22.66499999999999915,8.41306713234072312,17605
17101,-23.14900000000000091,8.41185956921579070,17606
17102,-19.81899999999999906,8.41509453682183839,17607
17103,-17.66900000000000048,8.48863402019673252,17608
17104,-15.58999999999999986,8.59165650158506722,17609
17105,-17.63299999999999912,8.61892614583349470,17610
17106,-17.33899999999999864,8.78555146068095461,17611
17107,-17.23100000000000165,9.13576027114291023,17612
17108,-19.33800000000000097,9.63156264393550643,17613
17109,-18.48499999999999943,9.89728448068444067,17614
17110,-20.00700000000000145,9.90384157270495535,17615
17111,-19.68299999999999983,9.89902630319709331,17616
17112,-18.73999999999999844,9.89251987824972545,17617
17113,-14.38100000000000023,9.89594692117756303,17618
17114,-13.35100000000000087,9.89146351170287552,17619
17115,-11.46799999999999997,9.89757493985173653,17620
17116,-12.50000000000000000,9.91220758168718419,17621
17117,-12.89000000000000057,9.91416702097067137,17622
17118,-15.52399999999999913,9.91301779101399738,17623
17119,-14.95400000000000063,9.90516710016827595,17624
17120,-25.13299999999999912,9.92424352394795051,17625
17121,-42.68099999999999739,9.86791392104264986,17626
17122,-42.90599999999999881,9.79172931318801787,17627
17123,-45.26299999999999812,9.74963869674382977,17627
17124,-43.33400000000000318,10.01589583041621978,17628
17125,-42.80499999999999972,10.30674748674085350,17629
17126,-37.97299999999999898,10.61381228917556285,17630
17127,-30.42000000000000171,10.85167544315301669,17631
17128,-21.07499999999999929,10.94345547443200672,17632
17129,-24.66499999999999915,10.80512762037773911,17633
17130,-23.99699999999999989,10.83590660300604647,17634
17131,-22.28200000000000003,10.86970867694725840,17635
17132,-22.14099999999999824,10.89200155961617789,17636
17133,-20.53699999999999903,10.94211357342999591,17637
17134,-19.68499999999999872,11.03228650675682410,17638
17135,-18.38100000000000023,11.16377754951245116,17639
17136,-19.19999999999999929,11.22385316704036740,17640
17137,-18.92899999999999849,11.26597255127089703,17641
17138,-18.98300000000000054,11.27355606327188298,17642
17139,-18.00100000000000122,11.42793828478854579,17643
17140,-16.50499999999999901,11.48053205422999667,17266
17141,-14.66000000000000014,11.48187837339517969,17267
17142,-12.55899999999999928,11.47752340575504881,17268
17143,-10.73000000000000043,11.45744689952714523,17269
17144,-9.84869999999999912,11.42899061559171692,17270
17145,-10.89600000000000080,11.40720941419848522,17271
17146,-9.98140000000000072,11.38036365836871333,17272
17147,-7.88180000000000014,11.34507752797284219,17273
17148,-7.24589999999999979,11.25669012633771615,17274
17149,-7.10379999999999967,11.38233036878020599,17275
17150,-4.80989999999999984,11.46383983511633708,17276
17151,-6.55569999999999986,11.37068841524210328,17277
17152,-5.59159999999999968,11.30807389254558792,17278
17153,-7.02850000000000019,11.22189652746895838,17279
17154,-4.43079999999999963,11.16586589413220665,17280
17155,-2.28399999999999981,11.07263988721327941,17281
17156,-0.22703000000000001,10.96326541397484355,17282
17157,-1.33460000000000001,10.84267420797364601,17283
17158,-3.16330000000000000,10.70866757228755439,17284
17159,-19.85699999999999932,10.58877769939063640,17286
17160,-5.29159999999999986,10.45961493653204855,17287
17161,-4.99650000000000016,10.48934595489171606,17288
17162,-8.09520000000000017,10.49348889487860248,17289
17163,-5.28699999999999992,10.50960855730794918,17290
17164,-6.68850000000000033,10.49144086994133040,17291
17165,-7.72909999999999986,10.46149913533355225,17292
17166,-7.28829999999999956,10.45290831412057031,17293
17167,-8.81269999999999953,10.43982826821673271,17294
17168,-9.37850000000000072,10.41420243953304947,17295
17169,-11.47100000000000009,10.37497988613317546,17296
17170,-10.63599999999999923,10.36869207822761751,17297
17171,-14.09299999999999997,10.41769854292842545,17298
17172,-11.50099999999999945,10.46203817326384211,17299
17173,-15.97700000000000031,10.47463938080323764,17300
17174,-12.82199999999999918,10.46401947486438111,17301
17175,-5.63940000000000019,10.47375606410772519,17302
17176,-2.94689999999999985,10.26078051477371389,17303
17177,-4.14900000000000002,10.01790737111178764,17304
17178,-23.88800000000000168,9.82573095650780104,17305
17179,-41.10300000000000153,9.75802394466925271,17306
17180,-46.43299999999999983,9.85610777753966083,17306
17181,-34.27000000000000313,10.03044100589294096,17307
17182,-21.72299999999999898,10.18162409718573258,17308
17183,-17.40700000000000003,10.13795984720093912,17309
17184,-20.23900000000000077,10.13294831618228109,17310
17185,-14.67800000000000082,10.12571255782383517,17311
17186,-12.77200000000000024,10.20673446991396460,17312
17187,-11.32300000000000040,10.23455253877354210,17313
17188,-9.53720000000000034,10.29979831666778445,17314
17189,-8.22969999999999935,10.36890251051056033,17315
17190,-26.31099999999999994,10.42030742372788588,17063
17191,-25.87300000000000111,10.29895819156508985,17318
17192,-19.41100000000000136,10.15556452573450485,17319
17193,-18.22899999999999920,10.15699099854512966,17319
17194,-18.31400000000000006,10.17570224130946954,17321
17195,-19.57199999999999918,10.18718826869067229,17322
17196,-19.38100000000000023,10.23076236804896233,17323
17197,-18.40899999999999892,10.28359998096924599,17324
17198,-20.07000000000000028,10.34246087663997926,17324
17199,-17.71199999999999974,10.37438107624447525,17326
17200,-15.21400000000000041,10.40278204864737788,17327
17201,-17.89499999999999957,10.46137056340868554,17327
17202,-14.07499999999999929,10.52838948122126439,17328
17203,-13.40600000000000058,10.63591579427203904,17329
17204,-15.68099999999999916,10.72986274092383141,17077
17205,-14.21499999999999986,10.74754069711729443,17078
17206,-16.64199999999999946,10.76088689681796495,17079
17207,-14.94299999999999962,10.75450275901888553,17080
17208,-15.02299999999999969,10.76102191955452092,17081
17209,-14.04100000000000037,10.76334916198884173,17082
17210,-14.79800000000000004,10.76344309291251911,17083
17211,-15.98199999999999932,10.84216916336914238,17084
17212,-13.59900000000000020,10.90955055671265939,17085
17213,-14.98499999999999943,10.89752105258944681,17086
17214,-17.50600000000000023,10.91582036391975841,17087
17215,-15.04400000000000048,10.83517536191513386,17088
17216,-14.60200000000000031,10.81970214330644353,17089
17217,-11.99300000000000033,10.81014923794177740,17090
17218,-10.54700000000000060,10.81164706165166756,17091
17219,-11.81400000000000006,10.82793559445575937,17092
17220,-11.58999999999999986,10.83228125313032209,17093
17221,-12.08200000000000074,10.83804257288686834,17094
17222,-16.01800000000000068,10.84813624557715883,17095
17223,-18.50499999999999901,10.77000962941514395,17096
17224,-13.76299999999999990,10.77078090148108735,17097
17225,-14.06700000000000017,10.75603008245209757,17098
17226,-16.10399999999999920,10.72102176229569359,17099
17227,-18.91199999999999903,10.69174042058723018,17100
17228,-16.38200000000000145,10.67403592374967758,17101
17229,-16.34299999999999997,10.61623032551576351,17102
17230,-15.03899999999999970,10.53575529859142890,17103
17231,-17.28500000000000014,10.47051620520666582,17104
17232,-16.59799999999999898,10.93960973452362317,17105
17233,-17.78600000000000136,10.99252382309804510,17106
17234,-21.67899999999999849,10.82731580407596361,17107
17235,-21.13500000000000156,10.70076830086021680,17108
17236,-21.00600000000000023,10.75155755068229269,17109
17237,-19.91400000000000148,10.75054931078360632,17110
17238,-19.95299999999999940,10.75746764443879933,17111
17239,-20.05900000000000105,10.77536164296281918,17112
17240,-19.57000000000000028,10.77643849581046176,17113
17241,-18.19600000000000151,10.78299996294107999,17114
17242,-20.54299999999999926,10.78002745342695334,17115
17243,-20.28900000000000148,10.74460386740658180,17116
17244,-18.00600000000000023,10.73771775307850618,17117
17245,-13.25999999999999979,10.87539971783543002,17118
17246,-9.79630000000000045,10.90165035625483014,17119
17247,-10.37199999999999989,10.89065541447165408,17120
17248,-36.65100000000000335,10.56981333332023532,17122
17249,-46.78999999999999915,10.73925848326681098,17123
17250,-44.88100000000000023,11.06782854700951368,17124
17251,-31.94699999999999918,11.38644382283959544,17125
17252,-18.80799999999999983,11.52042033683843769,17126
17253,-22.23999999999999844,11.35886316371175830,17127
17254,-30.47100000000000009,11.35906949466582461,17128
17255,-19.79799999999999827,11.35462045219241212,17129
17256,-20.66199999999999903,11.36590770399951822,17130
17257,-22.72200000000000131,11.38277976957595605,17131
17258,-22.82000000000000028,11.39965496695577585,17132
17259,-19.53099999999999881,11.41880264282006152,17133
17260,-18.01999999999999957,11.42004332300258973,17134
17261,-19.78600000000000136,11.41415818371919677,17135
17262,-19.53500000000000014,11.41395334334920086,17136
17263,-19.90200000000000102,11.42472151380670020,17137
17264,-19.76399999999999935,11.44233222135068395,17138
17265,-19.73900000000000077,11.45542106028108442,17139
17266,-18.63599999999999923,11.48053205422999667,17140
17267,-17.31500000000000128,11.48187837339517969,17141
17268,-17.75300000000000011,11.47752340575504881,17142
17269,-17.53300000000000125,11.45744689952714523,17143
17270,-14.83900000000000041,11.42899061559171692,17144
17271,-15.38400000000000034,11.40720941419848522,17145
17272,-15.88400000000000034,11.38036365836871333,17146
17273,-18.79200000000000159,11.34507752797284219,17147
17274,-19.41100000000000136,11.25669012633771615,17148
17275,-18.09400000000000119,11.37183709286259514,17148
17276,-18.30199999999999960,11.46383983511633708,17150
17277,-17.74599999999999866,11.37068841524210328,17151
17278,-17.87999999999999901,11.30807389254558792,17152
17279,-17.14300000000000068,11.22189652746895838,17153
17280,-16.92500000000000071,11.16586589413220665,17154
17281,-16.35800000000000054,11.07263988721327941,17155
17282,-14.97700000000000031,10.96326541397484355,17156
17283,-16.35600000000000165,10.84267420797364601,17157
17284,-16.44900000000000162,10.70866757228755439,17158
17285,-18.55699999999999861,10.59616900248729898,17159
17286,-5.89620000000000033,10.58877769939063640,17159
17287,-8.29759999999999920,10.45961493653204855,17160
17288,-9.75650000000000084,10.48934595489171606,17161
17289,-9.72649999999999970,10.49348889487860248,17162
17290,-12.10299999999999976,10.50960855730794918,17163
17291,-14.07399999999999984,10.49144086994133040,17164
17292,-12.34299999999999997,10.46149913533355225,17165
17293,-11.35899999999999999,10.45290831412057031,17166
17294,-13.21199999999999974,10.43982826821673271,17167
17295,-13.82600000000000051,10.41420243953304947,17168
17296,-12.20899999999999963,10.37497988613317546,17169
17297,-8.04759999999999920,10.36869207822761751,17170
17298,-10.77100000000000080,10.41769854292842545,17171
17299,-11.71400000000000041,10.46203817326384211,17172
17300,-10.93900000000000006,10.47463938080323764,17173
17301,-6.01930000000000032,10.46401947486438111,17174
17302,-1.70740000000000003,10.47375606410772519,17175
17303,-0.29442000000000002,10.26078051477371389,17176
17304,-1.98530000000000006,10.01790737111178764,17177
17305,-26.75100000000000122,9.82573095650780104,17178
17306,-36.81000000000000227,9.75802394466925271,17179
17307,-42.53699999999999903,9.59937283981409450,17054
17308,-34.99499999999999744,9.10342182480275319,17055
17309,-15.84600000000000009,8.89416226727484194,17056
17310,-12.66999999999999993,8.88972927823978942,17057
17311,-12.02699999999999925,8.84977012535425089,17058
17312,-15.97799999999999976,8.79693858649580385,17059
17313,-7.50839999999999996,8.78961524368201985,17060
17314,-8.13499999999999979,8.69359993359109851,17061
17315,-8.99060000000000059,8.59270167119202988,17062
17316,-14.28200000000000003,8.48917344512363137,17063
17317,-11.30300000000000082,8.45761355598204467,17064
17318,-12.38400000000000034,8.37244935273150048,17065
17319,-18.08299999999999841,8.26938820478941317,17066
17320,-20.45100000000000051,8.23850545818145186,17067
17321,-18.87999999999999901,8.23039037736750778,17068
17322,-19.58099999999999952,8.21648990171371452,17069
17323,-20.08800000000000097,8.21681145837643179,17070
17324,-18.72100000000000009,8.22514222910127124,17071
17325,-17.12699999999999889,8.23478440307977522,17072
17326,-16.14799999999999969,8.23418658167344120,17073
17327,-16.46900000000000119,8.23811240759846797,17074
17328,-16.84799999999999898,8.23710272979155000,17075
17329,-16.26699999999999946,8.27121263254380246,17076
17330,-15.25300000000000011,8.43390200624596531,17077
17331,-12.88100000000000023,8.77544631191054947,17078
17332,-14.20100000000000051,9.01369436652843525,17079
17333,-13.06600000000000072,9.21154986544379106,17080
17334,-12.28999999999999915,9.38395716305370087,17081
17335,-12.66499999999999915,9.55800080312426736,17082
17336,-16.12500000000000000,9.79643945368403202,17083
17337,-18.99899999999999878,9.93681486002544467,17084
17338,-8.71950000000000003,10.07247155666100902,17085
17339,-9.80230000000000068,10.25650300164232931,17086
17340,-10.89600000000000080,10.57720714956246155,17087
17341,-11.50999999999999979,10.83568585677415363,17088
17342,-10.87800000000000011,11.16441854472599893,17089
17343,-8.46710000000000029,11.45046123507358615,17090
17344,-5.54469999999999974,11.47429360459272552,17091
17345,-7.05429999999999957,11.50992520164593813,17092
17346,-6.05799999999999983,11.53762498628845279,17093
17347,-7.45619999999999994,11.57416096866835176,17094
17348,-26.52299999999999969,11.58814655113370051,17095
17349,-24.77400000000000091,11.61085634803323785,17096
17350,-14.19699999999999918,11.63172839069813769,17097
17351,-16.91600000000000037,11.62585651830180034,17098
17352,-19.40899999999999892,11.60041874786711347,17099
17353,-17.70400000000000063,11.59239841712883212,17100
17354,-20.42999999999999972,11.56268720094361413,17101
17355,-20.98900000000000077,11.56586164963068164,17102
17356,-21.06400000000000006,11.59734358472366011,17103
17357,-18.25600000000000023,11.63614671226654984,17104
17358,-20.13400000000000034,11.66436263546589558,17105
17359,-20.55799999999999983,11.66305329292574378,17610
17360,-21.47200000000000131,11.64403801836494878,17611
17361,-21.74800000000000111,11.63787187694881986,17612
17362,-22.04100000000000037,11.65068982307312417,17613
17363,-20.90200000000000102,11.64679951775722877,17614
17364,-21.03099999999999881,11.63334793872809136,17615
17365,-20.88100000000000023,11.62279178509435340,17616
17366,-23.08800000000000097,11.61888999512095033,17617
17367,-23.85399999999999920,11.61243544334902644,17618
17368,-25.07000000000000028,11.72763040697159020,17619
17369,-22.54200000000000159,11.82208604438714339,17620
17370,-18.05900000000000105,11.80902645251205918,17621
17371,-16.69699999999999918,11.80864175207384825,17622
17372,-18.80900000000000105,11.80835009458484741,17623
17373,-17.56299999999999883,11.85764956667344805,17624
17374,-18.80399999999999849,11.93165039997281873,17625
17375,-41.05700000000000216,11.93169334608973564,17626
17376,-44.78799999999999670,11.94343640443580412,17627
17377,-44.91499999999999915,12.20914264896370227,17628
17378,-36.10099999999999909,12.54688222706150569,17629
17379,-23.32100000000000151,12.74106236371992118,17630
17380,-28.17000000000000171,12.60860767790701154,17631
17381,-22.56599999999999895,12.59317415126425033,17632
17382,-17.36799999999999855,12.45552416466860457,17633
17383,-20.23600000000000065,12.26904228616992043,17634
17384,-17.34400000000000119,12.24738200288088485,17635
17385,-13.22799999999999976,12.19219452564697015,17636
17386,-16.18299999999999983,11.99702377048712876,17637
17387,-14.07000000000000028,11.91730861536424868,17638
17388,-15.55300000000000082,11.80412593918024378,17639
17389,-14.18999999999999950,11.70698213498335249,17640
17390,-13.57699999999999996,11.70178533650402919,17641
17391,-15.88799999999999990,11.69470579805473420,17642
17392,-16.86700000000000088,11.79877890656833550,17643
17393,-14.54100000000000037,12.24617684429512821,17644
17394,-12.23199999999999932,12.33466166965634692,17645
17395,-10.38499999999999979,12.32191158694271849,17646
17396,-10.06499999999999950,12.36442408219812883,17647
17397,-9.38729999999999976,12.39232053494700914,17648
17398,-9.71710000000000029,12.41511576120176663,17649
17399,-10.07900000000000063,12.49039034845739771,17650
17400,-10.24000000000000021,12.54765963273674245,17651
17401,-9.73129999999999917,12.76410448366350003,17652
17402,-12.35599999999999987,12.92771376417675988,17653
17403,-13.45299999999999940,12.96141602631847611,17654
17404,-12.60299999999999976,12.98228367710012954,17655
17405,-14.05499999999999972,13.00402699421957387,17656
17406,-16.32700000000000173,13.01490718828160631,17657
17407,-14.35899999999999999,13.01616630317142409,17658
17408,-16.69600000000000151,13.01802491508085069,17659
17409,-15.21499999999999986,13.00050328242331865,17660
17410,-3.03929999999999989,12.97822229992290843,17661
17411,-5.36699999999999999,13.10657709414452299,19180
17412,-19.87999999999999901,13.02859451752899567,19181
17413,-15.41300000000000026,13.02871153315385122,19182
17414,-8.47940000000000005,13.03593359312380073,19183
17415,-12.90799999999999947,12.96415491502409800,19184
17416,-13.09999999999999964,12.91396365127132384,19185
17417,-10.52200000000000024,12.85646340167398805,19186
17418,-12.94400000000000084,12.77285438408794072,19187
17419,-12.00999999999999979,12.72867642336676397,19188
17420,-12.52699999999999925,12.70679675315778745,19189
17421,-14.87500000000000000,12.71062992418692161,19190
17422,-15.17900000000000027,12.73266260953324291,19191
17423,-15.36200000000000010,12.76832152057098213,19192
17424,-14.23399999999999999,12.80789108237912544,19193
17425,-13.67900000000000027,12.87789889268815635,19194
17426,-12.46400000000000041,12.89915416383183455,19195
17427,-9.24530000000000030,12.95699970898971110,19196
17428,-8.98789999999999978,13.28164317073674638,19197
17429,-4.80060000000000020,13.52457985048715727,16923
17430,-6.19369999999999976,13.08911922357956570,16924
17431,-30.10200000000000031,12.51638552099688262,11697
17432,-43.88700000000000045,12.31671502264586415,11698
17433,-48.27000000000000313,12.20457196911150177,16927
17434,-33.15200000000000102,11.92815125802357556,16928
17435,-21.35999999999999943,11.85620148371236482,19461
17436,-16.26699999999999946,11.83532323161785094,19462
17437,-16.49599999999999866,11.79474093551058189,19463
17438,-18.04899999999999949,11.79055052434335060,19464
17439,-16.45299999999999940,11.78615810248563101,19465
17440,-15.68500000000000050,11.76989483316658358,11706
17441,-14.69100000000000072,11.60886232552499031,11707
17442,-14.70299999999999940,11.47915734344526939,11708
17443,-21.05199999999999960,11.38166741339361820,11709
17444,-28.44600000000000151,11.36371289278692664,11710
17445,-20.20899999999999963,11.40468444032835826,11711
17446,-19.39699999999999847,11.11171724398225891,11712
17447,-20.86199999999999832,11.08438293900963956,11713
17448,-21.13700000000000045,11.09945254527531056,11714
17449,-19.71399999999999864,11.15116469029398694,11715
17450,-18.16799999999999926,11.19869193262766949,11716
17451,-17.92699999999999960,11.25777538971101421,11717
17452,-17.72899999999999920,11.33257878252975814,11718
17453,-16.10099999999999909,11.40287944069623549,11719
17454,-16.07999999999999829,11.46899587887123140,16948
17455,-12.12500000000000000,11.37114590173306183,16949
17456,-11.53599999999999959,11.22700291040838394,16950
17457,-14.78599999999999959,11.06166808317368755,16951
17458,-12.67600000000000016,10.94964673197518579,16952
17459,-12.69500000000000028,10.85667431421555484,16953
17460,-13.00200000000000067,10.76652031773023488,16954
17461,-13.57099999999999973,10.66715756106334467,16955
17462,-13.83300000000000018,10.55823037984909618,16956
17463,-15.26500000000000057,10.45046379053379049,16957
17464,-14.75600000000000023,10.34750355847881842,16958
17465,-17.00600000000000023,10.24673698380766318,16959
17466,-14.87299999999999933,10.25837917939171540,16960
17467,-14.31099999999999994,10.36718879421196782,16961
17468,-12.45100000000000051,10.31265071860047122,16962
17469,-12.56700000000000017,10.30969504001048698,16963
17470,-10.82300000000000040,10.31952334724778098,16964
17471,-10.21400000000000041,10.31428526028992643,16965
17472,-10.03800000000000026,10.32092931156744520,16966
17473,-8.82049999999999912,10.35636879298531632,16967
17474,-8.95449999999999946,10.35140359189270320,16968
17475,-9.95630000000000059,10.31246328371529764,16969
17476,-15.97899999999999920,10.25055673695922032,16970
17477,-15.32900000000000063,10.22538861163439528,16971
17478,-19.21999999999999886,10.22440404615087850,16972
17479,-18.99800000000000111,10.20569311445379057,16973
17480,-20.88100000000000023,10.22642780564234144,16974
17481,-18.90099999999999980,10.20068611357614330,16975
17482,-20.37000000000000099,10.14528242638739108,16976
17483,-18.37399999999999878,10.39534122211818357,16977
17484,-18.77899999999999991,10.78196928119711728,16979
17485,-19.95499999999999829,10.61677325047387477,16980
17486,-17.53800000000000026,10.53693247039713121,16981
17487,-19.30300000000000082,10.59250769878678966,16982
17488,-22.48799999999999955,10.60542731123857152,16983
17489,-20.16199999999999903,10.60432323155665912,16984
17490,-20.96499999999999986,10.62671019123524552,16985
17491,-19.14799999999999969,10.61783037862521617,16986
17492,-22.56099999999999994,10.58830842738619893,16987
17493,-25.19600000000000151,10.56629651928266078,16988
17494,-23.73699999999999832,10.55280040748879955,16989
17495,-25.56599999999999895,10.58449788721286922,16990
17496,-25.83899999999999864,10.68414137227760285,16991
17497,-24.83099999999999952,10.69960826613307603,16992
17498,-24.66000000000000014,10.69318630415818205,16993
17499,-18.22599999999999909,10.69209466939049413,16994
17500,-17.94300000000000139,10.69161828092805777,16995
17501,-24.26999999999999957,10.69048623650003194,16996
17502,-43.71000000000000085,10.69712514523090796,16998
17503,-46.94800000000000040,10.68656100643440965,16998
17504,-43.17300000000000182,10.66762569472568423,16999
17505,-31.76200000000000045,10.73827744670681028,17000
17506,-20.58699999999999974,10.79994729711547841,17001
17507,-29.89799999999999969,10.75420563878208036,17002
17508,-23.82100000000000151,10.78643981341000391,17003
17509,-20.66000000000000014,10.77064296151097267,17004
17510,-24.94300000000000139,10.70433577241917966,17005
17511,-23.62900000000000134,10.70433293895284876,17006
17512,-23.05699999999999861,10.69126576518146265,17007
17513,-22.06200000000000117,10.67009506571492850,17008
17514,-22.82300000000000040,10.62723441196123453,17009
17515,-19.59299999999999997,10.61220997011871070,17010
17516,-21.65299999999999869,10.53958438434763067,17011
17517,-19.78500000000000014,10.50923662082423604,17012
17518,-19.05199999999999960,10.47175151868586696,17013
17519,-20.67699999999999960,10.45426929364818491,17014
17520,-19.64499999999999957,10.46165972323912463,17015
17521,-17.15700000000000003,10.44687305601395089,17016
17522,-18.71000000000000085,10.42528600826900664,17017
17523,-19.14699999999999847,10.37636136970275125,17018
17524,-19.74500000000000099,10.17177721302927829,17019
17525,-17.71000000000000085,9.98489020609311240,17020
17526,-17.95100000000000051,9.74229920248526327,17021
17527,-20.61199999999999832,9.59231120347696020,17022
17528,-25.69800000000000040,9.53994841093120272,17023
17529,-33.54500000000000171,9.57132814317952096,17024
17530,-40.02199999999999847,9.63283943798792919,17025
17531,-37.62100000000000222,9.73268004685682619,17026
17532,-35.46500000000000341,9.87262939162323860,17027
17533,-34.70100000000000051,9.99186952649123583,17028
17534,-34.80899999999999750,10.10581019679386472,17029
17535,-36.71000000000000085,10.20431092045660115,17030
17536,-35.42499999999999716,10.33592364280309006,17031
17537,-34.42199999999999704,10.31994241214244390,17033
17538,-37.83899999999999864,10.21704228286338179,17033
17539,-30.37500000000000000,10.06851731595846466,17034
17540,-30.87300000000000111,10.08720938682496815,17035
17541,-36.49000000000000199,10.11202332859495634,17036
17542,-35.26599999999999824,10.11157834767258556,17037
17543,-18.28800000000000026,10.05729833488576475,17038
17544,-20.85399999999999920,10.03826502770646734,17039
17545,-19.23000000000000043,10.03729599721163801,17040
17546,-18.69300000000000139,10.03720365804181291,17041
17547,-18.44300000000000139,10.04408478906787039,17042
17548,-19.14199999999999946,10.03303542957269734,17043
17549,-20.35099999999999909,10.02741054412937416,17044
17550,-19.33500000000000085,10.04527913786465376,17045
17551,-17.33699999999999974,10.04159643466035945,17046
17552,-18.99200000000000088,10.05514206027411639,17047
17553,-17.81899999999999906,10.06346121060518151,17048
17554,-17.24200000000000088,9.86285506041844151,17049
17555,-16.36199999999999832,9.49265367837116258,17050
17556,-16.17800000000000082,9.21258324524028538,17051
17557,-16.44699999999999918,9.14375786241280508,17052
17558,-16.55199999999999960,9.14288085741810974,17053
17559,-13.45199999999999996,9.15763816068271730,17054
17560,-15.79700000000000060,9.23953043842350930,17055
17561,-20.78800000000000026,9.25028011782776716,17056
17562,-16.27100000000000080,9.25560998983143435,17057
17563,-10.92999999999999972,9.24975823330474434,17058
17564,-9.97170000000000023,9.18466276692528361,17059
17565,-11.22300000000000075,9.11557697318088245,17060
17566,-11.08300000000000018,9.07424920032483051,17061
17567,-31.87900000000000134,9.02469265385974495,17062
17568,-33.05400000000000205,8.96220207502843991,17063
17569,-22.43400000000000105,8.86792870711294334,17064
17570,-11.92200000000000060,8.87391588518960361,17065
17571,-10.83099999999999952,8.77772280739120703,17066
17572,-23.16900000000000048,8.62991788084134548,17067
17573,-26.78200000000000003,8.64619476052315861,17068
17574,-16.67999999999999972,8.65664991022257624,17069
17575,-15.00399999999999956,8.63998405742831288,17070
17576,-14.13899999999999935,8.59672341974298959,17071
17577,-13.69800000000000040,8.57885901275146345,17072
17578,-13.23199999999999932,8.56230495938793190,17073
17579,-11.64199999999999946,8.56005820272704909,17074
17580,-12.41399999999999970,8.55238297056400043,17075
17581,-12.20299999999999940,8.55050934454412115,17076
17582,-13.31199999999999939,8.54597934035679074,17077
17583,-15.56900000000000084,8.55180155378089601,17078
17584,-20.22400000000000020,8.55511887670460069,17079
17585,-22.93700000000000117,8.53075689859675457,17080
17586,-21.56299999999999883,8.48962803526968202,17081
17587,-26.07999999999999829,8.46544841206699772,17082
17588,-25.91000000000000014,8.40559690369901169,17083
17589,-21.41199999999999903,8.42633851705843995,17084
17590,-19.92299999999999827,8.42504808980669750,17085
17591,-12.72499999999999964,8.36617058792047530,17086
17592,-7.89860000000000007,8.43691893357094003,17087
17593,-12.76099999999999923,8.60583320271018337,17088
17594,-11.68999999999999950,8.60058178461495615,17089
17595,-12.91499999999999915,8.60409575613276623,17090
17596,-13.50500000000000078,8.61583717793893911,17091
17597,-13.96599999999999930,8.62192353649603760,17092
17598,-13.80700000000000038,8.63036166475546018,17093
17599,-14.83500000000000085,8.63749915398250678,17094
17600,-15.26600000000000001,8.63664612414780564,17095
17601,-18.46799999999999997,8.47502168343959106,17096
17602,-27.62999999999999901,8.45460541163419244,17097
17603,-20.97500000000000142,8.42453134789796820,17098
17604,-23.92800000000000082,8.41392106289025499,17099
17605,-23.44900000000000162,8.41306713234072312,17100
17606,-23.38100000000000023,8.41185956921579070,17101
17607,-24.38500000000000156,8.41509453682183839,17102
17608,-22.92099999999999937,8.48863402019673252,17103
17609,-24.96699999999999875,8.59165650158506722,17104
17610,-22.56299999999999883,8.61892614583349470,17105
17611,-22.42999999999999972,8.78555146068095461,17106
17612,-22.11400000000000077,9.13576027114291023,17107
17613,-19.88700000000000045,9.63156264393550643,17108
17614,-21.35399999999999920,9.89728448068444067,17109
17615,-19.85099999999999909,9.90384157270495535,17110
17616,-18.73100000000000165,9.89902630319709331,17111
17617,-18.60399999999999920,9.89251987824972545,17112
17618,-18.91799999999999926,9.89594692117756303,17113
17619,-16.10200000000000031,9.89146351170287552,17114
17620,-13.69999999999999929,9.89757493985173653,17115
17621,-14.83300000000000018,9.91220758168718419,17116
17622,-14.53700000000000081,9.91416702097067137,17117
17623,-14.17800000000000082,9.91301779101399738,17118
17624,-11.88599999999999923,9.90516710016827595,17119
17625,-15.24099999999999966,9.92424352394795051,17120
17626,-25.47599999999999909,9.83781906910397019,17122
17627,-41.54699999999999704,9.74963869674382977,17123
17628,-44.89699999999999847,10.01589583041621978,17124
17629,-45.03699999999999903,10.30674748674085350,17125
17630,-42.27100000000000080,10.61381228917556285,17126
17631,-42.07300000000000040,10.85167544315301669,17127
17632,-38.85499999999999687,10.94345547443200672,17128
17633,-33.02499999999999858,10.80512762037773911,17129
17634,-24.39000000000000057,10.83590660300604647,17130
17635,-25.17200000000000060,10.86970867694725840,17131
17636,-28.12500000000000000,10.89200155961617789,17132
17637,-25.60000000000000142,10.94211357342999591,17133
17638,-23.24800000000000111,11.03228650675682410,17134
17639,-23.82999999999999829,11.16377754951245116,17135
17640,-18.15200000000000102,11.22385316704036740,17136
17641,-19.30699999999999861,11.26597255127089703,17137
17642,-19.66100000000000136,11.27355606327188298,17138
17643,-19.43700000000000117,11.42793828478854579,17139
17644,-18.76800000000000068,11.75412360737075623,17140
17645,-17.24200000000000088,11.84918941276971438,17141
17646,-15.33999999999999986,11.84826098946265560,17142
17647,-14.69400000000000084,11.89241052694045919,17143
17648,-13.24200000000000088,11.94419808408219552,17144
17649,-12.57600000000000051,11.98245682649757349,9287
17650,-12.20500000000000007,11.98890356018010728,9288
17651,-10.72199999999999953,12.00931111322075751,9289
17652,-12.37800000000000011,12.15115015532812670,9290
17653,-9.10810000000000031,12.23636055327376226,9291
17654,-7.19190000000000040,12.30062616073701065,9292
17655,-7.17089999999999961,12.39029682817879241,9293
17656,-8.96739999999999959,12.38318807599806526,9294
17657,-11.18999999999999950,12.41985434912520425,9295
17658,-9.52120000000000033,12.49097492790072472,9296
17659,-7.44369999999999976,12.52729322421207314,9297
17660,-4.24859999999999971,12.59991781447256187,9298
17661,-3.32880000000000020,12.72654954845107333,9299
17662,-4.84740000000000038,12.87009452764563733,9300
17663,-7.68860000000000010,12.97541157520397626,9301
17664,-7.58300000000000018,13.05485175063308034,9302
17665,-15.87100000000000044,13.09472684528805253,9303
17666,-19.80199999999999960,12.99064959447105316,9304
17667,-7.27909999999999968,12.97569924531389063,9305
17668,-12.66699999999999982,12.96229897926641073,9306
17669,-13.85299999999999976,12.88076010717018960,9307
17670,-15.80400000000000027,12.88173746341604442,9308
17671,-16.55099999999999838,12.85452239715886513,9309
17672,-17.19099999999999895,12.82476671726966266,9310
17673,-13.97799999999999976,12.80955164293898463,9311
17674,-14.45599999999999952,12.76508550057766023,9312
17675,-10.96100000000000030,12.69558721183860506,9313
17676,-9.92900000000000027,12.52410391966005676,9314
17677,-11.73300000000000054,12.38347621139187460,9315
17678,-13.51399999999999935,12.27673615551331565,9316
17679,-8.29840000000000089,12.19329327485527514,9317
17680,-7.17049999999999965,11.93085778211320225,9318
17681,-8.21620000000000061,11.59840780137776406,9319
17682,-26.03800000000000026,11.24665776117345573,9320
17683,-38.24499999999999744,11.22749978098074131,9321
17684,-44.01200000000000045,11.18659471892578061,9322
17685,-35.50800000000000267,10.92851466624011003,9323
17686,-20.59700000000000131,10.76476172883115368,9324
17687,-17.08599999999999852,10.72684586430427167,9325
17688,-18.27599999999999980,10.67224680407512238,9326
17689,-13.67200000000000060,10.66407387325020473,9327
17690,-12.71299999999999919,10.67761592946884441,9328
17691,-11.34699999999999953,10.68484738278693591,9329
17692,-10.30899999999999928,10.64780454737175042,9330
17693,-13.23499999999999943,10.49428366033641780,9331
17694,-18.62600000000000122,10.21352250321048949,9332
17695,-12.73600000000000065,10.16198692122648062,9333
17696,-17.94800000000000040,10.15102528153412642,9334
17697,-24.13899999999999935,10.10833156683260192,9335
17698,-23.55099999999999838,10.13282541311839680,9336
17699,-18.69200000000000017,10.15205602421866971,9337
17700,-19.27899999999999991,10.14033001310091642,9338
17701,-17.31800000000000139,10.13198803156642036,9339
17702,-16.79799999999999827,10.11932459989555433,9340
17703,-16.63599999999999923,10.08021188116882350,9341
17704,-15.68500000000000050,10.05945200978436738,9342
17705,-16.91300000000000026,10.12868440779827317,9343
17706,-17.48600000000000065,10.17540436256197012,9344
17707,-15.39300000000000068,10.17029540148450906,9345
17708,-14.52100000000000080,10.14337836941663973,9346
17709,-15.50799999999999912,10.11403919736431511,9347
17710,-14.97700000000000031,10.09545301487259472,9348
17711,-11.76800000000000068,10.07366718912050274,9349
17712,-11.34999999999999964,10.04952209259537454,9350
17713,-12.64499999999999957,10.02660103793017754,9351
17714,-12.42800000000000082,10.02843033671433659,9352
17715,-13.52699999999999925,10.00598191239168600,9353
17716,-14.59900000000000020,9.99380532118479259,9354
17717,-17.08500000000000085,10.01848420745856316,9355
17718,-15.43200000000000038,10.00488220902236947,9356
17719,-13.57199999999999918,10.01405383279836592,9357
17720,-12.93900000000000006,9.95840212748951892,9358
17721,-12.45899999999999963,9.48971756790847465,9359
17722,-11.24399999999999977,9.13364778593279425,9360
17723,-12.10299999999999976,9.09138088675267220,9361
17724,-9.82189999999999941,9.13752213549343750,9362
17725,-13.29299999999999926,9.15973406477040797,9363
17726,-10.41900000000000048,9.18509457029029441,9364
17727,-10.82099999999999973,9.18913536183088731,9365
17728,-13.59800000000000075,8.80352543781193653,9366
17729,-19.10699999999999932,8.21617436770432441,9367
17730,-21.45700000000000074,8.19169718236572209,9368
17731,-22.69300000000000139,8.18672696253126198,9369
17732,-19.78699999999999903,8.22245683324837984,9370
17733,-21.81800000000000139,8.26678372647731585,9371
17734,-18.39999999999999858,8.30854932575366156,9372
17735,-15.48600000000000065,8.30695119191636699,9373
17736,-15.16900000000000048,8.26672849745031790,9374
17737,-16.44800000000000040,8.22980779289577136,9375
17738,-16.52199999999999847,8.22285590543595291,9376
17739,-16.94999999999999929,8.22254767145727961,9377
17740,-17.30000000000000071,8.22161884831555767,9378
17741,-19.26999999999999957,8.24313924696918754,9379
17742,-20.61400000000000077,8.26244967787103590,9380
17743,-21.59400000000000119,8.26897283495160096,9381
17744,-22.51599999999999824,8.40086939552751666,9382
17745,-23.26200000000000045,8.49432015017887743,9383
17746,-22.88400000000000034,8.78021289167164731,9384
17747,-23.83999999999999986,9.18517436347873506,9385
17748,-20.67699999999999960,9.18354503973167091,9386
17749,-14.03599999999999959,9.27046555141764195,9387
17750,-13.91399999999999970,9.32103100907561988,9388
17751,-16.16600000000000037,9.23914644267873619,9389
17752,-15.89300000000000068,9.49341412250327288,9390
17753,-42.02700000000000102,9.70121272521220668,9391
17754,-48.30899999999999750,9.84299234342412710,9392
17755,-46.36699999999999733,10.53935608593845252,9393
17756,-32.06199999999999761,11.17625289091391139,15729
17757,-19.82799999999999940,10.72277860407634620,15730
17758,-18.38299999999999912,10.77432754893029632,15731
17759,-18.86100000000000065,10.81009490367212145,15732
17760,-26.75300000000000011,10.76121345611010227,15733
17761,-27.73100000000000165,10.90739345579456199,15734
17762,-20.61799999999999855,11.05397876305489291,15735
17763,-24.66499999999999915,11.06463773778774140,15736
17764,-23.98000000000000043,11.15043043763327546,15737
17765,-22.64600000000000080,11.22405042582721357,15738
17766,-24.92599999999999838,11.28239340166276783,15739
17767,-25.69500000000000028,11.32582563838239764,15740
17768,-22.85000000000000142,11.33137463542996848,15741
17769,-24.07400000000000162,11.37488190234555141,15742
17770,-25.58800000000000097,11.45602710011728576,15743
17771,-23.66100000000000136,11.52456861760306772,15744
17772,-22.47899999999999920,11.48978939315133907,15745
17773,-19.44200000000000017,11.46000010494852184,15746
17774,-19.34299999999999997,11.49239008138319740,15747
17775,-18.99699999999999989,11.50393038531492351,15748
17776,-19.23600000000000065,11.50436608710480790,15749
17777,-18.72299999999999898,11.51582412200289873,15750
17778,-20.08599999999999852,11.52205015297004209,15751
17779,-19.46900000000000119,11.53712768550514589,15752
17780,-20.10000000000000142,11.55494403827337280,15753
17781,-21.01800000000000068,11.59617924936003597,15754
17782,-21.58399999999999963,11.67649485271421028,15755
17783,-20.43299999999999983,11.75496281363964179,15756
17784,-20.87800000000000011,11.80437178989956770,15757
17785,-20.47700000000000031,11.86666092238176340,15758
17786,-17.34600000000000009,12.01872201162782616,15759
17787,-12.09900000000000020,12.18339145876913143,15760
17788,-12.21499999999999986,12.14461768141385711,15761
17789,-12.22799999999999976,12.18614699970624216,15762
17790,-10.44699999999999918,12.22151908760034544,15763
17791,-17.11100000000000065,12.27980995974552059,15764
17792,-23.12999999999999901,12.20558018415376544,12790
17793,-10.93699999999999939,12.27516011302168231,12791
17794,-12.91900000000000048,12.04562501733574464,12791
17795,-16.13299999999999912,12.20832292456990942,12792
17796,-15.66000000000000014,12.36868825532129001,12793
17797,-16.37399999999999878,12.39122883942455999,18809
17798,-15.77999999999999936,12.42856082579323385,18810
17799,-14.08200000000000074,12.41236981936667405,15772
17800,-12.56900000000000084,12.34658943265714193,15773
17801,-11.55300000000000082,12.26059119646746076,15774
17802,-13.59099999999999930,12.06154103382915110,15775
17803,-10.14600000000000080,11.66179797356027059,15776
17804,-11.79299999999999926,11.43662973256497395,15777
17805,-13.00600000000000023,11.28090554877709550,15778
17806,-12.32099999999999973,11.13409609489923113,15779
17807,-14.95599999999999952,10.97996126055307364,15780
17808,-15.75999999999999979,10.66875753133746940,15781
17809,-15.36100000000000065,10.28604167467416097,15782
17810,-12.81700000000000017,10.04589154921039018,15783
17811,-14.58799999999999919,9.86239732869042740,15784
17812,-14.30199999999999960,9.67608891339607702,15785
17813,-14.20199999999999996,9.54350297714711360,15786
17814,-13.14400000000000013,9.39828420432307254,15787
17815,-13.15700000000000003,9.30998180214962190,15788
17816,-14.39000000000000057,9.24728995156784350,15789
17817,-14.32799999999999940,9.27195746657108977,15790
17818,-14.39400000000000013,9.30666943227067378,15791
17819,-14.99099999999999966,9.32432650667946916,15792
17820,-15.70599999999999952,9.34789815628201559,15793
17821,-15.06799999999999962,9.34292722480641658,15794
17822,-14.35299999999999976,9.62246644976341514,15795
17823,-11.27899999999999991,9.89986198152842967,15796
17824,-12.59399999999999942,10.16889204406231073,15797
17825,-17.12099999999999866,10.36041323810341375,15798
17826,-17.71099999999999852,10.48796781507850895,15799
17827,-15.19899999999999984,10.34377508176333826,15800
17828,-16.84100000000000108,10.32680336385009667,15801
17829,-17.51000000000000156,10.33203380158562190,15802
17830,-16.05300000000000082,10.33011394589072118,15803
17831,-14.50099999999999945,10.39046955576110420,15804
17832,-14.58300000000000018,10.40930646230552448,15805
17833,-13.63599999999999923,10.42235994193890214,15806
17834,-14.24300000000000033,10.42642336991634977,15807
17835,-15.78500000000000014,10.36279942435362500,15808
17836,-22.17800000000000082,10.24110069185089067,15809
17837,-24.54299999999999926,10.27078834555662290,15810
17838,-26.17999999999999972,10.24731428392121124,15811
17839,-23.12300000000000111,10.17026471720172331,15812
17840,-25.23699999999999832,10.17450019901994196,15813
17841,-24.91799999999999926,10.17154782634998256,15814
17842,-24.42099999999999937,10.16703753701135682,15815
17843,-32.73700000000000188,10.38799841879070662,15816
17844,-24.21099999999999852,10.63084036741534000,15817
17845,-15.67300000000000004,10.71839277453284112,15818
17846,-20.45299999999999940,10.71689851308311603,15819
17847,-19.10399999999999920,10.71029988810351874,15820
17848,-17.34100000000000108,10.77847887599839005,15821
17849,-21.73300000000000054,10.82946385919809273,15822
17850,-20.72299999999999898,10.96784920914134709,15823
17851,-31.29400000000000048,11.01357036088157493,15824
17852,-33.47899999999999920,11.08436512497175030,15825
17853,-19.37600000000000122,11.14674248065890794,15826
17854,-18.54799999999999827,11.04118455318096181,15827
17855,-27.68900000000000006,11.02876221481632513,15828
17856,-26.18700000000000117,11.10732479643597337,15829
17857,-27.50700000000000145,11.04492283588473889,15830
17858,-26.38200000000000145,11.00816221351090896,15831
17859,-25.65500000000000114,11.01914769610971945,15832
17860,-21.22899999999999920,11.01829282415502043,15833
17861,-18.55199999999999960,10.99905710654162405,15834
17862,-17.30900000000000105,10.97091843541009126,15835
17863,-15.91799999999999926,10.90628944418966562,15836
17864,-12.46499999999999986,10.84877157244501333,15837
17865,-13.80700000000000038,10.82114702435724674,15838
17866,-14.23399999999999999,10.76787118297826495,15839
17867,-15.17399999999999949,10.65853292903236493,15840
17868,-15.39300000000000068,10.58993928943666241,15841
17869,-16.20100000000000051,10.53224548967489760,15842
17870,-12.85899999999999999,10.48167229805794243,15843
17871,-12.49000000000000021,10.42885382067071554,15844
17872,-15.48900000000000077,10.39420182265617321,15845
17873,-15.66900000000000048,10.35870195015958295,15846
17874,-14.08500000000000085,10.38224769577897177,15847
17875,-13.27999999999999936,10.37060927820638767,15848
17876,-13.70400000000000063,10.36825458322669746,15849
17877,-12.94299999999999962,10.39723564805912481,15850
17878,-11.86899999999999977,10.42650226979226957,15851
17879,-12.68800000000000061,10.42772811340113570,15852
17880,-11.35599999999999987,10.35480520550121675,15853
17881,-13.22000000000000064,10.40737136590464473,15854
17882,-8.91119999999999912,10.71223808185051674,15855
17883,-9.09989999999999988,10.90151150238738254,15856
17884,-11.68999999999999950,11.12285976943043586,15857
17885,-9.09539999999999971,11.43368989792609902,15858
17886,-8.79589999999999961,11.46182813900688124,4217
17887,-9.76290000000000013,11.53642950160010017,4218
17888,-14.29800000000000004,11.61011969066596095,4219
17889,-17.34100000000000108,11.77881653402353379,4219
17890,-15.98099999999999987,11.93934230834653576,4219
17891,-15.08000000000000007,12.11649333261416572,15864
17892,-14.69400000000000084,12.06535342696921376,15865
17893,-17.75900000000000034,12.04596060317444106,15866
17894,-15.25799999999999912,12.03820682686261989,15867
17895,-14.10599999999999987,12.04208134608679437,15868
17896,-14.66999999999999993,12.06668370093789733,15869
17897,-14.67099999999999937,12.07059562726060342,15870
17898,-14.27399999999999913,12.07621965881429027,15871
17899,-13.88899999999999935,12.05157252601441442,15872
17900,-14.43099999999999916,12.04480687993839005,15873
17901,-14.30899999999999928,12.04371452462519620,15874
17902,-14.41999999999999993,12.06048210779276886,15875
17903,-15.92399999999999949,12.03740188959580415,5250
17904,-22.00400000000000134,12.02478497257888534,5251
17905,-21.50900000000000034,11.87988016772774280,5252
17906,-16.53500000000000014,11.80177840147084645,5253
17907,-15.57199999999999918,11.79414342643846147,5254
17908,-15.56400000000000006,11.79804670979085834,5255
17909,-14.71499999999999986,11.87502274589213158,5256
17910,-15.12199999999999989,11.98312026991108858,5257
17911,-14.35200000000000031,11.96577551076442880,5258
17912,-14.61500000000000021,11.95007700239350257,5259
17913,-15.26099999999999923,11.90488941622260377,5260
17914,-14.55599999999999916,11.82633794541110284,5261
17915,-13.81400000000000006,11.77297833278986516,5262
17916,-17.00600000000000023,11.73362205371709344,5263
17917,-13.56300000000000061,11.75332725090510522,5264
17918,-14.95299999999999940,11.76548865824638668,5265
17919,-25.25100000000000122,11.76846462368242996,5266
17920,-17.99299999999999855,11.78408338152030943,5267
17921,-15.88000000000000078,11.79793198899185924,5268
17922,-19.94300000000000139,11.78641727495565306,5269
17923,-15.95500000000000007,11.77215471978840000,5270
17924,-15.79599999999999937,11.76065694140396722,5271
17925,-15.73399999999999999,11.74940601606764012,5272
17926,-15.48900000000000077,11.82856797221487533,5273
17927,-14.91699999999999982,12.16265499647412085,5274
17928,-15.50200000000000067,12.31319501443318387,15901
17929,-18.42000000000000171,12.38299774897900996,15902
17930,-21.74599999999999866,12.23192088789632415,15903
17931,-17.52799999999999869,12.09080753396063557,15904
17932,-15.37700000000000067,11.96157805683212771,11605
17933,-16.76800000000000068,11.66165161068114919,11605
17934,-19.76200000000000045,11.69747302958321988,11606
17935,-19.27199999999999847,11.85327508100584382,11827
17936,-19.66799999999999926,11.76102051581935903,11827
17937,-20.67899999999999849,11.71422954883683865,11828
17938,-20.70700000000000074,11.71582493812027792,11829
17939,-21.21699999999999875,11.71023701347888846,11830
17940,-19.26200000000000045,11.70493939310326326,11831
17941,-17.22599999999999909,11.68574860028847873,11832
17942,-19.26699999999999946,11.68088805007813491,11833
17943,-15.28899999999999970,11.69147020601972997,11834
17944,-16.56700000000000017,11.63425199601163307,11835
17945,-10.38899999999999935,11.64767489424775526,11836
17946,-8.16249999999999964,11.70015209328125572,11837
17947,-24.51399999999999935,11.72782066667256551,11838
17948,-24.73900000000000077,11.69546586830692192,11839
17949,-17.75100000000000122,11.66082310249309373,11840
17950,-11.61400000000000077,11.64806983324519329,11841
17951,-11.27500000000000036,11.65234198869023885,11842
17952,-11.32900000000000063,11.68505809314307342,11843
17953,-14.14899999999999913,11.71120211716236348,11844
17954,-15.28299999999999947,11.74717526269283496,11845
17955,-17.30000000000000071,11.79311828878747548,11846
17956,-17.79899999999999949,11.83821284646892913,11847
17957,-16.45599999999999952,11.86462126962779173,11848
17958,-16.94300000000000139,11.87413717337019925,11849
17959,-17.66000000000000014,11.89197642829395818,11850
17960,-16.70299999999999940,11.89370959806227468,11851
17961,-18.15899999999999892,11.90019137642632607,11852
17962,-17.15299999999999869,11.90190264969819545,11853
17963,-16.19600000000000151,11.91680560532513944,11854
17964,-15.32499999999999929,12.01808205855963330,11855
17965,-16.68100000000000094,12.10191203345351241,11856
17966,-15.60800000000000054,12.19617173347925565,11857
17967,-16.14600000000000080,12.17250026631691640,18481
17968,-16.18199999999999861,12.07348963757398863,18482
17969,-17.72899999999999920,11.96423788386890052,18483
17970,-17.07799999999999940,11.86037979650517649,18484
17971,-22.30799999999999983,11.72992512310997526,18485
17972,-17.66100000000000136,11.64092464191423915,18486
17973,-15.26800000000000068,11.54414456108632692,18487
17974,-15.62700000000000067,11.56083278725147245,18488
17975,-16.87399999999999878,11.52765965680724847,18489
17976,-15.21400000000000041,11.51254629454771461,18490
17977,-16.56200000000000117,11.48024550153731127,18491
17978,-17.79700000000000060,11.45941069626077713,18492
17979,-16.18499999999999872,11.44798243021385709,18493
17980,-15.54700000000000060,11.43656765005449749,18494
17981,-14.52999999999999936,11.37245623918200010,18495
17982,-14.35500000000000043,11.29972347952756984,18496
17983,-14.77200000000000024,11.23791562887845608,18497
17984,-12.29100000000000037,11.16374739648716208,18498
17985,-14.24499999999999922,11.04010377796473463,18499
17986,-13.46700000000000053,10.97113276581571029,18500
17987,-15.36999999999999922,10.85345902751373082,18501
17988,-15.36500000000000021,10.75397361632153626,18502
17989,-18.14300000000000068,10.65426498517702036,18503
17990,-18.14099999999999824,10.60562971611935978,18504
17991,-20.12999999999999901,10.56613448581070003,18505
17992,-20.79200000000000159,10.54812807883867798,18506
17993,-17.56099999999999994,10.54524912229721778,18507
17994,-12.04499999999999993,10.57194512141168374,18508
17995,-12.94899999999999984,10.57695368615149256,18509
17996,-10.34900000000000020,10.62030881432576912,18510
17997,-9.54609999999999914,10.65967285677881371,18511
17998,-17.83599999999999852,10.68015574716781479,18512
17999,-25.15200000000000102,10.68334926565046672,18513
18000,-27.29899999999999949,10.66754335046753077,18514
18001,-30.23499999999999943,10.66280102845277256,18515
18002,-32.71999999999999886,10.63119693115672959,18515
18003,-32.13199999999999790,10.58582379925944572,18516
18004,-28.28900000000000148,10.58898196557956339,18517
18005,-27.76200000000000045,10.57238828779061279,18518
18006,-28.10999999999999943,10.62066036520235990,18519
18007,-30.76000000000000156,10.64405876624265979,18520
18008,-32.09599999999999653,10.67305145787358356,18521
18009,-30.55300000000000082,10.69793335291597636,18522
18010,-31.25799999999999912,10.68122241726614696,18523
18011,-30.88599999999999923,10.69927763018487532,18524
18012,-29.85600000000000165,10.70231150621425975,18525
18013,-28.85999999999999943,10.70152175384344062,18526
18014,-28.61400000000000077,10.66089101488291213,18527
18015,-27.21499999999999986,10.67558737231446564,18528
18016,-23.88599999999999923,10.68258323094547357,18529
18017,-24.82799999999999940,10.62692931434938970,18530
18018,-20.34299999999999997,10.55903064780947176,18531
18019,-17.94399999999999906,10.39611153420955780,18532
18020,-25.02499999999999858,10.15573852173122837,18533
18021,-33.40599999999999881,10.11612843890357283,18534
18022,-35.34700000000000131,10.16133588174787583,18535
18023,-36.00000000000000000,10.08928320139609092,18536
18024,-35.24600000000000222,9.84335750319053915,18537
18025,-33.08800000000000097,9.80841965855297993,18538
18026,-30.84499999999999886,9.79567398029777259,18539
18027,-24.72500000000000142,9.83254334471670610,18540
18028,-18.17699999999999960,9.87402306862378154,18541
18029,-16.91799999999999926,9.89740193229356180,18542
18030,-14.21400000000000041,9.87078617833530458,18543
18031,-15.57300000000000040,9.86257599400338592,18544
18032,-21.39499999999999957,9.86268004059219550,18545
18033,-19.00700000000000145,9.87123920046584225,18546
18034,-23.67899999999999849,9.84866584596520234,18547
18035,-29.09100000000000108,9.84747325159841758,18548
18036,-21.32700000000000173,9.81142368912354357,18549
18037,-20.99800000000000111,9.78617727648750702,18550
18038,-29.52599999999999980,9.75993000465985006,18551
18039,-32.87899999999999778,9.68303376428033324,18552
18040,-28.89600000000000080,9.66820818582704256,18553
18041,-20.04899999999999949,9.58788123209152587,18554
18042,-15.56700000000000017,9.61723403380296560,18555
18043,-16.64900000000000091,9.75568201197069484,18556
18044,-15.63299999999999912,9.95039609188283336,18556
18045,-20.61499999999999844,10.10408552059850606,18558
18046,-12.79199999999999982,10.20902886805061272,18559
18047,-12.86700000000000088,10.39261190634556087,18559
18048,-12.01600000000000001,10.57936426073567837,18561
18049,-10.54800000000000004,10.71176608410479858,18562
18050,-11.84399999999999942,10.73725411922923989,18563
18051,-11.86899999999999977,10.79577708223896870,18564
18052,-8.42420000000000080,10.82502253325744945,18565
18053,-7.92560000000000020,10.85763866715900505,18566
18054,-8.13030000000000008,10.87927493302296611,18567
18055,-7.25670000000000037,10.91351053427324302,18568
18056,-8.72199999999999953,10.93603001029382504,18569
18057,-7.21499999999999986,10.97866308176044470,18570
18058,-3.64119999999999999,11.03835498941746707,18571
18059,-3.80860000000000021,11.08173480927393761,12236
18060,-5.25089999999999968,11.07136534620071977,12237
18061,-6.30710000000000015,11.08998124743025748,12238
18062,-5.48869999999999969,11.09961804754607506,12239
18063,-5.41709999999999958,11.11956334625366694,12240
18064,-5.26140000000000008,11.12906757977657612,12241
18065,-7.87000000000000011,11.12427569159290464,12242
18066,-6.41760000000000019,11.12936722704161419,12243
18067,-7.49439999999999973,11.12953780332198583,12244
18068,-8.25040000000000084,11.14455306116979472,12245
18069,-7.93719999999999981,11.16064061523322515,12246
18070,-7.67469999999999963,11.19351277284687463,12247
18071,-8.70400000000000063,11.23536389343935049,12248
18072,-8.96679999999999922,11.27204417991736385,12249
18073,-10.79100000000000037,11.31577208032446791,12250
18074,-11.40000000000000036,11.37402708732334844,12251
18075,-14.34299999999999997,11.43851721632924345,12252
18076,-17.62000000000000099,11.49744941350692073,12253
18077,-19.92099999999999937,11.54090529498608042,12254
18078,-19.86499999999999844,11.57163646957832270,12255
18079,-28.32499999999999929,11.61502881235044704,12256
18080,-37.00200000000000244,11.53612684910812547,12257
18081,-31.67000000000000171,11.31736530949771335,12258
18082,-27.12699999999999889,11.16605229606576799,12259
18083,-25.14799999999999969,11.09101299121134154,12260
18084,-26.33099999999999952,11.04403032704754750,12261
18085,-21.90500000000000114,10.99760079815172453,12262
18086,-23.88400000000000034,10.98205642311638108,12263
18087,-23.15800000000000125,10.96468736965534418,12264
18088,-25.53600000000000136,10.96631163427084665,12265
18089,-25.83299999999999841,10.94383018703853594,12266
18090,-25.77799999999999869,10.92508147996701950,12267
18091,-25.88299999999999912,10.93791317728347146,12268
18092,-23.68900000000000006,11.00211707622134050,12269
18093,-20.19099999999999895,11.03596294314688997,12270
18094,-17.70400000000000063,11.10638028113820397,12271
18095,-18.32400000000000162,11.34639008366619350,12272
18096,-20.64499999999999957,11.51015463033822428,12273
18097,-20.41499999999999915,11.48760980448726521,12274
18098,-10.06000000000000050,11.47811613126350672,12275
18099,-12.54700000000000060,11.43912921143987127,12276
18100,-11.44400000000000084,11.43861998696038107,12277
18101,-12.50500000000000078,11.45547631632571139,12278
18102,-14.64700000000000024,11.47384099751375253,12279
18103,-13.53200000000000003,11.48722249184275768,12280
18104,-16.11199999999999832,11.50251708868450962,12281
18105,-15.36500000000000021,11.51727702877317050,12282
18106,-17.74500000000000099,11.53277185769824342,12283
18107,-18.32300000000000040,11.54955697595342379,12283
18108,-24.76099999999999923,11.55727171690110211,12284
18109,-27.57799999999999940,11.47574503276872804,12286
18110,-19.06099999999999994,11.34671616663169402,12286
18111,-21.11400000000000077,11.34866966457927973,12287
18112,-21.38800000000000168,11.33428754199451483,12288
18113,-18.68499999999999872,11.32342269885996622,12289
18114,-19.06700000000000017,11.32918737697216294,12290
18115,-20.00100000000000122,11.34847411199105061,12291
18116,-19.27799999999999869,11.37031587817473799,12292
18117,-18.69500000000000028,11.39440795210760271,12293
18118,-17.30199999999999960,11.41641854776360532,12294
18119,-18.29599999999999937,11.42647829899695289,12295
18120,-16.57700000000000173,11.42812958733193263,12296
18121,-15.31400000000000006,11.44532298010009796,12297
18122,-12.54199999999999982,11.48971285424765831,12298
18123,-14.21100000000000030,11.54210672021077144,12299
18124,-14.85899999999999999,11.58011893326163211,12300
18125,-16.54400000000000048,11.68959691212829810,12301
18126,-29.90599999999999881,11.74856442375961052,12302
18127,-45.16100000000000136,11.80613315612988501,12303
18128,-47.32399999999999807,11.84488286939105350,18640
18129,-50.45000000000000284,11.56150942560891437,18640
18130,-47.76700000000000301,11.37784608529256403,18640
18131,-48.06499999999999773,11.43400159822901152,18641
18132,-49.52799999999999869,11.73345309455350183,18642
18133,-47.29200000000000159,12.14046789933734516,18643
18134,-47.17300000000000182,12.16025718463015615,18264
18135,-43.23100000000000165,12.25757969646471857,18265
18136,-42.50900000000000034,12.38216480233459471,18266
18137,-31.41600000000000037,12.53141471691460573,11934
18138,-23.55000000000000071,12.48823197081761904,11935
18139,-23.91199999999999903,12.49431420941990822,11936
18140,-27.58899999999999864,12.56447003085195746,11937
18141,-21.64999999999999858,12.55557960598881273,11938
18142,-18.50600000000000023,12.58833957138669568,11939
18143,-19.96199999999999974,12.61186249823160210,11940
18144,-19.05499999999999972,12.59250718562783433,18274
18145,-17.21900000000000119,12.57154099443661899,18275
18146,-19.13500000000000156,12.52579857188264967,18276
18147,-20.69300000000000139,12.50267713329303376,18277
18148,-29.28900000000000148,12.48460406838213643,18278
18149,-31.52599999999999980,12.36814053034281358,18279
18150,-25.57900000000000063,12.22381798920238261,18280
18151,-20.26999999999999957,12.14241306437808809,18281
18152,-20.06500000000000128,12.12860374042152500,18282
18153,-18.11100000000000065,12.12265542925684869,18283
18154,-15.70400000000000063,12.08998730125724386,18284
18155,-15.19500000000000028,12.02163360577370455,18285
18156,-17.60600000000000165,11.93258409332457148,18286
18157,-20.05499999999999972,11.86574459593491149,18287
18158,-16.44999999999999929,12.11667193055956382,18288
18159,-19.70100000000000051,12.23872698441702589,18289
18160,-18.77400000000000091,12.44143289941846575,18290
18161,-21.58299999999999841,12.38564060995854632,18291
18162,-22.02499999999999858,12.37555149631367613,18292
18163,-30.54799999999999827,12.35559078565665381,18293
18164,-29.51200000000000045,12.41543672247406604,18294
18165,-28.57000000000000028,12.42962668882157651,18295
18166,-8.86839999999999939,12.43847868952814117,11963
18167,-9.93440000000000012,12.44692585417535646,18297
18168,-12.72700000000000031,12.15037385256193581,18675
18169,-13.61599999999999966,12.20275301632854159,18676
18170,-14.00200000000000067,12.24489455512502900,18677
18171,-11.56900000000000084,12.26250399318975148,18678
18172,-20.09499999999999886,12.29648168579594092,18679
18173,-18.53500000000000014,12.29615215276752060,18680
18174,-8.25789999999999935,12.31692620433767615,18681
18175,-13.93200000000000038,12.38395321251439363,18302
18176,-13.71100000000000030,12.38598555918607680,18303
18177,-15.28599999999999959,12.41865073194330193,18304
18178,-19.03900000000000148,12.43775924634941887,18305
18179,-20.62600000000000122,12.44675395829704989,18306
18180,-17.61100000000000065,12.44231216157235131,18307
18181,-18.48499999999999943,12.44040903438067502,18308
18182,-16.19300000000000139,12.47233576748712736,18309
18183,-15.58200000000000074,12.46009943681906584,18310
18184,-11.51699999999999946,12.40786070974705879,18311
18185,-14.82000000000000028,12.38393273170524544,18312
18186,-15.16799999999999926,12.39983025527321558,18313
18187,-13.14100000000000001,12.42579377705029842,18314
18188,-12.78299999999999947,12.44767972941042267,18315
18189,-16.18499999999999872,12.47651845891219402,18316
18190,-14.96000000000000085,12.49399790058372339,18317
18191,-14.27800000000000047,12.51994236799141547,18318
18192,-15.53200000000000003,12.67931949804802017,18318
18193,-13.36500000000000021,12.81080707488643355,18700
18194,-13.18599999999999994,12.79578329839329953,18701
18195,-12.10699999999999932,12.95334148458153578,18702
18196,-13.97700000000000031,12.99476172431113241,18703
18197,-16.57700000000000173,13.03236999895005255,18704
18198,-22.37699999999999889,13.03857343023233284,18705
18199,-18.75600000000000023,12.98726046593171901,18706
18200,-13.47100000000000009,12.98823182290233724,18707
18201,-15.59099999999999930,12.92779970190557748,18708
18202,-15.07499999999999929,12.85939315142717021,18709
18203,-16.22700000000000031,12.75990933189375198,18710
18204,-26.55799999999999983,12.65909787084445526,18711
18205,-20.07199999999999918,12.63368039058218351,18712
18206,-22.27799999999999869,12.60073038194889250,18713
18207,-24.67000000000000171,12.56424642364704525,18714
18208,-31.25900000000000034,12.56883768209783270,18715
18209,-29.21699999999999875,12.80406127637150782,18716
18210,-27.03699999999999903,12.88604240484976238,18717
18211,-26.49399999999999977,12.82390453873923164,18718
18212,-24.27499999999999858,12.72657232237202862,18719
18213,-25.32600000000000051,12.66715344235491791,18720
18214,-23.66799999999999926,12.62965881258523559,18721
18215,-23.14699999999999847,12.59430623625893197,18722
18216,-20.80099999999999838,12.52654369739099671,18723
18217,-24.48100000000000165,12.46095125474494303,18724
18218,-26.80099999999999838,12.41611869949348979,18725
18219,-27.71600000000000108,12.37260942090716753,18726
18220,-27.67599999999999838,12.36837987241651149,18727
18221,-27.52400000000000091,12.36140615420073274,18728
18222,-29.84700000000000131,12.39807674899853041,18729
18223,-31.08099999999999952,12.42093609853956693,18730
18224,-31.79599999999999937,12.46938578913307261,18731
18225,-32.66700000000000159,12.60578126790421649,18732
18226,-31.77100000000000080,12.63213077196823519,18733
18227,-33.18399999999999750,12.76243406884578491,18734
18228,-36.31600000000000250,12.76856032884205483,12388
18229,-28.72700000000000031,12.65664885977375498,12389
18230,-22.83800000000000097,12.63759202307802809,12390
18231,-22.28399999999999892,12.62409988201857658,12391
18232,-24.05300000000000082,12.62231926047317820,12392
18233,-25.85000000000000142,12.59894346273842558,12393
18234,-30.79799999999999827,12.56376153300516485,12394
18235,-31.77100000000000080,12.49435597064411141,12395
18236,-32.27000000000000313,12.42823753392667641,12395
18237,-36.10600000000000165,12.50770917455334619,12395
18238,-35.27600000000000335,12.32748404291333522,19561
18239,-33.56799999999999784,12.49271592807680165,19562
18240,-31.97299999999999898,12.64378550291154291,19563
18241,-32.95900000000000318,12.77746557055069054,19564
18242,-34.23799999999999955,12.90008490469785229,19565
18243,-33.66799999999999926,13.04988071438879160,19566
18244,-34.65699999999999648,13.08908887282084521,6404
18245,-35.47099999999999653,13.04748125005905557,6405
18246,-35.74499999999999744,12.90110590926680700,7533
18247,-36.94700000000000273,12.65892960202215889,7534
18248,-34.29299999999999926,12.34094982589913769,7535
18249,-25.97899999999999920,12.13969592799754516,7536
18250,-17.96799999999999997,12.06443861916208604,7537
18251,-19.37699999999999889,12.05041953447635095,7538
18252,-21.39699999999999847,12.03921372807302781,7539
18253,-20.45299999999999940,12.04161353354164454,7540
18254,-20.17299999999999827,12.02818615799374946,7541
18255,-18.83399999999999963,12.03036156326998807,7542
18256,-19.75499999999999901,12.00359415606111568,7543
18257,-18.87199999999999989,12.00035311090145385,7544
18258,-20.20899999999999963,12.04863719992265203,7545
18259,-17.41700000000000159,12.12481408171437280,7546
18260,-17.06500000000000128,12.12154261302846159,7547
18261,-19.67200000000000060,12.11681942530374734,7548
18262,-22.64099999999999824,12.13875878355595184,7549
18263,-24.72299999999999898,12.17071685291917049,7550
18264,-29.72400000000000020,12.16025718463015615,18134
18265,-30.16400000000000148,12.25757969646471857,18135
18266,-30.66700000000000159,12.38216480233459471,18136
18267,-31.03399999999999892,12.49380540791503336,12761
18268,-27.22299999999999898,12.72458346042433064,12762
18269,-25.44699999999999918,12.86350723223768888,18139
18270,-26.26800000000000068,12.79563552792452086,18140
18271,-24.25600000000000023,12.75116740293124984,18141
18272,-22.78699999999999903,12.68267057890639116,18142
18273,-20.60399999999999920,12.62068624016975349,18143
18274,-20.07900000000000063,12.59250718562783433,18144
18275,-20.88599999999999923,12.57154099443661899,18145
18276,-19.43499999999999872,12.52579857188264967,18146
18277,-18.19999999999999929,12.50267713329303376,18147
18278,-15.60200000000000031,12.48460406838213643,18148
18279,-16.19500000000000028,12.36814053034281358,18149
18280,-15.32399999999999984,12.22381798920238261,18150
18281,-17.80000000000000071,12.14241306437808809,18151
18282,-19.02700000000000102,12.12860374042152500,18152
18283,-18.49599999999999866,12.12265542925684869,18153
18284,-17.98300000000000054,12.08998730125724386,18154
18285,-19.70799999999999841,12.02163360577370455,18155
18286,-18.96699999999999875,11.93258409332457148,18156
18287,-26.15700000000000003,11.86574459593491149,18157
18288,-22.39699999999999847,12.11667193055956382,18158
18289,-23.02599999999999980,12.23872698441702589,18159
18290,-26.05600000000000094,12.25478647898794904,114
18291,-25.89399999999999835,12.27879808363941905,115
18292,-24.83599999999999852,12.30204944170873738,116
18293,-30.16000000000000014,12.30021736760268070,117
18294,-40.89399999999999835,12.36056396554061898,118
18295,-37.19400000000000261,12.42962668882157651,18165
18296,-15.12199999999999989,12.23879400808741735,18169
18297,-13.05700000000000038,12.25144614220658212,18170
18298,-17.21099999999999852,12.27299042369878990,122
18299,-20.20799999999999841,12.20973111262896360,122
18300,-14.63899999999999935,12.18923470935251885,123
18301,-15.97700000000000031,12.16615151369921044,124
18302,-17.16300000000000026,12.14229762676924196,125
18303,-15.83600000000000030,12.11969547296346583,126
18304,-15.21299999999999919,12.10625949720599337,127
18305,-15.24900000000000055,12.10745599196918754,128
18306,-13.88000000000000078,12.15228385932057087,129
18307,-17.16199999999999903,12.20130410652699027,130
18308,-18.79299999999999926,12.21240550069588160,131
18309,-19.72299999999999898,12.17647156398834518,132
18310,-21.40099999999999980,12.13835536736081622,133
18311,-18.02299999999999969,12.10667638332360951,134
18312,-16.35800000000000054,12.08548199793069955,136
18313,-15.71899999999999942,12.08154304257723943,136
18314,-14.76299999999999990,12.08660336288016701,137
18315,-12.34099999999999930,12.10780654424206837,138
18316,-11.52800000000000047,12.15220591131429018,139
18317,-13.08500000000000085,12.18424761214829743,140
18318,-13.45299999999999940,12.21879224740943748,141
18319,-15.38000000000000078,12.29812159079698830,143
18320,-13.20100000000000051,12.36069615807741506,144
18321,-9.84399999999999942,12.42736559190828416,145
18322,-9.75479999999999947,12.52372233994219108,146
18323,-10.75500000000000078,12.58442916737923412,146
18324,-7.33849999999999980,12.65984625511545403,148
18325,-10.06400000000000006,12.73977828160358783,148
18326,-10.17800000000000082,12.80907606953743461,149
18327,-11.07900000000000063,12.86151152559598998,150
18328,-7.92809999999999970,12.94616706091533231,151
18329,-11.39499999999999957,12.95436012567734885,8260
18330,-17.92899999999999849,12.98232649824049467,8261
18331,-26.49200000000000088,13.01289366112131241,8262
18332,-28.26000000000000156,13.07289033190685856,8263
18333,-23.53000000000000114,13.14400810455992819,8263
18334,-24.02100000000000080,13.23982491261441119,8265
18335,-23.81200000000000117,13.22252660055038298,8266
18336,-20.10900000000000176,13.20532004957861361,8267
18337,-20.43799999999999883,13.26312992346860398,8267
18338,-18.76899999999999835,13.31815982790149810,8268
18339,-33.19899999999999807,13.37761144768803945,8270
18340,-31.11700000000000088,13.30165275305405359,8270
18341,-30.23000000000000043,13.21595992766789429,8272
18342,-27.78399999999999892,13.12062746276912151,8273
18343,-26.59499999999999886,13.03800109336199853,8274
18344,-25.80699999999999861,12.93232514897376362,8275
18345,-26.83599999999999852,12.88695682517031571,8276
18346,-26.34700000000000131,12.86700360323131243,8276
18347,-27.95799999999999841,12.85307684841395570,8277
18348,-29.73600000000000065,12.87715599318912219,8278
18349,-30.15299999999999869,12.90865920670137967,8279
18350,-32.89200000000000301,13.01366236217538841,8280
18351,-26.08500000000000085,13.19313931391814698,8281
18352,-25.85000000000000142,13.22345597876948453,8282
18353,-28.25000000000000000,13.21543977810547155,8283
18354,-31.03500000000000014,13.26745031324893276,8284
18355,-31.36299999999999955,13.32693476087595030,19399
18356,-31.24599999999999866,13.43377857448999002,19399
18357,-38.73499999999999943,13.52755162817765466,19400
18358,-37.37100000000000222,13.47183620963490824,6534
18359,-43.23199999999999932,13.21589266385202954,6535
18360,-23.81400000000000006,12.81729000332318691,6536
18361,-19.21999999999999886,12.89474183402067808,6536
18362,-25.18599999999999994,13.05934529975038139,6535
18363,-21.91300000000000026,13.08089233423181952,6536
18364,-22.58200000000000074,13.29612462030985398,6536
18365,-22.32000000000000028,13.31157779000784380,19409
18366,-24.60099999999999909,13.30763473244404160,19410
18367,-22.65500000000000114,13.30144176516942700,19411
18368,-21.64199999999999946,13.26173947236780748,19412
18369,-24.10300000000000153,13.22834804381112228,19413
18370,-21.69500000000000028,13.18512690799234655,19414
18371,-21.27799999999999869,13.15242997347005094,19415
18372,-22.01200000000000045,13.12690184914540303,19416
18373,-22.24299999999999855,13.10548811933315605,19417
18374,-22.06299999999999883,13.09061120003626222,19418
18375,-24.18599999999999994,13.06031028624026824,19419
18376,-22.16199999999999903,12.98577825147270737,19420
18377,-23.86400000000000077,12.93430640019993660,19421
18378,-21.29599999999999937,12.86191336112846351,19422
18379,-19.66499999999999915,12.86393601190704672,19423
18380,-16.87500000000000000,12.92211971919738112,19424
18381,-14.37400000000000055,12.97370953448668729,19425
18382,-16.53399999999999892,12.95122763856412895,19426
18383,-15.41499999999999915,12.92004443492158039,19427
18384,-15.79899999999999949,12.84081814577900005,19428
18385,-14.09200000000000053,12.74741800822037519,19429
18386,-14.69699999999999918,12.65456556747021644,19430
18387,-14.09200000000000053,12.52418634436652844,19431
18388,-15.83699999999999974,12.39919518259017472,19432
18389,-17.56700000000000017,12.22571677726628181,19433
18390,-25.62999999999999901,12.18329756330798119,19434
18391,-17.47800000000000153,12.24203733715513209,19435
18392,-13.25300000000000011,12.27735932932260710,19436
18393,-15.14100000000000001,12.32298162368757666,19437
18394,-25.11299999999999955,12.32415931952544419,19438
18395,-15.01399999999999935,12.22780821952876096,19439
18396,-17.71199999999999974,12.25519084688530214,19440
18397,-17.44600000000000151,12.37172300569592487,19441
18398,-16.58599999999999852,12.15222431733875830,18648
18399,-19.99200000000000088,11.91723609571131881,18648
18400,-17.74099999999999966,11.80266487407549647,18649
18401,-16.74099999999999966,11.78207771153811834,18650
18402,-13.30300000000000082,11.76277670319670499,18651
18403,-14.26600000000000001,11.82041909097543453,18652
18404,-13.48000000000000043,11.75782754164366395,18653
18405,-12.74399999999999977,11.71353254519502229,18654
18406,-12.94599999999999973,11.75082292841462461,18655
18407,-10.96199999999999974,11.77277696373269400,18656
18408,-12.16200000000000081,11.82496613568113730,18657
18409,-10.29400000000000048,12.03534887520850738,18658
18410,-12.05100000000000016,12.01790281100557678,18660
18411,-8.05819999999999936,11.71280406081986847,18661
18412,-10.94500000000000028,11.42990998747582054,18662
18413,-9.61270000000000024,11.28753885919817002,18662
18414,-12.45500000000000007,11.18159150798829771,18663
18415,-12.23600000000000065,11.15912215548908826,18664
18416,-13.41399999999999970,11.09108674756135038,18665
18417,-13.73700000000000010,11.13374401100337785,18666
18418,-12.64100000000000001,11.14593165875709069,18667
18419,-15.44100000000000072,11.18532916916560893,18668
18420,-14.89000000000000057,11.21758460850940331,18669
18421,-15.19899999999999984,11.24821496855896008,18670
18422,-15.17999999999999972,11.24504309077084230,18671
18423,-18.92899999999999849,11.25155412220443729,18672
18424,-29.90200000000000102,11.23955241214465772,18673
18425,-31.23900000000000077,11.29669616755967709,18674
18426,-17.24800000000000111,11.17262210750665652,18676
18427,-10.33500000000000085,11.16478856687593790,18677
18428,-11.64300000000000068,11.19145698488895846,18678
18429,-13.14700000000000024,11.24332702310405452,18679
18430,-12.16499999999999915,11.23179127948369960,18680
18431,-12.68800000000000061,11.28682580113735590,18681
18432,-12.11500000000000021,11.33071364360502820,18682
18433,-12.73499999999999943,11.40944598772446383,18683
18434,-13.47300000000000075,11.48293690716186966,18684
18435,-13.08999999999999986,11.54676939960139315,18685
18436,-11.93399999999999928,11.57742602752061067,18686
18437,-14.15300000000000047,11.59897783585542541,18687
18438,-13.21799999999999997,11.61115418648376441,18688
18439,-11.97600000000000087,11.64524885083029027,18689
18440,-13.28899999999999970,11.68507230039355171,18690
18441,-13.35100000000000087,11.94798988418645891,18691
18442,-13.38100000000000023,12.44762027527832693,18692
18443,-10.97199999999999953,13.20365361817924033,18693
18444,-16.42099999999999937,13.80600964457396884,18694
18445,-16.42399999999999949,13.65545468765405346,17931
18446,-11.11100000000000065,13.26617234081402152,17932
18447,-9.94880000000000031,12.91734992498181533,17933
18448,-9.71289999999999942,12.68544259486783155,17934
18449,-8.63310000000000066,12.56180722135918693,17935
18450,-8.27350000000000030,12.58538259652541136,17936
18451,-9.58709999999999951,12.59930132187358964,17938
18452,-8.58580000000000076,12.54602964069338533,17939
18453,-7.16539999999999999,12.47877885280811583,17940
18454,-8.63550000000000040,12.44448066221728588,17940
18455,-14.59999999999999964,12.42972165377759985,17942
18456,-17.49099999999999966,12.42220966163940865,17943
18457,-21.68100000000000094,12.45016053227452346,17944
18458,-23.54299999999999926,12.46881504762330195,17945
18459,-19.86199999999999832,12.42112070579814365,17946
18460,-21.22800000000000153,12.41011368730598008,17947
18461,-19.61400000000000077,12.43670429068714789,17948
18462,-19.93799999999999883,12.40053335102340171,17949
18463,-18.19900000000000162,12.43219605894897661,17950
18464,-14.94100000000000072,12.44932335364710063,17951
18465,-15.37299999999999933,12.47404736415071724,17952
18466,-27.06200000000000117,12.49904578809805322,17953
18467,-33.97399999999999665,12.44307999501481987,17954
18468,-30.17299999999999827,12.30497797012150230,17955
18469,-28.43499999999999872,12.23647521712941888,17956
18470,-31.04799999999999827,12.19351916334989383,17957
18471,-29.38299999999999912,12.11741819922603192,17958
18472,-29.07300000000000040,12.05184493262597556,17959
18473,-27.00000000000000000,12.01360289315672603,17960
18474,-28.37900000000000134,12.09230018056339873,17961
18475,-27.51699999999999946,12.08353113252021238,17962
18476,-26.48199999999999932,12.09430748696802205,17963
18477,-24.03099999999999881,12.16854880755830237,17963
18478,-27.41400000000000148,12.24014043863116896,17964
18479,-28.26500000000000057,12.28166733473080718,17965
18480,-26.66499999999999915,12.23833436929883689,17966
18481,-27.49200000000000088,12.17250026631691640,17967
18482,-30.21300000000000097,12.07348963757398863,17968
18483,-31.75000000000000000,11.96423788386890052,17969
18484,-33.10199999999999676,11.86037979650517649,17970
18485,-35.86200000000000188,11.72992512310997526,17971
18486,-33.34000000000000341,11.64092464191423915,17972
18487,-14.01600000000000001,11.54414456108632692,17973
18488,-17.20499999999999829,11.56083278725147245,17974
18489,-18.55699999999999861,11.52765965680724847,17975
18490,-21.28999999999999915,11.51254629454771461,17976
18491,-21.39799999999999969,11.48024550153731127,17977
18492,-23.92200000000000060,11.45941069626077713,17978
18493,-24.80099999999999838,11.44798243021385709,17979
18494,-26.51999999999999957,11.43656765005449749,17980
18495,-26.38800000000000168,11.37245623918200010,17981
18496,-24.85699999999999932,11.29972347952756984,17982
18497,-25.82400000000000162,11.23791562887845608,17983
18498,-26.48499999999999943,11.15045627153831376,17985
18499,-25.17399999999999949,11.04010377796473463,17985
18500,-27.46799999999999997,10.97113276581571029,17986
18501,-27.13700000000000045,10.85345902751373082,17987
18502,-26.95499999999999829,10.75397361632153626,17988
18503,-26.47500000000000142,10.65426498517702036,17989
18504,-25.19099999999999895,10.60562971611935978,17990
18505,-15.78100000000000058,10.56613448581070003,17991
18506,-16.95299999999999940,10.54812807883867798,17992
18507,-16.70899999999999963,10.54524912229721778,17993
18508,-19.97299999999999898,10.57194512141168374,17994
18509,-18.51300000000000168,10.57695368615149256,17995
18510,-15.90399999999999991,10.62030881432576912,17996
18511,-18.17299999999999827,10.65967285677881371,17997
18512,-17.69999999999999929,10.68015574716781479,17998
18513,-18.39499999999999957,10.68334926565046672,17999
18514,-17.18799999999999883,10.66754335046753077,18000
18515,-15.94999999999999929,10.63119693115672959,18002
18516,-15.44500000000000028,10.58582379925944572,18003
18517,-22.31899999999999906,10.58898196557956339,18004
18518,-29.90099999999999980,10.57238828779061279,18005
18519,-29.75000000000000000,10.62066036520235990,18006
18520,-29.91000000000000014,10.64405876624265979,18007
18521,-28.86499999999999844,10.67305145787358356,18008
18522,-23.30999999999999872,10.69793335291597636,18009
18523,-27.02400000000000091,10.68122241726614696,18010
18524,-25.35900000000000176,10.69927763018487532,18011
18525,-23.78099999999999881,10.70231150621425975,18012
18526,-19.60800000000000054,10.70152175384344062,18013
18527,-26.44099999999999895,10.66089101488291213,18014
18528,-33.01500000000000057,10.67558737231446564,18015
18529,-37.35699999999999932,10.68258323094547357,18016
18530,-37.17300000000000182,10.62692931434938970,18017
18531,-36.57099999999999795,10.49544774918748224,18019
18532,-37.00399999999999778,10.27015965024736488,18020
18533,-32.17300000000000182,10.15573852173122837,18020
18534,-23.81800000000000139,10.11612843890357283,18021
18535,-19.02100000000000080,10.16133588174787583,18022
18536,-15.33399999999999963,10.08928320139609092,18023
18537,-17.03600000000000136,9.84335750319053915,18024
18538,-15.99900000000000055,9.80841965855297993,18025
18539,-17.76300000000000168,9.79567398029777259,18026
18540,-18.44999999999999929,9.83254334471670610,18027
18541,-19.29799999999999827,9.87402306862378154,18028
18542,-20.78099999999999881,9.89740193229356180,18029
18543,-20.74399999999999977,9.87078617833530458,18030
18544,-22.74200000000000088,9.86257599400338592,18031
18545,-21.09900000000000020,9.86268004059219550,18032
18546,-23.31400000000000006,9.87123920046584225,18033
18547,-22.06800000000000139,9.84866584596520234,18034
18548,-20.26899999999999835,9.84747325159841758,18035
18549,-20.06700000000000017,9.81142368912354357,18036
18550,-18.74599999999999866,9.78617727648750702,18037
18551,-20.56400000000000006,9.75993000465985006,18038
18552,-27.10099999999999909,9.68303376428033324,18039
18553,-18.72599999999999909,9.66820818582704256,18040
18554,-20.51399999999999935,9.58788123209152587,18041
18555,-26.16300000000000026,9.61723403380296560,18042
18556,-17.82999999999999829,9.75568201197069484,18043
18557,-10.11999999999999922,9.95117586786226305,18044
18558,-15.16399999999999970,10.10408552059850606,18045
18559,-13.23700000000000010,10.20902886805061272,18046
18560,-9.99959999999999916,10.40050057737249389,18047
18561,-11.52800000000000047,10.57936426073567837,18048
18562,-11.48900000000000077,10.71176608410479858,18049
18563,-11.72100000000000009,10.73725411922923989,18050
18564,-8.68079999999999963,10.79577708223896870,18051
18565,-12.13000000000000078,10.82502253325744945,18052
18566,-13.47899999999999920,10.85763866715900505,18053
18567,-11.96899999999999942,10.87927493302296611,18054
18568,-14.04499999999999993,10.91351053427324302,18055
18569,-13.61899999999999977,10.93603001029382504,18056
18570,-13.43699999999999939,10.97866308176044470,18057
18571,-10.23099999999999987,11.03835498941746707,18058
18572,-11.93699999999999939,11.10761929520479541,18059
18573,-10.14899999999999913,11.17800300550202230,18059
18574,-9.22729999999999961,11.30173379543107792,18060
18575,-10.51999999999999957,11.46823744156562519,18062
18576,-9.07399999999999984,11.53036276825515927,18063
18577,-7.52240000000000020,11.60757655283325640,18064
18578,-7.83650000000000002,11.69449228266384999,18065
18579,-9.13289999999999935,11.76050103011947456,18066
18580,-9.96819999999999951,11.85128479541766744,18067
18581,-10.84699999999999953,11.93333949033887009,18068
18582,-9.68069999999999986,12.01027128198547800,18069
18583,-9.20969999999999978,12.09143939687949221,18070
18584,-9.59379999999999988,12.18422871937296925,18071
18585,-10.88499999999999979,12.26614543679378855,18072
18586,-15.05499999999999972,12.33508102943150675,18073
18587,-15.09800000000000075,12.36599749201416287,18074
18588,-15.80100000000000016,12.40077371540840723,18075
18589,-15.20599999999999952,12.42496832947653118,18076
18590,-13.95299999999999940,12.44571680418134996,18077
18591,-15.45899999999999963,12.44563976204683442,18078
18592,-16.32999999999999829,12.44251644713620131,18081
18593,-22.72599999999999909,12.30960910014418630,18081
18594,-28.71499999999999986,12.29546003824592759,18082
18595,-30.63400000000000034,12.31454548281270789,18083
18596,-27.42399999999999949,12.29816199554104550,18084
18597,-27.73799999999999955,12.29169580483499935,18085
18598,-26.57199999999999918,12.26852306347064392,18086
18599,-21.19399999999999906,12.25744739071479827,18087
18600,-19.74099999999999966,12.32764719501047423,18088
18601,-17.64699999999999847,12.35086455579817155,18089
18602,-13.76900000000000013,12.37564367454559999,18090
18603,-27.05499999999999972,12.39006189127963964,18091
18604,-26.90700000000000003,12.46129824862244639,18092
18605,-16.37500000000000000,12.51979773233887450,18093
18606,-20.87699999999999889,12.58389840993910447,18094
18607,-17.37999999999999901,12.70482700359487893,18094
18608,-12.11899999999999977,12.94035040976916484,18094
18609,-11.94400000000000084,12.97659088168775021,18097
18610,-14.22799999999999976,12.94484698148104940,12274
18611,-15.62800000000000011,12.91290812792802178,12275
18612,-17.09799999999999898,12.90634393845337513,12276
18613,-16.06700000000000017,12.90763020179895193,12277
18614,-14.97300000000000075,12.91683984025504550,12278
18615,-27.87000000000000099,12.93245012177636255,12279
18616,-25.83999999999999986,12.84284125357581985,12280
18617,-18.49500000000000099,12.77208838471536545,12281
18618,-16.06700000000000017,12.76970580666954547,12282
18619,-20.62600000000000122,12.78432784152883173,12283
18620,-22.96699999999999875,12.75858122517125892,12284
18621,-23.11400000000000077,12.69179033477650087,12285
18622,-22.73799999999999955,12.61329847218346778,12286
18623,-22.61299999999999955,12.55940228151904137,12287
18624,-21.39199999999999946,12.51733720151528573,12288
18625,-22.96199999999999974,12.49181349085765902,12289
18626,-20.85699999999999932,12.45184875750441122,12290
18627,-22.40099999999999980,12.44966843692230896,12291
18628,-21.87300000000000111,12.43028153913921763,12292
18629,-21.58099999999999952,12.42060158147443438,12293
18630,-21.94399999999999906,12.43175303870408044,12294
18631,-20.12000000000000099,12.43157762780353259,12295
18632,-21.21399999999999864,12.43755717972769403,12296
18633,-19.56400000000000006,12.42051643814456341,18121
18634,-20.56899999999999906,12.37060012286802113,18122
18635,-18.39499999999999957,12.29217818143059304,18123
18636,-14.67099999999999937,12.23958008111977414,18124
18637,-14.35399999999999920,12.20770351916755025,18125
18638,-17.36599999999999966,12.15283017103423191,18127
18639,-16.83399999999999963,11.79791097947469680,18129
18640,-32.57200000000000273,11.37784608529256403,18130
18641,-41.74000000000000199,11.43400159822901152,18131
18642,-47.36699999999999733,11.73345309455350183,18132
18643,-51.31400000000000006,12.14046789933734516,18133
18644,-50.29200000000000159,12.55287249599517452,18134
18645,-48.19400000000000261,12.87660863067406147,12532
18646,-47.04399999999999693,12.71679131487072567,12534
18647,-40.99300000000000210,12.30218138478661416,18398
18648,-33.53600000000000136,11.91723609571131881,18399
18649,-25.01999999999999957,11.80266487407549647,18400
18650,-24.32799999999999940,11.78207771153811834,18401
18651,-21.47599999999999909,11.76277670319670499,18402
18652,-20.79500000000000171,11.82041909097543453,18403
18653,-19.56400000000000006,11.75782754164366395,18404
18654,-19.10000000000000142,11.71353254519502229,18405
18655,-15.35299999999999976,11.75082292841462461,18406
18656,-14.08699999999999974,11.77277696373269400,18407
18657,-12.22400000000000020,11.82496613568113730,18408
18658,-14.72100000000000009,12.03534887520850738,18409
18659,-25.08599999999999852,12.06657782170735871,18410
18660,-32.00699999999999790,11.94035777315671965,18411
18661,-27.53300000000000125,11.50205953466370268,18412
18662,-22.13599999999999923,11.28753885919817002,18413
18663,-21.08699999999999974,11.18159150798829771,18414
18664,-20.12300000000000111,11.15912215548908826,18415
18665,-18.40899999999999892,11.09108674756135038,18416
18666,-16.05300000000000082,11.13374401100337785,18417
18667,-16.48400000000000176,11.14593165875709069,18418
18668,-16.89300000000000068,11.18532916916560893,18419
18669,-17.83299999999999841,11.21758460850940331,18420
18670,-17.44999999999999929,11.24821496855896008,18421
18671,-16.45200000000000173,11.24504309077084230,18422
18672,-14.90700000000000003,11.25155412220443729,18423
18673,-36.47800000000000153,11.23955241214465772,18424
18674,-31.64499999999999957,11.29669616755967709,18425
18675,-11.77599999999999980,11.40446001152044708,18426
18676,-13.40799999999999947,11.17262210750665652,18426
18677,-16.00400000000000134,11.16478856687593790,18427
18678,-14.59500000000000064,11.19145698488895846,18428
18679,-22.03500000000000014,11.24332702310405452,18429
18680,-15.52999999999999936,11.23179127948369960,18430
18681,-9.26609999999999978,11.28682580113735590,18431
18682,-11.17699999999999960,11.33071364360502820,18432
18683,-11.76099999999999923,11.40944598772446383,18433
18684,-11.02899999999999991,11.48293690716186966,18434
18685,-14.33600000000000030,11.54676939960139315,18435
18686,-13.47400000000000020,11.57742602752061067,18436
18687,-13.68099999999999916,11.59897783585542541,18437
18688,-11.59900000000000020,11.61115418648376441,18438
18689,-11.26699999999999946,11.64524885083029027,18439
18690,-12.74099999999999966,11.68507230039355171,18440
18691,-13.43800000000000061,11.94798988418645891,18441
18692,-13.88700000000000045,12.44762027527832693,18442
18693,-12.56300000000000061,12.69728244448288734,18186
18694,-16.46499999999999986,12.71878680431299813,18187
18695,-16.58099999999999952,12.70194563654331077,18188
18696,-12.34299999999999997,12.68314917573835032,18189
18697,-13.46899999999999942,12.69793665589407183,18190
18698,-13.62100000000000044,12.84637714909466588,18191
18699,-17.04200000000000159,12.86856136166048969,18192
18700,-14.87700000000000067,12.81080707488643355,18193
18701,-9.01309999999999967,12.79578329839329953,18194
18702,-12.29100000000000037,12.90166321864789722,12371
18703,-11.67300000000000004,12.95216051786359479,12372
18704,-16.19200000000000017,13.00516644962387325,12373
18705,-12.90099999999999980,12.96035622349856631,3845
18706,-17.92899999999999849,12.81978172585788300,12618
18707,-20.10999999999999943,12.66100881093610653,12619
18708,-21.22899999999999920,12.55806181236148689,12620
18709,-22.19699999999999918,12.46655612784409506,12621
18710,-22.25100000000000122,12.39848076620760686,12622
18711,-25.18499999999999872,12.33093812214108098,12623
18712,-19.43400000000000105,12.34423598945607914,12624
18713,-16.77199999999999847,12.29974489451293351,12625
18714,-21.39499999999999957,12.29896375428277366,12626
18715,-26.18400000000000105,12.24070267445583404,12627
18716,-31.12999999999999901,12.34225596952839332,12628
18717,-28.56800000000000139,12.44701602625315218,12628
18718,-27.28300000000000125,12.51893302249461470,12386
18719,-24.68299999999999983,12.28996477727798187,13654
18720,-25.39099999999999824,12.09157991574495483,13655
18721,-25.16199999999999903,11.85536879231467822,13656
18722,-25.28900000000000148,11.65941541182809438,13657
18723,-23.60800000000000054,11.65623967699527874,13658
18724,-24.70599999999999952,11.83564577236011672,13659
18725,-22.91600000000000037,12.04735162590871944,13660
18726,-25.46600000000000108,12.15612741091809390,12394
18727,-24.18299999999999983,12.13492832286724088,12395
18728,-25.00400000000000134,12.20164876354585104,12396
18729,-27.37000000000000099,12.21158407980414573,12397
18730,-26.79700000000000060,12.27398802358198893,12398
18731,-29.00900000000000034,12.29773843522011667,12399
18732,-29.94900000000000162,12.39631165191978113,12400
18733,-28.94600000000000151,12.54317327169237295,12401
18734,-39.43699999999999761,12.60794760090152344,12402
18735,-42.55199999999999960,12.89442982667568494,18228
18736,-28.43499999999999872,12.69669850333479388,19751
18737,-16.02799999999999869,12.52960036653719555,19752
18738,-16.26800000000000068,12.53851437530696167,19753
18739,-16.44099999999999895,12.54191097876546657,19754
18740,-20.75499999999999901,12.54192191683179125,19755
18741,-24.70499999999999829,12.52193080952954851,19756
18742,-26.28999999999999915,12.50418913321687775,19757
18743,-28.48600000000000065,12.55038712067940487,19758
18744,-29.97700000000000031,12.54032744390189436,19759
18745,-29.19999999999999929,12.52009544883088665,19760
18746,-25.80199999999999960,12.36882014000278218,19761
18747,-24.54799999999999827,12.35012520333256170,19762
18748,-25.25900000000000034,12.35615037225843516,19763
18749,-27.80199999999999960,12.33057686234211303,19764
18750,-28.42800000000000082,12.26897699878311698,19765
18751,-31.05199999999999960,12.22977846648215561,19766
18752,-29.17200000000000060,12.19046524250278019,19767
18753,-29.84400000000000119,12.11936402027657067,5082
18754,-22.74899999999999878,11.66185125878532780,5083
18755,-13.92500000000000071,11.46632847157883361,5084
18756,-13.71199999999999974,11.51978898015370234,5085
18757,-16.03999999999999915,11.55123736744052287,5086
18758,-18.25199999999999889,11.53952621988483251,5087
18759,-15.41099999999999959,11.62175576843400293,5088
18760,-16.75000000000000000,11.62078673247778227,5089
18761,-17.21600000000000108,11.70063453647050444,5090
18762,-28.09900000000000020,11.69521433198715243,5091
18763,-25.02199999999999847,11.89446162736296131,5092
18764,-18.76899999999999835,11.97862689289491023,19779
18765,-19.54400000000000048,11.85120376673308229,19780
18766,-18.87999999999999901,11.75790384008996803,19780
18767,-18.05900000000000105,11.75413571470912721,19781
18768,-21.58399999999999963,11.58014401727215237,17756
18769,-24.92599999999999838,11.49598176912007830,17757
18770,-26.30799999999999983,11.49950980725873073,17758
18771,-24.55999999999999872,11.44377833980575510,17759
18772,-25.65700000000000003,11.42938068704012622,17760
18773,-27.82799999999999940,11.54553216584716324,17761
18774,-32.06499999999999773,11.68890079428421380,17762
18775,-24.51300000000000168,11.59503096279750700,17763
18776,-21.05699999999999861,11.69086688106883543,17764
18777,-24.37300000000000111,11.72176664577718519,17765
18778,-25.97599999999999909,11.77647049428019521,17766
18779,-22.55000000000000071,11.87722787023366600,17767
18780,-22.78099999999999881,11.95738132450179947,17768
18781,-20.31899999999999906,12.02640204598003493,17769
18782,-20.62000000000000099,12.07559075179271346,17770
18783,-20.24399999999999977,12.08588590301095600,12451
18784,-19.92699999999999960,12.13177504248171701,12452
18785,-20.46600000000000108,12.20462057288770907,17773
18786,-21.22500000000000142,12.28137101491504701,17774
18787,-22.03900000000000148,12.29378255718812873,17775
18788,-21.36400000000000077,12.31356400206934509,17776
18789,-21.61700000000000088,12.32322843477333940,17777
18790,-19.76800000000000068,12.33255743552031269,17778
18791,-21.91400000000000148,12.34331543313445856,17779
18792,-21.80900000000000105,12.36122126533819632,17780
18793,-20.91300000000000026,12.38525779512071345,17781
18794,-22.66900000000000048,12.42625817438980462,17782
18795,-18.99200000000000088,12.46496763375035854,17783
18796,-13.80400000000000027,12.47274356209466717,17784
18797,-13.54100000000000037,12.37811947748494923,17785
18798,-14.10999999999999943,12.26762556603506304,17786
18799,-13.14700000000000024,12.25773181755586982,17787
18800,-12.12199999999999989,12.28375451498865090,17788
18801,-11.11500000000000021,12.31620472695935575,17789
18802,-12.75300000000000011,12.35984491499165827,17790
18803,-12.91200000000000081,12.41943629657364845,17791
18804,-11.56799999999999962,12.56028634876259176,17792
18805,-17.30799999999999983,12.39725837299343070,17793
18806,-15.63499999999999979,12.36804273160473855,17794
18807,-15.78899999999999970,12.37990598330763348,17795
18808,-18.31599999999999895,12.40508634986119496,17796
18809,-18.00799999999999912,12.39122883942455999,17797
18810,-14.37800000000000011,12.42856082579323385,17798
18811,-16.94999999999999929,12.45596259464530142,17799
18812,-16.84600000000000009,12.74522435923834074,17799
18813,-16.86799999999999855,12.76142223015407140,17800
18814,-17.90599999999999881,12.82547703228158120,17801
18815,-15.07499999999999929,12.93654532703035720,17802
18816,-17.32100000000000151,12.92125694453958040,17803
18817,-16.21900000000000119,12.74580045351972579,17804
18818,-19.32799999999999940,12.66879949440616926,17805
18819,-16.85900000000000176,12.88075266204906733,17806
18820,-15.91300000000000026,13.03905275423660726,19834
18821,-17.99399999999999977,13.07327216710264928,19835
18822,-16.76699999999999946,13.08348975936755387,17809
18823,-16.79100000000000037,12.83776206490675875,17810
18824,-15.65199999999999925,12.53623574333467516,17811
18825,-14.89899999999999913,12.29399239000945165,17812
18826,-13.93099999999999916,12.09446378764392094,17813
18827,-15.37899999999999956,11.94366330380710117,17814
18828,-13.45599999999999952,11.80022050833907343,17815
18829,-11.79299999999999926,11.72236954805632259,17816
18830,-12.72000000000000064,11.61038278022893877,4145
18831,-13.18900000000000006,11.25987484352454437,4146
18832,-14.53700000000000081,10.88249310105702428,4147
18833,-12.74099999999999966,10.62789417365522660,4148
18834,-12.10999999999999943,10.37458909352120706,4149
18835,-11.21400000000000041,10.17574410486860437,4150
18836,-11.60200000000000031,10.11370186659404347,4151
18837,-12.06300000000000061,9.85955741859897827,4152
18838,-13.04299999999999926,9.68119856250075550,4153
18839,-19.85000000000000142,9.62777055177591912,4154
18840,-18.02499999999999858,9.63029215802459326,4155
18841,-15.25500000000000078,9.60110168819480947,4156
18842,-18.14300000000000068,9.67314609958575922,4157
18843,-19.77299999999999969,9.68840471272882908,4158
18844,-21.04599999999999937,9.74691690358485197,4159
18845,-17.35699999999999932,9.77561573593273536,4160
18846,-19.28800000000000026,9.70000190173672117,4161
18847,-21.07600000000000051,9.76328952223972379,4162
18848,-24.69999999999999929,9.75163092798443287,4163
18849,-25.02199999999999847,9.76743914997739537,4164
18850,-23.19600000000000151,9.80614372339887375,4165
18851,-25.48300000000000054,9.69100849009528709,4166
18852,-27.49699999999999989,9.74486949936729729,4167
18853,-25.57300000000000040,9.92134711391795676,4168
18854,-24.97400000000000020,9.92359350997953094,4169
18855,-25.24699999999999989,9.95152036270244267,4170
18856,-23.49699999999999989,10.04826779840058393,4171
18857,-28.10600000000000165,10.15104335287431780,9487
18858,-18.19000000000000128,10.01312128881504115,9487
18859,-14.63799999999999990,9.97359646428849445,9488
18860,-16.54899999999999949,9.89508478203212860,9489
18861,-17.53800000000000026,9.87045323470041147,9490
18862,-17.93599999999999994,9.84869606559351851,9492
18863,-21.12300000000000111,9.76473398307042473,9492
18864,-25.98400000000000176,9.66846346472179619,9493
18865,-18.08399999999999963,9.69977042945552093,9494
18866,-19.48000000000000043,9.67068706814658618,9495
18867,-22.39900000000000091,9.67380288570593549,9496
18868,-26.84900000000000020,9.69540865300612609,9497
18869,-30.67800000000000082,9.68998595582070799,9498
18870,-24.31400000000000006,9.61903147221587496,9499
18871,-26.08200000000000074,9.58133953964382101,9500
18872,-27.17200000000000060,9.51022427500621248,9501
18873,-23.67000000000000171,9.31877802090483343,9503
18874,-18.26099999999999923,9.24432492711139453,9504
18875,-19.24200000000000088,9.25256474958502473,9505
18876,-19.50000000000000000,9.26128946839810396,9506
18877,-18.71399999999999864,9.21235930626557220,9507
18878,-17.05300000000000082,9.18738020280015455,9508
18879,-14.98499999999999943,9.16817329250734225,9509
18880,-16.00300000000000011,9.21082896041236587,9510
18881,-16.29700000000000060,9.28646159152324024,9511
18882,-14.97400000000000020,9.40220401821001595,9512
18883,-13.04700000000000060,9.53508734988762008,9513
18884,-14.37400000000000055,9.73474438258980257,9514
18885,-15.79100000000000037,9.94331389208384842,9514
18886,-15.90199999999999925,10.14522331304677394,9515
18887,-16.85000000000000142,10.16919300503607460,9516
18888,-14.23499999999999943,10.16312187938617839,9517
18889,-15.05300000000000082,10.19078480493242544,9518
18890,-15.40199999999999925,10.21451462056261761,9519
18891,-15.20599999999999952,10.19268117484475233,9521
18892,-12.71100000000000030,10.16697327054768607,9522
18893,-16.20799999999999841,10.19409733451660927,9523
18894,-14.86500000000000021,10.17478062804985406,9523
18895,-13.80400000000000027,10.17545997482787890,9524
18896,-11.56499999999999950,10.41881352643087055,9525
18897,-11.20500000000000007,10.85876052784305124,9526
18898,-10.86100000000000065,11.24767264261705080,6519
18899,-10.07000000000000028,11.10851428508158811,6520
18900,-9.84500000000000064,11.06562346337207714,6521
18901,-11.82600000000000051,11.09186349527052506,6522
18902,-15.81199999999999939,11.10998806407376449,6523
18903,-14.97199999999999953,11.12681132474199508,6524
18904,-16.98499999999999943,11.12761904325331486,6525
18905,-15.42800000000000082,11.13245042998828005,6526
18906,-14.45599999999999952,11.15309280955443860,6527
18907,-14.61100000000000065,11.16659300486482032,6528
18908,-14.23199999999999932,11.19282834183506736,6529
18909,-14.59500000000000064,11.21781221603327161,6530
18910,-12.65300000000000047,11.25958755777918618,6531
18911,-14.25000000000000000,11.29940423155827922,6532
18912,-14.78100000000000058,11.35872682940663481,6533
18913,-14.67399999999999949,11.40743425271786293,6534
18914,-16.75600000000000023,11.41819869706676727,6535
18915,-25.97200000000000131,11.41670250364006556,6536
18916,-19.04400000000000048,11.23917290281426595,6537
18917,-9.83500000000000085,11.04924180536764666,6538
18918,-9.35030000000000072,10.82871232883491430,6539
18919,-12.24900000000000055,10.77904324059307761,6540
18920,-13.58099999999999952,11.08151842991604497,6541
18921,-14.67300000000000004,11.20317503924145086,6543
18922,-11.58200000000000074,11.22527433937792729,6544
18923,-12.25799999999999912,11.23423839592660833,6544
18924,-10.53599999999999959,11.26417327386580958,6545
18925,-9.71860000000000035,11.28182875047099287,6546
18926,-10.53400000000000070,11.30662501044375290,6547
18927,-13.00099999999999945,11.34084358045559071,6548
18928,-18.61299999999999955,11.38293393188425107,6549
18929,-13.90300000000000047,11.37628537535244355,6550
18930,-14.70500000000000007,11.42200215912667005,6551
18931,-16.64199999999999946,11.48646259932678149,6552
18932,-27.22599999999999909,11.61031569630055316,6553
18933,-23.33999999999999986,11.60413196598712027,6554
18934,-18.63700000000000045,11.67648814532830670,6555
18935,-20.54400000000000048,11.69792376892828045,6556
18936,-19.71199999999999974,11.72475453876273299,6557
18937,-19.07999999999999829,11.74426101053210481,6558
18938,-20.33099999999999952,11.74924073307266958,6559
18939,-19.64900000000000091,11.76451810006830634,6560
18940,-20.29599999999999937,11.76277350025362800,6561
18941,-20.01599999999999824,11.77601018379785458,6562
18942,-18.17999999999999972,11.77758474245152165,6563
18943,-18.23699999999999832,11.78191113079613928,6564
18944,-17.06599999999999895,11.90954719304099285,6566
18945,-19.10000000000000142,12.24289631026408642,6570
18946,-18.04899999999999949,12.05333607176110888,6571
18947,-18.50600000000000023,11.81947192867207796,6573
18948,-22.03699999999999903,11.64621746111033396,6574
18949,-23.38200000000000145,11.63646695430747791,6575
18950,-24.32000000000000028,11.71609429105713218,6576
18951,-24.25199999999999889,11.65594671035130681,6577
18952,-21.07900000000000063,11.61734096148246387,6578
18953,-20.73799999999999955,11.61021729316815865,6579
18954,-19.00900000000000034,11.60475965551369093,6580
18955,-13.14899999999999913,11.60727656308538869,6581
18956,-10.80400000000000027,11.65129981946361148,6582
18957,-10.31300000000000061,11.69369856451344347,6583
18958,-7.24730000000000008,11.72251762482915893,6584
18959,-18.13599999999999923,11.75568849176732655,6585
18960,-24.23300000000000054,11.77780296743182831,6586
18961,-17.15899999999999892,11.77521795387845494,6587
18962,-9.42440000000000033,11.93150034786538960,6588
18963,-16.05399999999999849,12.11799842243940439,6589
18964,-19.43799999999999883,12.21591898772718565,6590
18965,-19.72800000000000153,12.28563514348615726,6591
18966,-20.05999999999999872,12.35865472359741091,1619
18967,-19.23400000000000176,12.36857090809316162,1620
18968,-18.62600000000000122,12.39902494963146573,1621
18969,-18.92899999999999849,12.43286470744629391,1622
18970,-18.71199999999999974,12.45418163994486704,10808
18971,-20.69600000000000151,12.43589132707755773,10809
18972,-20.93599999999999994,12.38841539355064114,10810
18973,-19.06800000000000139,12.37026021354392569,10811
18974,-18.10099999999999909,12.39049239659750690,10812
18975,-20.33200000000000074,12.37420462141784405,10813
18976,-18.49500000000000099,12.35841933164459583,10814
18977,-16.33899999999999864,12.41021526441419986,10815
18978,-13.77699999999999925,12.44750453317709393,10816
18979,-11.61800000000000033,12.58070295402159289,10817
18980,-12.47799999999999976,12.73347827677804034,10818
18981,-13.21700000000000053,12.88920515141436951,10819
18982,-13.79299999999999926,13.06624095998898127,10820
18983,-15.98799999999999955,13.28483896213450244,10821
18984,-21.25199999999999889,13.36930086877720036,19494
18985,-22.08899999999999864,13.34740452784271802,19495
18986,-15.77999999999999936,13.31867521798942988,19496
18987,-14.81799999999999962,13.31538619237796084,10825
18988,-14.94599999999999973,13.37221092298032588,10826
18989,-18.11499999999999844,13.42434699085619698,10827
18990,-18.84299999999999997,13.43090977007296338,19500
18991,-17.20200000000000173,13.40428543114939153,19501
18992,-16.36799999999999855,13.37130795140984496,19502
18993,-17.90599999999999881,13.31583527732907335,19503
18994,-14.86500000000000021,13.22124014137575543,19504
18995,-16.50900000000000034,13.08340333091391194,19505
18996,-16.11400000000000077,12.92492252542281861,19506
18997,-14.66000000000000014,12.80861138016347134,19507
18998,-17.32300000000000040,12.71203837967309269,19508
18999,-15.84699999999999953,12.69955623838150061,19509
19000,-15.90099999999999980,12.72023919746821008,19510
19001,-17.02599999999999980,12.70501153818413087,19511
19002,-15.65300000000000047,12.63050958513560929,19512
19003,-10.71899999999999942,12.57482001977440689,19513
19004,-13.82699999999999996,12.52335933302772730,19514
19005,-14.91699999999999982,12.46517396153718238,19515
19006,-16.09900000000000020,12.41730752476255617,19516
19007,-17.59799999999999898,12.42105968731528520,19517
19008,-14.69699999999999918,12.41702242335976969,19518
19009,-16.21099999999999852,12.37788962717085184,19519
19010,-14.34299999999999997,12.32574569963363587,19520
19011,-12.54700000000000060,12.21092274387804011,19521
19012,-19.27400000000000091,12.01455030626043907,19522
19013,-18.56099999999999994,11.92929188145020092,19523
19014,-18.18599999999999994,11.86368477800546373,19524
19015,-22.51000000000000156,11.77739673365218032,19525
19016,-24.57700000000000173,11.77047273131153560,19526
19017,-22.75199999999999889,11.78062895415176747,19527
19018,-13.90700000000000003,11.56276293695392887,19528
19019,-15.17099999999999937,10.92185057121403702,19529
19020,-16.36199999999999832,10.30149348220822070,19530
19021,-26.42000000000000171,9.86133535360954916,19531
19022,-30.38100000000000023,9.78331810005751379,19532
19023,-34.47999999999999687,9.78575536577282534,19533
19024,-33.12700000000000244,9.67576296378356560,19534
19025,-35.92799999999999727,9.58127964982466196,19535
19026,-32.56900000000000261,9.55478286738317273,19536
19027,-32.84000000000000341,9.62350559767743441,19537
19028,-34.90100000000000335,9.71591950152956230,19538
19029,-32.65299999999999869,9.79174496150637097,19539
19030,-33.04999999999999716,9.78227045609002310,19540
19031,-34.92900000000000205,9.76370026792611512,19541
19032,-33.98899999999999721,9.71179510222833642,19542
19033,-32.68399999999999750,9.61372551012831167,19543
19034,-32.14000000000000057,9.52375495299521724,19544
19035,-34.66499999999999915,9.48604147224792094,19545
19036,-34.06900000000000261,9.39929652790700132,19546
19037,-29.34799999999999898,9.31180923108895264,19547
19038,-27.77400000000000091,9.23825767023745392,19548
19039,-23.35699999999999932,9.13775667318336460,19549
19040,-21.24399999999999977,9.06773038386026897,19550
19041,-19.41900000000000048,9.03174141498278971,19551
19042,-21.17099999999999937,9.03187386537862658,19552
19043,-18.81599999999999895,8.98670251164216616,19553
19044,-20.16400000000000148,8.97906026399469859,19554
19045,-20.24899999999999878,9.00296155753072114,19555
19046,-19.04500000000000171,9.02043596840683826,19556
19047,-19.97100000000000009,9.03544526804237513,19557
19048,-26.90700000000000003,9.06062131466085319,19558
19049,-25.03399999999999892,8.96177298817210577,19559
19050,-36.97599999999999909,8.85925575226469952,19560
19051,-36.33100000000000307,8.58054366152616410,19561
19052,-35.35699999999999932,8.66956649032232818,19562
19053,-26.22100000000000009,8.69129294194280355,19563
19054,-28.21300000000000097,8.64955131324532012,19564
19055,-28.53099999999999881,8.67104365140395217,19565
19056,-29.97200000000000131,8.69206565566397416,19566
19057,-28.96099999999999852,8.73287284133324704,19567
19058,-26.47899999999999920,8.77011582577110893,19568
19059,-28.48199999999999932,8.74751032855173349,19569
19060,-26.41600000000000037,8.78053588834181653,19570
19061,-22.79400000000000048,8.80991061500191819,19571
19062,-22.34499999999999886,8.81508139222513520,19572
19063,-21.50700000000000145,8.82312429116848485,19573
19064,-21.21399999999999864,8.93519648546459599,19574
19065,-22.68199999999999861,8.97416478726985289,19575
19066,-22.74200000000000088,9.03738921873722489,19576
19067,-21.05399999999999849,9.67681529649866334,19576
19068,-21.65599999999999881,10.17692411747043124,19577
19069,-20.87500000000000000,10.55357591486359681,19579
19070,-20.26200000000000045,10.62395988962664006,19580
19071,-19.86700000000000088,10.62356972175184566,19581
19072,-21.13100000000000023,10.87503277471489227,19582
19073,-19.89199999999999946,11.18017707770282598,19583
19074,-19.30099999999999838,11.32452171220711357,19584
19075,-17.26200000000000045,11.31604212222481642,19585
19076,-19.57199999999999918,11.34813188691057206,19586
19077,-19.98100000000000165,11.39330971635614986,19587
19078,-21.31099999999999994,11.44373465969277781,19588
19079,-24.79899999999999949,11.46398050368645372,19589
19080,-25.17099999999999937,11.46110399706433824,19590
19081,-25.07799999999999940,11.44389097425521484,19591
19082,-25.78600000000000136,11.42633099575012068,19592
19083,-26.99800000000000111,11.44135642862697999,19593
19084,-27.26399999999999935,11.46974014606085213,19594
19085,-27.17800000000000082,11.51330865501515177,19595
19086,-18.14499999999999957,11.50308324016133277,19596
19087,-17.53999999999999915,11.50260980960140778,19597
19088,-20.65099999999999980,11.49630823321311546,19598
19089,-20.37699999999999889,11.49943193997772894,19599
19090,-18.66799999999999926,11.49891920149391922,19600
19091,-17.69800000000000040,11.50015054732590514,19601
19092,-16.14199999999999946,11.51355232902102799,19602
19093,-15.38000000000000078,11.52701150369223093,19603
19094,-16.82300000000000040,11.57025814356339488,19604
19095,-16.56599999999999895,11.60638034418708386,19605
19096,-15.55899999999999928,11.64684499032906828,19606
19097,-16.19099999999999895,11.67958369374076710,19607
19098,-15.00799999999999912,11.69138059171553223,19608
19099,-15.07000000000000028,11.71549149659597866,19609
19100,-15.09200000000000053,11.75219910164352122,19610
19101,-13.58600000000000030,11.81985350431777704,19611
19102,-14.20400000000000063,11.93037534339001837,19612
19103,-17.84400000000000119,12.22406512904318454,19612
19104,-19.37699999999999889,12.49708120425288982,19613
19105,-21.13899999999999935,12.80079373028791601,19614
19106,-20.88299999999999912,13.03085652527009408,19362
19107,-22.86499999999999844,12.83153236863905100,19363
19108,-23.27499999999999858,12.67465853890907113,19364
19109,-23.35600000000000165,12.63702550060061647,19365
19110,-24.05499999999999972,12.63939819850289936,19366
19111,-25.88100000000000023,12.69940133522879933,19367
19112,-27.21099999999999852,12.85005672947086097,19368
19113,-25.12699999999999889,13.05077328872249076,19369
19114,-25.70100000000000051,13.13981227003762697,12473
19115,-32.96399999999999864,13.03528582481429154,12474
19116,-35.33700000000000330,12.88222715018518905,12475
19117,-38.47899999999999920,12.70188902250338003,12476
19118,-28.17999999999999972,12.47810885854534391,12477
19119,-19.29100000000000037,12.39647531561436899,12478
19120,-20.37699999999999889,12.42321249598213484,12479
19121,-22.90899999999999892,12.22731294011953729,19249
19122,-24.42999999999999972,12.20341715168546592,19250
19123,-23.22700000000000031,12.16782446940692353,19251
19124,-22.85900000000000176,12.12154802428758416,19252
19125,-22.20100000000000051,12.05570036869604600,19253
19126,-18.51399999999999935,12.00750629559005134,19254
19127,-18.29599999999999937,11.94778206857268188,19255
19128,-20.59799999999999898,11.95278935411001164,19256
19129,-19.09600000000000009,11.93635507293197229,19257
19130,-14.85500000000000043,11.90619866830600770,19258
19131,-13.73600000000000065,11.85028226589442291,19259
19132,-17.59499999999999886,11.79576070469069293,19260
19133,-17.20799999999999841,11.76641462854230902,19261
19134,-18.45299999999999940,11.75681681030281034,19262
19135,-17.69300000000000139,11.75610541272257237,19263
19136,-16.82700000000000173,11.73229877176795455,19264
19137,-17.86700000000000088,11.69650968938502977,19265
19138,-18.07499999999999929,11.67167510931393792,19266
19139,-17.24899999999999878,11.63412801448524014,19267
19140,-16.61799999999999855,11.62857443154203274,19268
19141,-20.79899999999999949,11.61595064933507082,19269
19142,-20.23499999999999943,11.62929957942487036,19270
19143,-33.17099999999999937,11.63229468453376114,19271
19144,-48.64699999999999847,11.70025329981438134,19272
19145,-49.02300000000000324,11.98267872020693758,19273
19146,-47.19700000000000273,12.11712847590221642,12505
19147,-37.68099999999999739,12.03406144067618122,12506
19148,-25.85900000000000176,12.06288247459428220,12507
19149,-16.52400000000000091,12.16141230293773035,12508
19150,-22.32799999999999940,12.22665886292555371,19278
19151,-22.83299999999999841,12.22054202175038284,7760
19152,-23.90500000000000114,12.21498802093591252,7761
19153,-24.37900000000000134,12.17735405338827626,7762
19154,-26.74399999999999977,12.11545377407562185,7763
19155,-26.07600000000000051,12.02710109720471365,7764
19156,-28.83299999999999841,11.95752190115354274,7765
19157,-26.53399999999999892,11.85286277288290435,7766
19158,-25.05900000000000105,11.73105407373870257,7767
19159,-24.36799999999999855,11.68330943974323510,7768
19160,-27.74699999999999989,11.81903747721388775,7769
19161,-34.70199999999999818,11.82781224329922765,7770
19162,-36.94599999999999795,11.83355702296915268,7771
19163,-33.52400000000000091,11.91014523350486698,7772
19164,-32.20199999999999818,12.01591839811865192,19292
19165,-30.58699999999999974,11.87434781501191061,19293
19166,-29.93400000000000105,11.69702736015482536,19294
19167,-29.08299999999999841,11.52902002670526649,19295
19168,-29.24599999999999866,11.34218494527198828,19296
19169,-30.72500000000000142,11.20477809462193264,19297
19170,-31.35300000000000153,11.08345486316288842,19298
19171,-32.81600000000000250,11.11969516002510439,19299
19172,-34.09700000000000131,11.20833194405573963,19300
19173,-38.98499999999999943,11.34905916856640573,19301
19174,-30.23999999999999844,11.55991298662633504,19302
19175,-25.00000000000000000,11.64031242276568179,19303
19176,-22.30099999999999838,11.62724079160888913,19304
19177,-23.65899999999999892,11.53030128493226414,19305
19178,-16.91000000000000014,11.43363660344849286,19306
19179,-14.13599999999999923,11.12461101568673350,19307
19180,-15.55100000000000016,10.63950409509944350,19308
19181,-15.17500000000000071,10.50444335929083373,19309
19182,-11.73000000000000043,10.42792936222750200,19310
19183,-17.34400000000000119,10.37311966402798546,19311
19184,-19.31800000000000139,10.35396338822001283,19312
19185,-20.51699999999999946,10.26968055047154138,19313
19186,-20.67800000000000082,10.17355097023421706,19314
19187,-18.79500000000000171,10.12664907858763286,19315
19188,-18.55900000000000105,10.10500901443908894,19316
19189,-15.89000000000000057,10.09025872301687166,19317
19190,-13.32300000000000040,10.09197326350765955,19318
19191,-9.10950000000000060,10.11324882461775765,19319
19192,-8.03919999999999924,10.14601896453759267,19320
19193,-4.16080000000000005,10.18943550375579932,19321
19194,-4.91230000000000011,10.20070694346081197,19322
19195,-3.74880000000000013,10.43713345287109640,19322
19196,-5.91760000000000019,10.60240460991488476,19324
19197,-7.30499999999999972,10.79120689403903910,19325
19198,-10.29700000000000060,10.88714023583970203,19326
19199,-8.47279999999999944,10.87913515665408504,19327
19200,-10.16999999999999993,10.73945664371305497,19328
19201,-6.49260000000000037,10.43377758916425968,19329
19202,-6.99830000000000041,10.19468325301108536,19330
19203,-5.12600000000000033,10.25338416176056988,19331
19204,-7.07580000000000009,10.47121960363536530,19332
19205,-15.31300000000000061,10.54228898524102398,19333
19206,-22.17399999999999949,10.55278481393960988,19334
19207,-17.26899999999999835,10.54698456397337836,19335
19208,-11.98600000000000065,10.54886133104028012,19336
19209,-11.48799999999999955,10.54753616009916151,19337
19210,-9.60590000000000011,10.58897093439632187,19338
19211,-9.67900000000000027,10.59740731423874749,19339
19212,-16.00900000000000034,10.60594975333654943,19340
19213,-16.94999999999999929,10.60623518856937686,19341
19214,-13.94899999999999984,10.60881466005764651,19342
19215,-16.70299999999999940,10.60258818737224829,19343
19216,-18.75100000000000122,10.60782678048737360,19344
19217,-14.86899999999999977,10.62236450378235730,19345
19218,-14.71799999999999997,10.62616883124897171,19346
19219,-12.46199999999999974,10.68054197237794689,19347
19220,-11.76600000000000001,10.70117177699969169,19348
19221,-13.33000000000000007,10.69191194818479751,19349
19222,-10.83799999999999919,10.67495275074414884,19350
19223,-13.23499999999999943,10.65232501713498259,19351
19224,-12.17500000000000071,10.68381514985802738,19352
19225,-8.23359999999999914,10.83502286217356669,19353
19226,-7.64250000000000007,11.03975721039301128,19354
19227,-6.17959999999999976,11.24855852294352587,19355
19228,-4.19120000000000026,11.39731308309159630,19356
19229,-4.02920000000000034,11.56575723776350273,19357
19230,-4.61599999999999966,11.69879447485751633,19358
19231,-8.37700000000000067,11.89582883172721139,19359
19232,-7.60409999999999986,12.10627363343391139,19360
19233,-7.90969999999999995,12.26393755063745417,19361
19234,-6.69470000000000010,12.20245025432447328,19362
19235,-6.62640000000000029,12.46540614387065027,19363
19236,-7.17419999999999991,12.62503422609906067,7844
19237,-8.32109999999999950,12.56441108011962271,7845
19238,-9.80669999999999931,12.57510123628139631,7846
19239,-11.09699999999999953,12.60207198851143851,7847
19240,-9.50680000000000014,12.54868861219877374,7848
19241,-8.38669999999999938,12.45569699782829076,7849
19242,-9.86880000000000024,12.34661283157581124,7850
19243,-8.83990000000000009,12.22850316749685717,7851
19244,-6.78270000000000017,12.08441884802128641,7852
19245,-6.61880000000000024,12.08752414509265982,7853
19246,-12.07699999999999996,12.09821722832791480,7854
19247,-11.97100000000000009,12.11013859231906764,7855
19248,-12.27500000000000036,12.10267354556546771,7856
19249,-15.91200000000000081,12.09712015775383875,7857
19250,-17.46000000000000085,12.07800614993781707,7858
19251,-20.53800000000000026,12.06619417296559504,7859
19252,-21.40700000000000003,12.03490464522516668,7860
19253,-20.04799999999999827,11.95125597893717639,7861
19254,-22.25499999999999901,11.88884288210844176,7862
19255,-21.96600000000000108,11.81277643743941574,7863
19256,-20.32199999999999918,11.79499004530535267,7864
19257,-19.67500000000000071,11.75517284472525503,7865
19258,-21.80399999999999849,11.69593094403190570,7866
19259,-20.20700000000000074,11.61642464757246529,7867
19260,-20.78300000000000125,11.56052428430527712,7868
19261,-21.10099999999999909,11.63595197351942367,7869
19262,-22.66000000000000014,11.61789912074936559,7870
19263,-24.65099999999999980,11.58526289835961975,7871
19264,-22.30900000000000105,11.52079409917303643,7872
19265,-16.05199999999999960,11.49359106513017359,7873
19266,-12.05700000000000038,11.51544677665713579,7874
19267,-13.95800000000000018,11.57244576526562163,7875
19268,-15.40000000000000036,11.62857443154203274,19140
19269,-18.22100000000000009,11.61595064933507082,19141
19270,-20.74699999999999989,11.62929957942487036,19142
19271,-41.59199999999999875,11.63229468453376114,19143
19272,-45.72699999999999676,11.66380875941600870,7880
19273,-41.41299999999999670,11.61079856086627515,7881
19274,-28.19000000000000128,11.60389531547319564,7882
19275,-18.82199999999999918,11.61842300576257792,7883
19276,-17.88500000000000156,11.62342968014201006,7884
19277,-16.24500000000000099,11.64501091160312285,7885
19278,-20.61299999999999955,11.66341722815150739,7886
19279,-25.22899999999999920,11.68748690530740930,7887
19280,-27.53099999999999881,11.71178686153087867,19657
19281,-29.53600000000000136,11.75279257026949331,7889
19282,-31.16400000000000148,11.78433177895921347,7890
19283,-34.53600000000000136,11.78638255009327196,19660
19284,-32.00500000000000256,11.82017180463697947,19661
19285,-20.32000000000000028,11.83060165842334577,7893
19286,-16.66799999999999926,11.83266365288576516,7894
19287,-17.07199999999999918,11.82340346422510535,7895
19288,-18.79599999999999937,11.80650163153898191,19665
19289,-18.04799999999999827,11.81149956436196291,19666
19290,-14.34299999999999997,11.81546361854576510,19667
19291,-11.83000000000000007,11.79903139761185393,19668
19292,-11.41600000000000037,11.78075064755843293,19669
19293,-8.16549999999999976,11.75262429226921945,19670
19294,-8.56639999999999979,11.61873532134593923,19671
19295,-8.23450000000000060,11.31661928660683714,19672
19296,-11.96199999999999974,10.91284567397235961,19673
19297,-14.19899999999999984,10.70946245786476858,19674
19298,-26.73400000000000176,10.57173157098228167,19675
19299,-35.99199999999999733,10.69928062266688507,19676
19300,-39.25900000000000034,10.90588613781103433,19677
19301,-39.39600000000000080,11.13962452448691565,19678
19302,-41.04299999999999926,11.52982404896017776,19679
19303,-39.50800000000000267,11.64031242276568179,19175
19304,-40.48499999999999943,11.62724079160888913,19176
19305,-41.90400000000000347,11.53030128493226414,19177
19306,-40.85099999999999909,11.43363660344849286,19178
19307,-41.22999999999999687,11.12461101568673350,19179
19308,-28.33099999999999952,10.63950409509944350,19180
19309,-24.24099999999999966,10.50444335929083373,19181
19310,-19.22599999999999909,10.42792936222750200,19182
19311,-10.00699999999999967,10.37311966402798546,19183
19312,-6.77299999999999969,10.35396338822001283,19184
19313,-7.72860000000000014,10.26968055047154138,19185
19314,-11.69200000000000017,10.17355097023421706,19186
19315,-11.68399999999999928,10.12664907858763286,19187
19316,-14.06099999999999994,10.10500901443908894,19188
19317,-16.80699999999999861,10.09025872301687166,19189
19318,-13.36299999999999955,10.09197326350765955,19190
19319,-11.68800000000000061,10.11324882461775765,19191
19320,-12.67099999999999937,10.14601896453759267,19192
19321,-13.59399999999999942,10.18943550375579932,19193
19322,-8.90259999999999962,10.20070694346081197,19194
19323,-6.44580000000000020,10.44108882873846333,19195
19324,-1.80970000000000009,10.60240460991488476,19196
19325,-0.14172999999999999,10.79120689403903910,19197
19326,-0.71460999999999997,10.88714023583970203,19198
19327,-1.83390000000000009,10.87913515665408504,19199
19328,-4.59220000000000006,10.73945664371305497,19200
19329,-7.73639999999999972,10.43377758916425968,19201
19330,-6.45380000000000020,10.19468325301108536,19202
19331,-5.92370000000000019,10.25338416176056988,19203
19332,-7.00600000000000023,10.47121960363536530,19204
19333,-16.34499999999999886,10.54228898524102398,19205
19334,-17.35099999999999909,10.55278481393960988,19206
19335,-15.83300000000000018,10.54698456397337836,19207
19336,-9.94599999999999973,10.54886133104028012,19208
19337,-9.13659999999999961,10.54753616009916151,19209
19338,-7.53070000000000039,10.58897093439632187,19210
19339,-12.99699999999999989,10.59740731423874749,19211
19340,-11.77299999999999969,10.60594975333654943,19212
19341,-19.05399999999999849,10.60623518856937686,19213
19342,-18.20100000000000051,10.60881466005764651,19214
19343,-16.55199999999999960,10.60258818737224829,19215
19344,-21.66400000000000148,10.60782678048737360,19216
19345,-19.76200000000000045,10.62236450378235730,19217
19346,-16.40200000000000102,10.62616883124897171,19218
19347,-16.67200000000000060,10.68054197237794689,19219
19348,-16.54599999999999937,10.70117177699969169,19220
19349,-17.39799999999999969,10.69191194818479751,19221
19350,-17.42200000000000060,10.67495275074414884,19222
19351,-15.70899999999999963,10.65232501713498259,19223
19352,-17.28500000000000014,10.68381514985802738,19224
19353,-13.84600000000000009,10.83502286217356669,19225
19354,-12.43800000000000061,11.03975721039301128,19226
19355,-13.66699999999999982,11.24855852294352587,19227
19356,-11.97799999999999976,11.39731308309159630,19228
19357,-12.47000000000000064,11.43530474497873684,11727
19358,-13.42399999999999949,11.43428289180591939,11728
19359,-12.67099999999999937,11.42314572312655585,11729
19360,-14.86800000000000033,11.40758218920585954,11730
19361,-15.28299999999999947,11.40784442907795082,11731
19362,-12.07900000000000063,11.82459306013496203,11732
19363,-12.31300000000000061,12.23981599607772708,11734
19364,-14.05499999999999972,12.41074452919638560,11735
19365,-14.25000000000000000,12.48093467933723311,11736
19366,-14.41999999999999993,12.62001016205914006,11737
19367,-10.67200000000000060,12.69940133522879933,19111
19368,-8.13850000000000051,12.85005672947086097,19112
19369,-8.26820000000000022,13.01451733536235089,11740
19370,-9.20720000000000027,13.13746052890891391,11741
19371,-8.13049999999999962,13.20105089344303018,3855
19372,-11.96700000000000053,13.03082568550984988,3856
19373,-12.90799999999999947,13.00190045674815842,3857
19374,-11.76699999999999946,12.88769371069234992,19118
19375,-14.52899999999999991,12.86518463172738436,19119
19376,-13.85999999999999943,12.87169360937876306,3860
19377,-15.39499999999999957,12.86221469944768536,3861
19378,-14.60999999999999943,12.86012157060772054,3862
19379,-15.83999999999999986,12.86707356051013029,3863
19380,-18.48600000000000065,12.86536861977634061,3864
19381,-16.16100000000000136,12.84144199338979853,3865
19382,-16.01200000000000045,12.88059033721430779,3866
19383,-16.44399999999999906,12.88998700626897076,3867
19384,-18.18100000000000094,12.88633711560117412,3868
19385,-18.18100000000000094,12.87084144717547751,3869
19386,-20.13500000000000156,12.85321987255833420,3870
19387,-17.97800000000000153,12.86157591264031552,3871
19388,-20.26200000000000045,12.94771570499849744,3872
19389,-17.23799999999999955,13.06122171223408124,3873
19390,-17.08500000000000085,13.03747005186756880,13404
19391,-16.93599999999999994,12.95278136100629496,13405
19392,-17.13700000000000045,12.87790384849141390,13406
19393,-17.70200000000000173,12.79667545128975092,13407
19394,-12.09999999999999964,12.72498377434030381,13408
19395,-14.57099999999999973,12.74002961918387022,13409
19396,-11.30499999999999972,12.76557752353414088,13410
19397,-9.58169999999999966,12.66348245188773269,13412
19398,-11.34900000000000020,12.51648955300810506,13413
19399,-35.75600000000000023,12.38092971881184923,13414
19400,-43.54999999999999716,12.47357063653529075,13415
19401,-42.74499999999999744,12.60747624610227824,13416
19402,-27.88299999999999912,12.73003852927389978,13417
19403,-17.35699999999999932,12.66326635254996091,18105
19404,-14.02200000000000024,12.61750818292032505,18106
19405,-13.42600000000000016,12.58631055761308737,18107
19406,-17.71399999999999864,12.57565605478778714,18108
19407,-18.71000000000000085,12.56434385718715241,18109
19408,-23.02700000000000102,12.55864341497035497,18110
19409,-21.04599999999999937,12.53093194210499028,18111
19410,-22.21499999999999986,12.51101298502666559,18112
19411,-17.11400000000000077,12.48031578473420566,18113
19412,-15.53500000000000014,12.45087310360332289,18114
19413,-16.74899999999999878,12.42148138330960983,18115
19414,-14.39199999999999946,12.37546613390039951,18116
19415,-16.02400000000000091,12.35937179330468894,18117
19416,-17.03399999999999892,12.34047417714670658,18118
19417,-15.35399999999999920,12.31680464499251570,18119
19418,-11.24799999999999933,12.31075093618584759,18120
19419,-10.27299999999999969,12.32452217589288956,18121
19420,-9.19960000000000022,12.34825196315766860,18122
19421,-8.61819999999999986,12.38645991734484930,18123
19422,-10.07900000000000063,12.42065433164280286,18124
19423,-19.52299999999999969,12.50218497506889115,18125
19424,-28.51300000000000168,12.54398190016546621,18126
19425,-30.65200000000000102,12.70895095456168811,18127
19426,-32.92900000000000205,12.92792013952121621,18128
19427,-30.51000000000000156,12.92004443492158039,18383
19428,-32.20000000000000284,12.84081814577900005,18384
19429,-31.56700000000000017,12.74741800822037519,18385
19430,-33.85399999999999920,12.65456556747021644,18386
19431,-32.73499999999999943,12.52418634436652844,18387
19432,-37.58400000000000318,12.24536748014059206,12941
19433,-30.01800000000000068,11.82795568319863833,12942
19434,-20.20400000000000063,11.57636880872621354,12943
19435,-15.16900000000000048,11.51446171691693898,12944
19436,-7.56559999999999988,11.54280946754977499,12945
19437,-9.55940000000000012,11.64213750229472133,12946
19438,-8.65080000000000027,11.71439722398539551,12947
19439,-10.04299999999999926,11.79397633188941441,12948
19440,-12.75900000000000034,11.86810198079648337,12949
19441,-18.10800000000000054,11.85256964692147186,12950
19442,-17.22100000000000009,11.77400600625900395,12951
19443,-15.80400000000000027,11.72324736099637477,12952
19444,-12.39499999999999957,11.67883215235210770,12953
19445,-13.08600000000000030,11.69674771947129166,12954
19446,-11.26900000000000013,11.77961673813470789,12955
19447,-10.89100000000000001,11.86215233902362876,12956
19448,-12.16699999999999982,11.95222501201610754,12957
19449,-10.55300000000000082,12.01115353753020010,12958
19450,-10.08500000000000085,12.10821773527848677,12959
19451,-5.99160000000000004,12.28096872364080561,12960
19452,-4.79150000000000009,12.45399706794648331,12961
19453,-7.18440000000000012,12.62112392254304183,12962
19454,-6.83879999999999999,12.58752611626025164,12963
19455,-13.25999999999999979,12.62813719462920581,12964
19456,-11.00500000000000078,12.63172997383271046,12965
19457,-8.55010000000000048,12.61606688944951316,12966
19458,-8.14020000000000010,12.56999332011741899,12967
19459,-7.78420000000000023,12.57658488520096185,12968
19460,-9.91080000000000005,12.05929857453066845,17434
19461,-13.07099999999999973,11.85620148371236482,17435
19462,-21.07700000000000173,11.83532323161785094,17436
19463,-14.59200000000000053,11.79474093551058189,17437
19464,-9.01099999999999923,11.79055052434335060,17438
19465,-7.72660000000000036,11.78615810248563101,17439
19466,-7.34560000000000013,11.79272615272509128,17440
19467,-6.43590000000000018,11.81383172171608287,17441
19468,-8.73629999999999995,11.67564016437157903,6775
19469,-11.64199999999999946,11.38986200908706437,6775
19470,-14.32900000000000063,11.23522846272323328,6776
19471,-11.02599999999999980,11.21883662567013040,6777
19472,-13.29499999999999993,11.24884059295810701,6778
19473,-14.24399999999999977,11.32343685052320481,6779
19474,-15.63799999999999990,11.39111578644700629,6780
19475,-14.30400000000000027,11.46677763830517627,6781
19476,-10.96199999999999974,11.49713787062591841,6782
19477,-11.16399999999999970,11.52645667516758543,6783
19478,-11.32799999999999940,11.56719114212014254,6784
19479,-9.51859999999999928,11.70868584199435070,6785
19480,-10.20299999999999940,11.79396698377189523,6786
19481,-9.43009999999999948,11.95327428674949921,6787
19482,-8.64429999999999943,12.10974171124487064,6788
19483,-10.41999999999999993,12.27907101174119120,6789
19484,-12.58200000000000074,12.46719807631869870,6790
19485,-11.73099999999999987,12.58844374292552182,6791
19486,-9.98019999999999996,12.60290464414189771,6792
19487,-10.18999999999999950,12.63956872749031746,6793
19488,-9.41680000000000028,12.64553800733029298,6794
19489,-9.00089999999999968,12.66134380369152979,6795
19490,-9.06339999999999968,12.68593213268679065,6796
19491,-8.00050000000000061,12.73013648661662600,6797
19492,-8.21540000000000070,12.79170313437793993,6798
19493,-6.46860000000000035,12.85308238744943488,6799
19494,-7.80050000000000043,12.91275054344971274,6800
19495,-7.63910000000000000,12.96041064036605128,6801
19496,-6.87800000000000011,12.79039169179358026,6802
19497,-5.96849999999999969,12.68276184942287088,6803
19498,-6.19510000000000005,12.67250171790178292,6804
19499,-5.13499999999999979,12.68991998282023914,6805
19500,-5.58370000000000033,12.74128833729293042,6806
19501,-8.48969999999999914,12.81694022816087042,6807
19502,-10.47499999999999964,12.98855712629299042,6808
19503,-10.28599999999999959,12.80285141790313652,477
19504,-17.07700000000000173,12.53165366231772637,478
19505,-18.89300000000000068,12.46952038111114014,479
19506,-19.46300000000000097,12.78627151163267328,480
19507,-20.02499999999999858,12.80861138016347134,18997
19508,-15.17999999999999972,12.71203837967309269,18998
19509,-15.93500000000000050,12.69955623838150061,18999
19510,-15.96499999999999986,12.72023919746821008,19000
19511,-18.12800000000000011,12.70501153818413087,19001
19512,-20.63100000000000023,12.63050958513560929,19002
19513,-18.51699999999999946,12.57482001977440689,19003
19514,-20.14199999999999946,12.52335933302772730,19004
19515,-19.57000000000000028,12.46517396153718238,19005
19516,-19.20499999999999829,12.41730752476255617,19006
19517,-19.04799999999999827,12.42105968731528520,19007
19518,-21.49599999999999866,12.41702242335976969,19008
19519,-22.42699999999999960,12.37788962717085184,19009
19520,-24.67999999999999972,12.32574569963363587,19010
19521,-25.95899999999999963,12.21092274387804011,19011
19522,-28.72700000000000031,12.01455030626043907,19012
19523,-27.01899999999999835,11.92929188145020092,19013
19524,-25.28099999999999881,11.86368477800546373,19014
19525,-19.94099999999999895,11.77739673365218032,19015
19526,-16.32700000000000173,11.77047273131153560,19016
19527,-44.69299999999999784,11.78062895415176747,19017
19528,-48.64999999999999858,11.56276293695392887,19018
19529,-47.40100000000000335,10.92185057121403702,19019
19530,-41.47999999999999687,10.30149348220822070,19020
19531,-35.54299999999999926,9.86133535360954916,19021
19532,-22.27299999999999969,9.78331810005751379,19022
19533,-17.69600000000000151,9.78575536577282534,19023
19534,-17.78099999999999881,9.67576296378356560,19024
19535,-21.97400000000000020,9.58127964982466196,19025
19536,-28.46799999999999997,9.55478286738317273,19026
19537,-31.02299999999999969,9.62350559767743441,19027
19538,-25.82199999999999918,9.71591950152956230,19028
19539,-20.17999999999999972,9.79174496150637097,19029
19540,-19.10399999999999920,9.78227045609002310,19030
19541,-19.77299999999999969,9.76370026792611512,19031
19542,-17.10399999999999920,9.71179510222833642,19032
19543,-19.01399999999999935,9.61372551012831167,19033
19544,-22.68299999999999983,9.52375495299521724,19034
19545,-20.95799999999999841,9.48604147224792094,19035
19546,-21.33500000000000085,9.39929652790700132,19036
19547,-17.92599999999999838,9.31180923108895264,19037
19548,-13.71100000000000030,9.23825767023745392,19038
19549,-12.00500000000000078,9.13775667318336460,19039
19550,-13.56799999999999962,9.06773038386026897,19040
19551,-11.53100000000000058,9.03174141498278971,19041
19552,-10.26600000000000001,9.03187386537862658,19042
19553,-9.59309999999999974,8.98670251164216616,19043
19554,-11.21299999999999919,8.97906026399469859,19044
19555,-11.05100000000000016,9.00296155753072114,19045
19556,-11.55300000000000082,9.02043596840683826,19046
19557,-12.27399999999999913,9.03544526804237513,19047
19558,-10.25300000000000011,9.06062131466085319,19048
19559,-9.27669999999999995,8.96177298817210577,19049
19560,-13.77100000000000080,8.85925575226469952,19050
19561,-42.40800000000000125,8.58054366152616410,19051
19562,-48.11200000000000188,8.66956649032232818,19052
19563,-35.34000000000000341,8.69129294194280355,19053
19564,-30.65099999999999980,8.64955131324532012,19054
19565,-31.20299999999999940,8.67104365140395217,19055
19566,-31.60699999999999932,8.69206565566397416,19056
19567,-31.27700000000000102,8.73287284133324704,19057
19568,-33.47899999999999920,8.77011582577110893,19058
19569,-30.75799999999999912,8.74751032855173349,19059
19570,-25.49899999999999878,8.78053588834181653,19060
19571,-23.03200000000000003,8.80991061500191819,19061
19572,-21.94600000000000151,8.81508139222513520,19062
19573,-22.68599999999999994,8.82312429116848485,19063
19574,-23.27100000000000080,8.93519648546459599,19064
19575,-23.15299999999999869,8.97416478726985289,19065
19576,-25.58299999999999841,9.03738921873722489,19066
19577,-23.94999999999999929,9.68227671614484819,19067
19578,-23.13899999999999935,10.20582061075447733,19068
19579,-19.45599999999999952,10.55357591486359681,19069
19580,-19.16700000000000159,10.62395988962664006,19070
19581,-19.79899999999999949,10.62356972175184566,19071
19582,-19.70499999999999829,10.87503277471489227,19072
19583,-18.73400000000000176,11.18017707770282598,19073
19584,-15.31400000000000006,11.32452171220711357,19074
19585,-13.89700000000000024,11.31604212222481642,19075
19586,-19.45700000000000074,11.34813188691057206,19076
19587,-24.85200000000000031,11.39330971635614986,19077
19588,-22.76699999999999946,11.44373465969277781,19078
19589,-23.14699999999999847,11.46398050368645372,19079
19590,-29.02100000000000080,11.46110399706433824,19080
19591,-29.37500000000000000,11.44389097425521484,19081
19592,-28.12199999999999989,11.42633099575012068,19082
19593,-27.70499999999999829,11.44135642862697999,19083
19594,-23.17699999999999960,11.46974014606085213,19084
19595,-17.90399999999999991,11.51330865501515177,19085
19596,-14.83000000000000007,11.50308324016133277,19086
19597,-17.99800000000000111,11.50260980960140778,19087
19598,-18.90599999999999881,11.49630823321311546,19088
19599,-17.23900000000000077,11.49943193997772894,19089
19600,-15.57099999999999973,11.49891920149391922,19090
19601,-12.84800000000000075,11.50015054732590514,19091
19602,-10.91099999999999959,11.51355232902102799,19092
19603,-8.53129999999999988,11.52701150369223093,19093
19604,-7.60989999999999966,11.57025814356339488,19094
19605,-9.35909999999999975,11.60638034418708386,19095
19606,-9.77120000000000033,11.64684499032906828,19096
19607,-8.81099999999999994,11.67958369374076710,19097
19608,-9.03650000000000020,11.69138059171553223,19098
19609,-13.33300000000000018,11.71549149659597866,19099
19610,-11.62700000000000067,11.75219910164352122,19100
19611,-8.84229999999999983,11.81985350431777704,19101
19612,-7.91159999999999997,11.93037534339001837,19102
19613,-6.61960000000000015,12.27459551681644712,19103
19614,-10.82699999999999996,12.58648037256520702,19104
19615,-11.19400000000000084,12.85748636102197118,11639
19616,-11.68599999999999994,12.84865306648942251,11640
19617,-13.30100000000000016,12.82681722311274086,11641
19618,-13.69800000000000040,12.79431262274098913,11642
19619,-12.96499999999999986,12.79807578216505703,11643
19620,-13.41099999999999959,12.82674506110665646,11644
19621,-13.62599999999999945,12.85573204800252967,11645
19622,-16.38599999999999923,12.88693114450997967,11646
19623,-18.83699999999999974,12.91326719609881657,11647
19624,-23.85900000000000176,12.91044099424323832,11648
19625,-24.12600000000000122,12.88831836671366204,11649
19626,-21.03000000000000114,12.83349656774313097,11650
19627,-16.12999999999999901,12.80336516437367855,11651
19628,-16.35999999999999943,12.80946080137714205,11652
19629,-20.19699999999999918,12.80286723663060577,11653
19630,-23.26200000000000045,12.78304442297906363,11654
19631,-24.08699999999999974,12.72440254084100175,11655
19632,-24.14099999999999824,12.67099829774236142,11656
19633,-21.85399999999999920,12.60929435469902771,11657
19634,-22.58200000000000074,12.54777348611517063,11658
19635,-22.11400000000000077,12.48900533629002219,11659
19636,-21.97100000000000009,12.40189392297729043,11660
19637,-20.64900000000000091,12.32681431144290229,11661
19638,-19.31599999999999895,12.26031572510011358,11662
19639,-20.55600000000000094,12.21272199948911030,11663
19640,-10.95299999999999940,12.16287639965264766,11664
19641,-11.13700000000000045,12.15876100999379261,11665
19642,-11.27100000000000080,12.14840653152304562,11666
19643,-8.42539999999999978,12.12570846648449141,11667
19644,-4.94909999999999961,11.98662299700781730,11668
19645,-4.80719999999999992,11.80946998202811571,11669
19646,-6.75429999999999975,11.70439985205665856,11670
19647,-7.11589999999999989,11.69340197005395865,11671
19648,-6.69850000000000012,11.65868194285687665,11672
19649,-11.27699999999999925,11.61240092783693711,11673
19650,-10.99000000000000021,11.56663023511735133,11674
19651,-10.16999999999999993,11.49915141184269274,11675
19652,-10.18299999999999983,11.39783246884071133,11676
19653,-37.04399999999999693,11.16865994944270035,11896
19654,-44.05700000000000216,11.33100249969068685,11678
19655,-44.15899999999999892,11.32459961516154756,11679
19656,-43.64600000000000080,11.30409572051721412,11680
19657,-34.21999999999999886,11.16744929761981808,11681
19658,-27.32600000000000051,11.12021154053057437,11682
19659,-18.31299999999999883,11.15253119176524166,11683
19660,-23.96900000000000119,11.15400855553387593,11684
19661,-23.30300000000000082,11.15528713122408710,11685
19662,-23.51800000000000068,11.14265788511809951,11686
19663,-22.97599999999999909,11.11794656109076307,11687
19664,-22.25900000000000034,11.09781830769437327,11688
19665,-20.50600000000000023,11.07451528013006126,11689
19666,-19.11799999999999855,11.06449319752929128,11690
19667,-18.84799999999999898,11.05161205788841805,11691
19668,-18.70499999999999829,11.19303233314501611,11692
19669,-19.88700000000000045,11.37309281938430772,11692
19670,-24.80900000000000105,11.65238586167951063,11693
19671,-31.26999999999999957,11.61873532134593923,19294
19672,-34.50699999999999790,11.31661928660683714,19295
19673,-31.40800000000000125,10.91284567397235961,19296
19674,-30.08800000000000097,10.70946245786476858,19297
19675,-27.22100000000000009,10.57173157098228167,19298
19676,-28.27899999999999991,10.69928062266688507,19299
19677,-27.48999999999999844,10.90588613781103433,19300
19678,-32.83200000000000074,11.13962452448691565,19301
19679,-31.53699999999999903,11.52982404896017776,19302
19680,-32.07500000000000284,12.02964060590592510,19303
19681,-34.48599999999999710,12.29775565739678811,11798
19682,-36.66299999999999670,12.43998076230971606,11799
19683,-35.03300000000000125,12.72183915466778892,11800
19684,-27.16600000000000037,12.57005067743278381,11604
19685,-22.73300000000000054,12.41131674299306376,11605
19686,-22.16499999999999915,12.35013708324284032,11605
19687,-14.80499999999999972,12.32332446774749002,11606
19688,-15.70199999999999996,12.41060514773699097,11607
19689,-16.60399999999999920,12.41484690367206944,11608
19690,-15.55700000000000038,12.41104573587304749,11609
19691,-9.98830000000000062,12.40550701194203853,11610
19692,-11.24900000000000055,12.36062898254293430,11611
19693,-15.56499999999999950,12.33417463637903744,11612
19694,-14.72499999999999964,12.33935686532968035,11613
19695,-16.15200000000000102,12.31389752671720395,11614
19696,-17.53800000000000026,12.24883869751085008,11615
19697,-12.67399999999999949,12.27584808628781943,11616
19698,-14.28800000000000026,12.26630791317778701,11617
19699,-11.13000000000000078,12.27533584771984110,11618
19700,-12.08699999999999974,12.30365337636825629,11619
19701,-9.81659999999999933,12.32501081971594026,11620
19702,-7.63640000000000008,12.33833608347269362,11621
19703,-5.89730000000000043,12.35840379313619408,11622
19704,-3.59399999999999986,12.32708794836145394,11623
19705,-2.48640000000000017,12.24580608209673294,11624
19706,-5.54410000000000025,12.10453576177799384,11625
19707,-8.06550000000000011,12.00398989110112424,11626
19708,-12.85500000000000043,11.94524769546388931,11627
19709,-15.47600000000000087,11.94411734955612303,11628
19710,-12.89799999999999969,11.95016494547891206,11629
19711,-7.71609999999999996,11.97499206844292807,11630
19712,-11.24900000000000055,11.96694098444725363,11631
19713,-11.94200000000000017,12.00300563424890576,11632
19714,-11.55100000000000016,12.05616784413001064,11633
19715,-10.05300000000000082,12.08452078459911050,16957
19716,-11.48799999999999955,12.03521608966894441,16958
19717,-18.01699999999999946,12.07566972721206433,16959
19718,-15.45599999999999952,12.03356843427569167,16960
19719,-13.31799999999999962,12.01546530538717228,16961
19720,-10.31099999999999994,12.01725427066782181,16962
19721,-3.72489999999999988,12.00932892173673139,16963
19722,-6.85979999999999990,11.77177723106906804,17699
19723,-4.25490000000000013,11.69679716849426221,17700
19724,-3.31530000000000014,11.56911676554736168,17701
19725,-2.52300000000000013,11.47147532440628481,17702
19726,-2.59509999999999996,11.37219363014815343,17703
19727,-3.71269999999999989,11.28067540442390815,17704
19728,-6.70540000000000003,11.25794067419618649,17705
19729,-10.48900000000000077,11.27751564396628048,17706
19730,-12.05599999999999916,11.26563965697442526,17707
19731,-9.62470000000000070,11.26992593742362025,17708
19732,-12.62500000000000000,11.28733337647702761,17709
19733,-10.83699999999999974,11.28333484669430220,17710
19734,-10.30899999999999928,11.28934220221709950,17711
19735,-12.44100000000000072,11.29826859550955476,17712
19736,-13.19800000000000040,11.28842798431417727,17713
19737,-13.14100000000000001,11.28210258845763292,17714
19738,-12.79899999999999949,11.27389669768824199,17715
19739,-10.81400000000000006,11.26119277710581201,17716
19740,-11.83600000000000030,11.27854211356421743,17717
19741,-12.67699999999999960,11.26045708464860517,17718
19742,-11.33300000000000018,11.25980373234770227,17719
19743,-7.46189999999999998,11.44331163286298292,17720
19744,-7.45439999999999969,11.46877673123984920,17721
19745,-6.81270000000000042,11.49696557078077852,17722
19746,-5.04279999999999973,11.53917940640680762,17723
19747,-6.85369999999999990,11.76439306434902399,17724
19748,-8.40119999999999933,11.86537049780987552,17725
19749,-6.77010000000000023,11.90296416136020419,17726
19750,-8.46499999999999986,12.01265089090571436,17727
19751,-12.16399999999999970,12.07709071170921078,17728
19752,-10.78200000000000003,12.10877768284731104,10383
19753,-12.49900000000000055,12.06531216583949373,10384
19754,-13.90099999999999980,12.04164085125020378,10385
19755,-13.63899999999999935,12.01663751043773409,17732
19756,-16.61100000000000065,12.01948395684159721,10387
19757,-17.88400000000000034,12.00824601016542204,10388
19758,-16.84499999999999886,11.97200453168887613,10389
19759,-17.62999999999999901,11.93328627490840432,10390
19760,-13.85100000000000087,11.90157151231655241,10391
19761,-15.46799999999999997,11.88169459495172653,10392
19762,-16.32900000000000063,11.84840345924915894,10393
19763,-18.39499999999999957,11.80615295355780425,10394
19764,-18.64300000000000068,11.75438075092269052,10395
19765,-19.96799999999999997,11.73251774207091813,10396
19766,-20.75100000000000122,11.71896125965785806,10397
19767,-21.10699999999999932,11.71029178615909494,10398
19768,-20.34100000000000108,11.71023693103923868,10399
19769,-21.50900000000000034,11.71510399106422895,10400
19770,-22.99500000000000099,11.63505214023494538,10401
19771,-21.59900000000000020,11.54596020693383629,10402
19772,-17.20400000000000063,11.45953347449102644,10403
19773,-9.52239999999999931,11.46071816542378485,10404
19774,-11.57399999999999984,11.18405797834137694,12663
19775,-22.86400000000000077,10.54013425102031398,12664
19776,-41.30899999999999750,10.44597333329391553,12665
19777,-42.30799999999999983,10.77577835385027250,12666
19778,-39.34499999999999886,10.93971168583886744,12667
19779,-28.32100000000000151,10.94256958410059966,12669
19780,-18.56400000000000006,10.93923278187567405,12671
19781,-16.07199999999999918,11.00990046793453558,12672
19782,-16.49899999999999878,11.05983350408958543,12673
19783,-18.60999999999999943,11.04612936978131721,12674
19784,-21.31599999999999895,11.12564158051316099,12675
19785,-25.03900000000000148,11.22369871735192426,12676
19786,-26.03500000000000014,11.36370170955872183,12677
19787,-26.32100000000000151,11.27933650733526072,8638
19788,-26.60699999999999932,11.26474992199795366,8639
19789,-24.35200000000000031,11.26580538999865766,8639
19790,-26.76699999999999946,11.33426975240999290,8640
19791,-24.59299999999999997,11.42072997129938194,8641
19792,-21.55000000000000071,11.51083689759287587,8642
19793,-22.28200000000000003,11.59314997494500332,8643
19794,-19.14099999999999824,11.68711095021373403,8644
19795,-15.55799999999999983,11.72846540804712134,8645
19796,-15.24699999999999989,11.70879668438669796,8646
19797,-13.29800000000000004,11.68717854177802984,8647
19798,-13.39000000000000057,11.66544848535668066,8648
19799,-14.38499999999999979,11.76962800991601199,8649
19800,-15.14600000000000080,11.77713954966929322,8650
19801,-15.94299999999999962,11.78025366912247129,8650
19802,-15.31600000000000072,11.77900461184153968,8651
19803,-16.57300000000000040,11.80720950941647907,8652
19804,-17.52100000000000080,11.79257818132023239,8653
19805,-17.13599999999999923,11.76344309696118984,8654
19806,-18.36499999999999844,11.76029862435622952,8655
19807,-18.04700000000000060,11.82268649778346692,8656
19808,-17.06800000000000139,11.86662532863849151,8657
19809,-20.69500000000000028,11.91428124831565682,8658
19810,-20.39099999999999824,11.89852932089510240,8659
19811,-18.35699999999999932,11.97723374695159571,8660
19812,-8.88100000000000023,12.09118935855809696,8661
19813,-7.00950000000000006,12.12080025283290929,8662
19814,-8.40349999999999930,12.04855414522073787,8663
19815,-8.67450000000000010,11.94505489812110355,8664
19816,-8.25619999999999976,11.83248327408681178,8665
19817,-8.07559999999999967,11.53932695433931599,8668
19818,-12.84800000000000075,11.32379741363645920,8668
19819,-15.60100000000000087,11.27931013714911224,8669
19820,-15.63899999999999935,11.27595340707173577,8670
19821,-16.10800000000000054,11.26943852723646167,8671
19822,-17.13200000000000145,11.21869835722463016,8672
19823,-14.34399999999999942,11.18806396976294870,8673
19824,-13.99000000000000021,11.17316867600747798,8674
19825,-12.67500000000000071,11.20604704155321230,8675
19826,-13.72700000000000031,11.29757385645340406,8676
19827,-13.97100000000000009,11.38250365460750047,8677
19828,-13.31099999999999994,11.41879084953753143,8678
19829,-13.87100000000000044,11.44711540425303298,8679
19830,-14.01999999999999957,11.44034075925432248,8680
19831,-14.75200000000000067,11.53786894080175607,8681
19832,-13.29100000000000037,11.55019255899351549,8682
19833,-14.16999999999999993,11.56019193552253732,8683
19834,-12.59999999999999964,11.56858027886228157,8684
19835,-11.55199999999999960,11.65073362246095989,8685
19836,-10.06400000000000006,11.70118332852741716,8686
19837,-8.74419999999999931,11.75532662557521313,8687
19838,-9.88579999999999970,12.00899201920391057,8687
19839,-10.62299999999999933,12.55155412571595441,8687
19840,-9.70570000000000022,12.56452999563511597,2022
19841,-9.55250000000000021,12.48957212911681758,2023
19842,-10.35999999999999943,12.52492014330887038,2024
19843,-9.10989999999999966,12.58253408540526230,2025
19844,-7.57399999999999984,12.58257848918159638,2026
19845,-8.72630000000000017,12.59625038032905309,2027
19846,-10.17999999999999972,12.61131788758646977,2028
19847,-9.95410000000000039,12.60518006579449235,2029
19848,-11.52299999999999969,12.61286326927626433,2030
19849,-10.98000000000000043,12.60036625409924582,2031
19850,-10.53299999999999947,12.57522503543007808,2032
19851,-8.73719999999999963,12.59291648232875183,2033
19852,-7.38410000000000011,12.65395129619651193,2034
19853,-9.42120000000000068,12.72329481206203639,12742
19854,-8.48879999999999946,12.75605637039149443,12743
19855,-9.39879999999999960,12.71485990747553174,12746
19856,-11.27100000000000080,12.65847613095662005,12747
19857,-12.09299999999999997,12.66471978120969588,12748
19858,-11.40199999999999925,12.66077016066625305,12749
19859,-14.07499999999999929,12.68017711734919217,12750
19860,-12.26699999999999946,12.70075450602910827,12751
19861,-11.01900000000000013,12.70892989471250267,12752
19862,-10.60299999999999976,12.71124441308713315,12753
19863,-11.29199999999999982,12.84364943786083124,12753
19864,-12.25200000000000067,12.87375649727377258,12754
19865,-13.37299999999999933,12.94181660404159473,12755
19866,-13.30599999999999916,13.01829683594606557,12756
19867,-12.49900000000000055,13.14057783724171991,12757
19868,-13.96599999999999930,13.23556607404156082,2051
19869,-14.55700000000000038,12.97103554458408858,2052
19870,-14.67099999999999937,12.63265082072029877,2053
19871,-13.01399999999999935,12.39065329961184503,2054
19872,-15.78999999999999915,12.27991193560281324,2054
19873,-16.72700000000000031,12.23332778535634624,2055
19874,-15.21299999999999919,12.23075755818092958,2056
19875,-17.20799999999999841,12.13135024606108026,2058
19876,-17.37199999999999989,12.03885913925045337,2059
19877,-19.37800000000000011,12.00085922566226948,2060
19878,-24.59900000000000020,11.90463591503756646,2061
19879,-31.48000000000000043,11.94923079819381329,2062
19880,-23.00000000000000000,12.20708040808858819,2063
19881,-15.67600000000000016,12.40420795537948351,2064
19882,-24.07999999999999829,12.48928792790022335,2064
19883,-26.81599999999999895,12.79575535175620971,2065
19884,-27.15099999999999980,12.80784542515656099,104
19885,-23.77599999999999980,12.75033196086797105,12843
19886,-22.30900000000000105,12.58040314093856971,12843
19887,-24.90399999999999991,12.47597378973102877,12844
19888,-19.49800000000000111,12.43293737673583443,12845
19889,-17.60999999999999943,12.43182267872178492,12846
19890,-16.08099999999999952,12.48181180904023968,12846
19891,-18.38700000000000045,12.32263139317055334,16830
19892,-17.40299999999999869,12.15090429606324385,16831
19893,-18.06500000000000128,12.21550814913793204,16832
19894,-16.77599999999999980,12.29436044995367716,12842
19895,-18.53800000000000026,12.03924069876806868,12843
19896,-16.06200000000000117,11.92711394149739590,12843
19897,-13.67900000000000027,11.85147045685446088,12843
19898,-14.76299999999999990,11.75606956015061044,12844
19899,-17.02499999999999858,11.74364755002756944,12844
19900,-14.58200000000000074,11.74364946663339637,12845
19901,-14.03200000000000003,11.64966944634738333,12844
19902,-14.97199999999999953,11.64950074779082456,12845
19903,-12.03800000000000026,11.62868916833489763,12846
19904,-11.27699999999999925,11.62922581740356165,12846
19905,-11.87800000000000011,11.59358369169506275,12845
19906,-11.35100000000000087,11.54307393113531788,12846
19907,-10.08200000000000074,11.39550747363760941,12854
19908,-9.26650000000000063,11.23695331905538630,12854
19909,-8.64259999999999984,11.08280470638934112,12854
19910,-8.55180000000000007,10.86481735882798283,16830
19911,-8.44020000000000081,10.57046772163229598,16831
19912,-6.17300000000000004,10.62703463679350868,16831
19913,-6.16579999999999995,10.57960419794651408,12854
19914,-5.81580000000000030,10.42402454578946802,12855
19915,-8.96080000000000076,10.26991754401301904,12855
19916,-12.74300000000000033,10.22539130204760660,12856
19917,-11.54100000000000037,10.20544987869374154,12855
19918,-10.65499999999999936,10.18971787665116757,12856
19919,-10.72100000000000009,10.22764009599540636,12857
19920,-9.47639999999999993,10.32940183384548050,12857
19921,-9.58399999999999963,10.31761493112703221,12854
19922,-9.09629999999999939,10.18109940002093872,12854
19923,-8.89310000000000045,10.00375566830024887,12854
19924,-9.76590000000000025,9.80622526563604069,12854
19925,-10.72000000000000064,9.55367077257342068,12854
19926,-12.11599999999999966,9.43678572960612883,12855
19927,-13.75000000000000000,9.33209949348407797,12855
19928,-11.04599999999999937,9.29499044255250695,12855
19929,-11.24699999999999989,9.22980378148870884,12856
19930,-13.92600000000000016,9.18881284149829547,12857
19931,-15.68500000000000050,9.24905232992917625,12856
19932,-9.70819999999999972,9.22924499647550078,12856
19933,-8.56750000000000078,9.20133788082952897,12857
19934,-9.09309999999999974,9.21851035931415197,12857
19935,-9.28320000000000078,9.22134367135923760,12858
19936,-9.20739999999999981,9.28593774634962266,12859
19937,-7.34320000000000039,9.31242611302398160,12858
19938,-8.79630000000000045,9.30236079380067693,12857
19939,-10.36299999999999955,9.24966697848360297,12857
19940,-9.75859999999999950,9.20843938677304585,12857
19941,-12.58000000000000007,9.19259660339929674,12857
19942,-9.11679999999999957,9.14374432335186604,12857
19943,-13.27699999999999925,8.87599860537440755,12854
19944,-14.16200000000000081,8.65764944843744821,12854
19945,-15.12199999999999989,8.47276034723477700,12854
19946,-28.00799999999999912,8.36811254513728642,12855
19947,-20.14900000000000091,8.35661907406079862,12856
19948,-16.86299999999999955,8.34579716075483091,12857
19949,-20.65299999999999869,8.38360903321114392,12858
19950,-17.24800000000000111,8.42586410630706162,12856
19951,-17.77100000000000080,8.38410165532760843,12857
19952,-15.42300000000000004,8.40295545237813357,12858
19953,-16.72100000000000009,8.45915678353950540,12859
19954,-17.18799999999999883,8.55829757831282478,12860
19955,-18.39699999999999847,8.65215129667532423,12861
19956,-18.31899999999999906,8.73994867187745506,12862
19957,-23.79700000000000060,8.81278565543133929,12863
19958,-23.18599999999999994,8.88710659612228326,12864
19959,-20.91000000000000014,8.93164749680917502,12865
19960,-20.50400000000000134,9.00591800217051741,12866
19961,-22.40299999999999869,9.05421184486306885,12867
19962,-22.94800000000000040,9.07484744092984563,6519
19963,-22.92399999999999949,9.03331267315527064,6520
19964,-23.39099999999999824,9.05102953678995803,6521
19965,-21.77299999999999969,9.03703807255879887,6520
19966,-20.27400000000000091,9.06076687357821520,6521
19967,-18.39300000000000068,9.10642967359590649,6522
19968,-15.39300000000000068,9.15300251638619145,6522
19969,-13.15700000000000003,9.17200721069547598,12875
19970,-9.00849999999999973,9.14699264986049698,12876
19971,-9.25670000000000037,9.14558721911583028,12877
19972,-15.22300000000000075,9.17934498062930082,12878
19973,-25.17599999999999838,9.18852554819098799,12879
19974,-14.06700000000000017,9.16395834497758344,12880
19975,-13.67300000000000004,9.18466579376034709,12881
19976,-11.87800000000000011,9.20540043731337398,12882
19977,-12.38000000000000078,9.23649971034477346,12883
19978,-12.65399999999999991,9.26176860834469196,12884
19979,-14.03800000000000026,9.25176709144350085,12897
19980,-15.99600000000000044,9.24396195572936108,12898
19981,-16.71799999999999997,9.24063363094676760,12899
19982,-14.25500000000000078,9.22674661043372524,12891
19983,-16.74599999999999866,9.17634861986578620,12892
19984,-16.50199999999999889,9.15774900941291925,12893
19985,-17.20200000000000173,9.14543122107137840,12894
19986,-16.83099999999999952,9.12876116658915393,12895
19987,-15.66799999999999926,9.11978179226306018,12896
19988,-14.09699999999999953,9.09672968504924562,12897
19989,-15.24900000000000055,9.08171202795561783,12898
19990,-12.39100000000000001,9.07461348088065733,12899
19991,-12.72799999999999976,9.05401480722656160,12897
19992,-12.30300000000000082,9.04451474359974661,12898
19993,-11.66600000000000037,9.06694970430018365,12899
19994,-11.42200000000000060,9.05102929442261228,12900
19995,-8.93660000000000032,9.03317209420064948,12901
19996,-9.16549999999999976,9.00732742561949351,12902
19997,-10.23600000000000065,8.99721404574913564,12903
19998,-24.03800000000000026,8.98431224023779507,12904
19999,-17.65700000000000003,8.97750124798695559,12905
20000,-14.56400000000000006,9.00692761635918338,12906
20001,-16.11599999999999966,9.01478226014747719,12907
20002,-18.31500000000000128,9.02490178257054687,12908
20003,-18.91300000000000026,9.04074465470672273,12909
20004,-20.46000000000000085,9.05558215167524416,12910
20005,-21.40200000000000102,9.07168972129802142,12911
20006,-21.55799999999999983,9.08911584061509181,12912
20007,-20.85300000000000153,9.12049258225074233,12913
20008,-18.79599999999999937,9.14540917102846507,12914
20009,-17.57300000000000040,9.18519143420310336,12915
20010,-17.89300000000000068,9.21288603309194265,12916
20011,-16.25199999999999889,9.24472309063351183,12917
20012,-14.46000000000000085,9.27000863084248472,12918
20013,-15.83600000000000030,9.33382725193951224,12919
20014,-14.32300000000000040,9.43702877241044469,12920
20015,-13.28100000000000058,9.48726936869272741,12921
20016,-10.92900000000000027,9.47309203177693071,12922
20017,-13.56099999999999994,9.49424881481676941,12923
20018,-12.56600000000000072,9.51750005550753819,12924
20019,-11.83300000000000018,9.55146618883417986,12925
20020,-12.59299999999999997,9.58032692207110514,12926
20021,-10.68699999999999939,9.62753849392229277,12927
20022,-9.92270000000000074,9.67286180719162125,12928
20023,-10.63400000000000034,9.73363378715514926,12929
20024,-16.46600000000000108,9.75098449706518799,12930
20025,-18.86599999999999966,9.81373917340561519,12931
20026,-18.95499999999999829,9.85163343825198368,12932
20027,-18.57400000000000162,9.90230193100674683,12933
20028,-17.57999999999999829,9.94053181278489362,12934
20029,-17.69699999999999918,9.96876735708939954,12935
20030,-23.76500000000000057,9.99989839001034397,12936
20031,-19.94800000000000040,10.02043358977774012,12937
20032,-16.37500000000000000,10.05273048892661159,12938
20033,-17.07799999999999940,10.08730467356065574,12939
20034,-18.86499999999999844,10.13876094813164208,12940
